0 0 30 0 0.05
1 0 13 11 0 128 0 0
2 0 13 10 0 128 0 0
3 0 12 11 0 128 0 0
4 0 12 9 0 128 0 0
5 0 11 7 0 128 0 0
6 0 11 6 0 128 0 0
7 0 11 4 0 128 0 0
8 0 11 3 0 128 0 0
9 0 10 3 0 128 0 0
10 0 12 3 0 128 0 0
11 0 14 3 0 128 0 0
12 0 13 3 0 128 0 0
13 0 16 4 0 128 0 0
14 0 22 3 0 128 0 0
15 0 23 4 0 128 0 0
16 0 26 4 0 128 0 0
17 0 28 4 0 128 0 0
18 0 30 3 0 128 0 0
19 0 28 5 0 128 0 0
20 0 27 6 0 128 0 0
21 0 29 5 0 128 0 0
22 0 29 4 0 128 0 0
23 0 31 4 0 128 0 0
24 0 31 3 0 128 0 0
25 0 30 3 0 128 0 0
26 0 30 3 0 128 0 0
27 0 32 3 0 128 0 0
28 0 32 1 0 128 0 0
29 0 31 0 0 128 0 0
30 0 32 1 0 128 0 0
31 0 34 1 0 128 0 0
32 0 32 2 1 128 0 0
33 0 34 2 1 128 0 0
34 0 33 2 2 128 0 0
35 0 29 2 6 128 0 0
36 0 28 2 7 128 0 0
37 0 32 2 7 128 0 0
38 0 33 2 7 128 0 0
39 0 32 2 7 128 0 0
40 0 32 2 7 128 0 0
41 0 29 1 10 128 0 0
42 0 26 2 12 128 0 0
43 0 25 2 13 128 0 0
44 0 22 3 15 128 0 0
45 0 21 3 16 128 0 0
46 0 21 3 16 128 0 0
47 0 20 3 17 128 0 0
48 0 21 2 18 128 0 0
49 0 20 2 19 128 0 0
50 0 19 3 20 128 0 0
51 0 19 2 20 128 0 0
52 0 18 3 20 128 0 0
53 0 17 3 20 128 0 0
54 0 16 3 21 128 0 0
55 0 15 4 21 128 0 0
56 0 14 4 22 128 0 0
57 0 15 5 22 128 0 0
58 0 15 5 22 128 0 0
59 0 15 4 22 128 0 0
60 0 17 4 22 128 0 0
61 0 16 3 23 128 0 0
62 0 18 2 23 128 0 0
63 0 16 2 25 128 0 0
64 0 15 1 26 128 0 0
65 0 14 1 27 128 0 0
66 0 12 1 28 128 0 0
67 0 12 1 28 128 0 0
68 0 14 1 28 128 0 0
69 0 14 1 28 128 0 0
70 0 15 1 29 128 0 0
71 0 15 1 31 128 0 0
72 0 15 1 31 128 0 0
73 0 16 1 32 128 0 0
74 0 16 1 32 128 0 0
75 0 18 0 32 128 0 0
76 0 17 0 33 128 0 0
77 0 16 0 34 128 0 0
78 0 15 1 34 128 0 0
79 0 15 1 34 128 0 0
80 0 14 1 35 128 0 0
81 0 14 1 35 128 0 0
82 0 14 1 35 128 0 0
83 0 14 1 35 128 0 0
84 0 16 1 35 128 0 0
85 0 15 1 36 128 0 0
86 0 15 1 36 128 0 0
87 0 12 0 39 128 0 0
88 0 11 0 40 128 0 0
89 0 11 0 40 128 0 0
90 0 11 0 40 128 0 0
91 0 10 0 41 128 0 0
92 0 8 0 43 128 0 0
93 0 8 0 43 128 0 0
94 0 8 0 43 128 0 0
95 0 8 0 43 128 0 0
96 0 10 0 43 128 0 0
97 0 8 0 45 128 0 0
98 0 8 0 45 128 0 0
99 0 7 0 46 128 0 0
100 0 7 0 46 128 0 0
101 0 7 0 46 128 0 0
102 0 7 0 46 128 0 0
103 0 7 0 46 128 0 0
104 0 7 0 46 128 0 0
105 0 7 0 46 128 0 0
106 0 7 0 46 128 0 0
107 0 7 0 46 128 0 0
108 0 7 0 46 128 0 0
109 0 6 0 47 128 0 0
110 0 6 0 47 128 0 0
111 0 6 0 47 128 0 0
112 0 6 0 47 128 0 0
113 0 6 0 47 128 0 0
114 0 6 0 47 128 0 0
115 0 6 0 47 128 0 0
116 0 5 0 47 128 0 0
117 0 5 0 47 128 0 0
118 0 5 0 47 128 0 0
119 0 5 0 47 128 0 0
120 0 5 0 47 128 0 0
121 0 5 0 47 128 0 0
122 0 5 0 47 128 0 0
123 0 5 0 47 128 0 0
124 0 4 0 48 128 0 0
125 0 4 0 48 128 0 0
126 0 4 0 48 128 0 0
127 0 4 0 48 128 0 0
128 0 4 0 48 128 0 0
129 0 4 0 48 128 0 0
130 0 4 0 48 128 0 0
131 0 4 0 48 128 0 0
132 0 4 0 48 128 0 0
133 0 4 0 48 128 0 0
134 0 4 0 48 128 0 0
135 0 4 0 48 128 0 0
136 0 4 0 48 128 0 0
137 0 3 0 49 128 0 0
138 0 2 0 50 128 0 0
139 0 2 0 50 128 0 0
140 0 2 0 50 128 0 0
141 0 2 0 50 128 0 0
142 0 2 0 50 128 0 0
143 0 2 0 50 128 0 0
144 0 2 0 50 128 0 0
145 0 2 0 50 128 0 0
146 0 2 0 50 128 0 0
147 0 2 0 50 128 0 0
148 0 2 0 50 128 0 0
149 0 2 0 50 128 0 0
150 0 2 0 50 128 0 0
151 0 1 0 51 128 0 0
152 0 1 0 51 128 0 0
153 0 1 0 51 128 0 0
154 0 1 0 51 128 0 0
155 0 1 0 51 128 0 0
156 0 1 0 51 128 0 0
157 0 1 0 51 128 0 0
158 0 1 0 51 128 0 0
159 0 1 0 51 128 0 0
160 0 1 0 51 128 0 0
161 0 1 0 51 128 0 0
162 0 1 0 51 128 0 0
163 0 1 0 51 128 0 0
164 0 1 0 51 128 0 0
165 0 1 0 51 128 0 0
166 0 1 0 51 128 0 0
167 0 1 0 51 128 0 0
168 0 1 0 51 128 0 0
169 0 1 0 51 128 0 0
170 0 1 0 51 128 0 0
171 0 1 0 51 128 0 0
172 0 1 0 51 128 0 0
173 0 1 0 51 128 0 0
174 0 1 0 51 128 0 0
175 0 1 0 51 128 0 0
176 0 1 0 51 128 0 0
177 0 1 0 51 128 0 0
178 0 1 0 51 128 0 0
179 0 1 0 51 128 0 0
180 0 1 0 51 128 0 0
181 0 1 0 51 128 0 0
182 0 1 0 51 128 0 0
183 0 1 0 51 128 0 0
184 0 1 0 51 128 0 0
185 0 1 0 51 128 0 0
186 0 1 0 51 128 0 0
187 0 1 0 51 128 0 0
188 0 1 0 51 128 0 0
189 0 1 0 51 128 0 0
190 0 1 0 51 128 0 0
191 0 1 0 51 128 0 0
192 0 1 0 51 128 0 0
193 0 0 0 52 128 0 0
194 0 0 0 52 128 0 0
195 0 0 0 52 128 0 0
196 0 0 0 52 128 0 0
197 0 0 0 52 128 0 0
198 0 0 0 52 128 0 0
199 0 0 0 52 128 0 0
200 0 0 0 52 128 0 0
201 0 0 0 52 128 0 0
202 0 0 0 52 128 0 0
203 0 0 0 52 128 0 0
204 0 0 0 52 128 0 0
205 0 0 0 52 128 0 0
206 0 0 0 52 128 0 0
207 0 0 0 52 128 0 0
208 0 0 0 52 128 0 0
209 0 0 0 52 128 0 0
210 0 0 0 52 128 0 0
211 0 0 0 52 128 0 0
212 0 0 0 52 128 0 0
213 0 0 0 52 128 0 0
214 0 0 0 52 128 0 0
215 0 0 0 52 128 0 0
216 0 0 0 52 128 0 0
217 0 0 0 52 128 0 0
218 0 0 0 52 128 0 0
219 0 0 0 52 128 0 0
220 0 0 0 52 128 0 0
221 0 0 0 52 128 0 0
222 0 0 0 52 128 0 0
223 0 0 0 52 128 0 0
224 0 0 0 52 128 0 0
225 0 0 0 52 128 0 0
226 0 0 0 52 128 0 0
227 0 0 0 52 128 0 0
228 0 0 0 52 128 0 0
229 0 0 0 52 128 0 0
230 0 0 0 52 128 0 0
231 0 0 0 52 128 0 0
232 0 0 0 52 128 0 0
233 0 0 0 52 128 0 0
234 0 0 0 52 128 0 0
235 0 0 0 52 128 0 0
236 0 0 0 52 128 0 0
237 0 0 0 52 128 0 0
238 0 0 0 52 128 0 0
239 0 0 0 52 128 0 0
240 0 0 0 52 128 0 0
241 0 0 0 52 128 0 0
242 0 0 0 52 128 0 0
243 0 0 0 52 128 0 0
244 0 0 0 52 128 0 0
245 0 0 0 52 128 0 0
246 0 0 0 52 128 0 0
247 0 0 0 52 128 0 0
248 0 0 0 52 128 0 0
249 0 0 0 52 128 0 0
250 0 0 0 52 128 0 0
251 0 0 0 52 128 0 0
252 0 0 0 52 128 0 0
253 0 0 0 52 128 0 0
254 0 0 0 52 128 0 0
255 0 0 0 52 128 0 0
256 0 0 0 52 128 0 0
257 0 0 0 52 128 0 0
258 0 0 0 52 128 0 0
259 0 0 0 52 128 0 0
260 0 0 0 52 128 0 0
261 0 0 0 52 128 0 0
262 0 0 0 52 128 0 0
263 0 0 0 52 128 0 0
264 0 0 0 52 128 0 0
265 0 0 0 52 128 0 0
266 0 0 0 52 128 0 0
267 0 0 0 52 128 0 0
268 0 0 0 52 128 0 0
269 0 0 0 52 128 0 0
270 0 0 0 52 128 0 0
271 0 0 0 52 128 0 0
272 0 0 0 52 128 0 0
273 0 0 0 52 128 0 0
274 0 0 0 52 128 0 0
275 0 0 0 52 128 0 0
276 0 0 0 52 128 0 0
277 0 0 0 52 128 0 0
278 0 0 0 52 128 0 0
279 0 0 0 52 128 0 0
280 0 0 0 52 128 0 0
281 0 0 0 52 128 0 0
282 0 0 0 52 128 0 0
283 0 0 0 52 128 0 0
284 0 0 0 52 128 0 0
285 0 0 0 52 128 0 0
286 0 0 0 52 128 0 0
287 0 0 0 52 128 0 0
288 0 0 0 52 128 0 0
289 0 0 0 52 128 0 0
290 0 0 0 52 128 0 0
291 0 0 0 52 128 0 0
292 0 0 0 52 128 0 0
293 0 0 0 52 128 0 0
294 0 0 0 52 128 0 0
295 0 0 0 52 128 0 0
296 0 0 0 52 128 0 0
297 0 0 0 52 128 0 0
298 0 0 0 52 128 0 0
299 0 0 0 52 128 0 0
300 0 0 0 52 128 0 0
301 0 0 0 52 128 0 0
302 0 0 0 52 128 0 0
303 0 0 0 52 128 0 0
304 0 0 0 52 128 0 0
305 0 0 0 52 128 0 0
306 0 0 0 52 128 0 0
307 0 0 0 52 128 0 0
308 0 0 0 52 128 0 0
309 0 0 0 52 128 0 0
310 0 0 0 52 128 0 0
311 0 0 0 52 128 0 0
312 0 0 0 52 128 0 0
313 0 0 0 52 128 0 0
314 0 0 0 52 128 0 0
315 0 0 0 52 128 0 0
316 0 0 0 52 128 0 0
317 0 0 0 52 128 0 0
318 0 0 0 52 128 0 0
319 0 0 0 52 128 0 0
320 0 0 0 52 128 0 0
321 0 0 0 52 128 0 0
322 0 0 0 52 128 0 0
323 0 0 0 52 128 0 0
324 0 0 0 52 128 0 0
325 0 0 0 52 128 0 0
326 0 0 0 52 128 0 0
327 0 0 0 52 128 0 0
328 0 0 0 52 128 0 0
329 0 0 0 52 128 0 0
330 0 0 0 52 128 0 0
331 0 0 0 52 128 0 0
332 0 0 0 52 128 0 0
333 0 0 0 52 128 0 0
334 0 0 0 52 128 0 0
335 0 0 0 52 128 0 0
336 0 0 0 52 128 0 0
337 0 0 0 52 128 0 0
338 0 0 0 52 128 0 0
339 0 0 0 52 128 0 0
340 0 0 0 52 128 0 0
341 0 0 0 52 128 0 0
342 0 0 0 52 128 0 0
343 0 0 0 52 128 0 0
344 0 0 0 52 128 0 0
345 0 0 0 52 128 0 0
346 0 0 0 52 128 0 0
347 0 0 0 52 128 0 0
348 0 0 0 52 128 0 0
349 0 0 0 52 128 0 0
350 0 0 0 52 128 0 0
351 0 0 0 52 128 0 0
352 0 0 0 52 128 0 0
353 0 0 0 52 128 0 0
354 0 0 0 52 128 0 0
355 0 0 0 52 128 0 0
356 0 0 0 52 128 0 0
357 0 0 0 52 128 0 0
358 0 0 0 52 128 0 0
359 0 0 0 52 128 0 0
360 0 0 0 52 128 0 0
361 0 0 0 52 128 0 0
362 0 0 0 52 128 0 0
363 0 0 0 52 128 0 0
364 0 0 0 52 128 0 0
365 0 0 0 52 128 0 0
366 0 0 0 52 128 0 0
367 0 0 0 52 128 0 0
368 0 0 0 52 128 0 0
369 0 0 0 52 128 0 0
370 0 0 0 52 128 0 0
371 0 0 0 52 128 0 0
372 0 0 0 52 128 0 0
373 0 0 0 52 128 0 0
374 0 0 0 52 128 0 0
375 0 0 0 52 128 0 0
376 0 0 0 52 128 0 0
377 0 0 0 52 128 0 0
378 0 0 0 52 128 0 0
379 0 0 0 52 128 0 0
380 0 0 0 52 128 0 0
381 0 0 0 52 128 0 0
382 0 0 0 52 128 0 0
383 0 0 0 52 128 0 0
384 0 0 0 52 128 0 0
385 0 0 0 52 128 0 0
386 0 0 0 52 128 0 0
387 0 0 0 52 128 0 0
388 0 0 0 52 128 0 0
389 0 0 0 52 128 0 0
390 0 0 0 52 128 0 0
391 0 0 0 52 128 0 0
392 0 0 0 52 128 0 0
393 0 0 0 52 128 0 0
394 0 0 0 52 128 0 0
395 0 0 0 52 128 0 0
396 0 0 0 52 128 0 0
397 0 0 0 52 128 0 0
398 0 0 0 52 128 0 0
399 0 0 0 52 128 0 0
400 0 0 0 52 128 0 0
401 0 0 0 52 128 0 0
402 0 0 0 52 128 0 0
403 0 0 0 52 128 0 0
404 0 0 0 52 128 0 0
405 0 0 0 52 128 0 0
406 0 0 0 52 128 0 0
407 0 0 0 52 128 0 0
408 0 0 0 52 128 0 0
409 0 0 0 52 128 0 0
410 0 0 0 52 128 0 0
411 0 0 0 52 128 0 0
412 0 0 0 52 128 0 0
413 0 0 0 52 128 0 0
414 0 0 0 52 128 0 0
415 0 0 0 52 128 0 0
416 0 0 0 52 128 0 0
417 0 0 0 52 128 0 0
418 0 0 0 52 128 0 0
419 0 0 0 52 128 0 0
420 0 0 0 52 128 0 0
421 0 0 0 52 128 0 0
422 0 0 0 52 128 0 0
423 0 0 0 52 128 0 0
424 0 0 0 52 128 0 0
425 0 0 0 52 128 0 0
426 0 0 0 52 128 0 0
427 0 0 0 52 128 0 0
428 0 0 0 52 128 0 0
429 0 0 0 52 128 0 0
430 0 0 0 52 128 0 0
431 0 0 0 52 128 0 0
432 0 0 0 52 128 0 0
433 0 0 0 52 128 0 0
434 0 0 0 52 128 0 0
435 0 0 0 52 128 0 0
436 0 0 0 52 128 0 0
437 0 0 0 52 128 0 0
438 0 0 0 52 128 0 0
439 0 0 0 52 128 0 0
440 0 0 0 52 128 0 0
441 0 0 0 52 128 0 0
442 0 0 0 52 128 0 0
443 0 0 0 52 128 0 0
444 0 0 0 52 128 0 0
445 0 0 0 52 128 0 0
446 0 0 0 52 128 0 0
447 0 0 0 52 128 0 0
448 0 0 0 52 128 0 0
449 0 0 0 52 128 0 0
450 0 0 0 52 128 0 0
451 0 0 0 52 128 0 0
452 0 0 0 52 128 0 0
453 0 0 0 52 128 0 0
454 0 0 0 52 128 0 0
455 0 0 0 52 128 0 0
456 0 0 0 52 128 0 0
457 0 0 0 52 128 0 0
458 0 0 0 52 128 0 0
459 0 0 0 52 128 0 0
460 0 0 0 52 128 0 0
461 0 0 0 52 128 0 0
462 0 0 0 52 128 0 0
463 0 0 0 52 128 0 0
464 0 0 0 52 128 0 0
465 0 0 0 52 128 0 0
466 0 0 0 52 128 0 0
467 0 0 0 52 128 0 0
468 0 0 0 52 128 0 0
469 0 0 0 52 128 0 0
470 0 0 0 52 128 0 0
471 0 0 0 52 128 0 0
472 0 0 0 52 128 0 0
473 0 0 0 52 128 0 0
474 0 0 0 52 128 0 0
475 0 0 0 52 128 0 0
476 0 0 0 52 128 0 0
477 0 0 0 52 128 0 0
478 0 0 0 52 128 0 0
479 0 0 0 52 128 0 0
480 0 0 0 52 128 0 0
481 0 0 0 52 128 0 0
482 0 0 0 52 128 0 0
483 0 0 0 52 128 0 0
484 0 0 0 52 128 0 0
485 0 0 0 52 128 0 0
486 0 0 0 52 128 0 0
487 0 0 0 52 128 0 0
488 0 0 0 52 128 0 0
489 0 0 0 52 128 0 0
490 0 0 0 52 128 0 0
491 0 0 0 52 128 0 0
492 0 0 0 52 128 0 0
493 0 0 0 52 128 0 0
494 0 0 0 52 128 0 0
495 0 0 0 52 128 0 0
496 0 0 0 52 128 0 0
497 0 0 0 52 128 0 0
498 0 0 0 52 128 0 0
499 0 0 0 52 128 0 0
500 0 0 0 52 128 0 0
501 0 0 0 52 128 0 0
502 0 0 0 52 128 0 0
503 0 0 0 52 128 0 0
504 0 0 0 52 128 0 0
505 0 0 0 52 128 0 0
506 0 0 0 52 128 0 0
507 0 0 0 52 128 0 0
508 0 0 0 52 128 0 0
509 0 0 0 52 128 0 0
510 0 0 0 52 128 0 0
511 0 0 0 52 128 0 0
512 0 0 0 52 128 0 0
513 0 0 0 52 128 0 0
514 0 0 0 52 128 0 0
515 0 0 0 52 128 0 0
516 0 0 0 52 128 0 0
517 0 0 0 52 128 0 0
518 0 0 0 52 128 0 0
519 0 0 0 52 128 0 0
520 0 0 0 52 128 0 0
521 0 0 0 52 128 0 0
522 0 0 0 52 128 0 0
523 0 0 0 52 128 0 0
524 0 0 0 52 128 0 0
525 0 0 0 52 128 0 0
526 0 0 0 52 128 0 0
527 0 0 0 52 128 0 0
528 0 0 0 52 128 0 0
529 0 0 0 52 128 0 0
530 0 0 0 52 128 0 0
531 0 0 0 52 128 0 0
532 0 0 0 52 128 0 0
533 0 0 0 52 128 0 0
534 0 0 0 52 128 0 0
535 0 0 0 52 128 0 0
536 0 0 0 52 128 0 0
537 0 0 0 52 128 0 0
538 0 0 0 52 128 0 0
539 0 0 0 52 128 0 0
540 0 0 0 52 128 0 0
541 0 0 0 52 128 0 0
542 0 0 0 52 128 0 0
543 0 0 0 52 128 0 0
544 0 0 0 52 128 0 0
545 0 0 0 52 128 0 0
546 0 0 0 52 128 0 0
547 0 0 0 52 128 0 0
548 0 0 0 52 128 0 0
549 0 0 0 52 128 0 0
550 0 0 0 52 128 0 0
551 0 0 0 52 128 0 0
552 0 0 0 52 128 0 0
553 0 0 0 52 128 0 0
554 0 0 0 52 128 0 0
555 0 0 0 52 128 0 0
556 0 0 0 52 128 0 0
557 0 0 0 52 128 0 0
558 0 0 0 52 128 0 0
559 0 0 0 52 128 0 0
560 0 0 0 52 128 0 0
561 0 0 0 52 128 0 0
562 0 0 0 52 128 0 0
563 0 0 0 52 128 0 0
564 0 0 0 52 128 0 0
565 0 0 0 52 128 0 0
566 0 0 0 52 128 0 0
567 0 0 0 52 128 0 0
568 0 0 0 52 128 0 0
569 0 0 0 52 128 0 0
570 0 0 0 52 128 0 0
571 0 0 0 52 128 0 0
572 0 0 0 52 128 0 0
573 0 0 0 52 128 0 0
574 0 0 0 52 128 0 0
575 0 0 0 52 128 0 0
576 0 0 0 52 128 0 0
577 0 0 0 52 128 0 0
578 0 0 0 52 128 0 0
579 0 0 0 52 128 0 0
580 0 0 0 52 128 0 0
581 0 0 0 52 128 0 0
582 0 0 0 52 128 0 0
583 0 0 0 52 128 0 0
584 0 0 0 52 128 0 0
585 0 0 0 52 128 0 0
586 0 0 0 52 128 0 0
587 0 0 0 52 128 0 0
588 0 0 0 52 128 0 0
589 0 0 0 52 128 0 0
590 0 0 0 52 128 0 0
591 0 0 0 52 128 0 0
592 0 0 0 52 128 0 0
593 0 0 0 52 128 0 0
594 0 0 0 52 128 0 0
595 0 0 0 52 128 0 0
596 0 0 0 52 128 0 0
597 0 0 0 52 128 0 0
598 0 0 0 52 128 0 0
599 0 0 0 52 128 0 0
600 0 0 0 52 128 0 0
601 0 0 0 52 128 0 0
602 0 0 0 52 128 0 0
603 0 0 0 52 128 0 0
604 0 0 0 52 128 0 0
605 0 0 0 52 128 0 0
606 0 0 0 52 128 0 0
607 0 0 0 52 128 0 0
608 0 0 0 52 128 0 0
609 0 0 0 52 128 0 0
610 0 0 0 52 128 0 0
611 0 0 0 52 128 0 0
612 0 0 0 52 128 0 0
613 0 0 0 52 128 0 0
614 0 0 0 52 128 0 0
615 0 0 0 52 128 0 0
616 0 0 0 52 128 0 0
617 0 0 0 52 128 0 0
618 0 0 0 52 128 0 0
619 0 0 0 52 128 0 0
620 0 0 0 52 128 0 0
621 0 0 0 52 128 0 0
622 0 0 0 52 128 0 0
623 0 0 0 52 128 0 0
624 0 0 0 52 128 0 0
625 0 0 0 52 128 0 0
626 0 0 0 52 128 0 0
627 0 0 0 52 128 0 0
628 0 0 0 52 128 0 0
629 0 0 0 52 128 0 0
630 0 0 0 52 128 0 0
631 0 0 0 52 128 0 0
632 0 0 0 52 128 0 0
633 0 0 0 52 128 0 0
634 0 0 0 52 128 0 0
635 0 0 0 52 128 0 0
636 0 0 0 52 128 0 0
637 0 0 0 52 128 0 0
638 0 0 0 52 128 0 0
639 0 0 0 52 128 0 0
640 0 0 0 52 128 0 0
641 0 0 0 52 128 0 0
642 0 0 0 52 128 0 0
643 0 0 0 52 128 0 0
644 0 0 0 52 128 0 0
645 0 0 0 52 128 0 0
646 0 0 0 52 128 0 0
647 0 0 0 52 128 0 0
648 0 0 0 52 128 0 0
649 0 0 0 52 128 0 0
650 0 0 0 52 128 0 0
651 0 0 0 52 128 0 0
652 0 0 0 52 128 0 0
653 0 0 0 52 128 0 0
654 0 0 0 52 128 0 0
655 0 0 0 52 128 0 0
656 0 0 0 52 128 0 0
657 0 0 0 52 128 0 0
658 0 0 0 52 128 0 0
659 0 0 0 52 128 0 0
660 0 0 0 52 128 0 0
661 0 0 0 52 128 0 0
662 0 0 0 52 128 0 0
663 0 0 0 52 128 0 0
664 0 0 0 52 128 0 0
665 0 0 0 52 128 0 0
666 0 0 0 52 128 0 0
667 0 0 0 52 128 0 0
668 0 0 0 52 128 0 0
669 0 0 0 52 128 0 0
670 0 0 0 52 128 0 0
671 0 0 0 52 128 0 0
672 0 0 0 52 128 0 0
673 0 0 0 52 128 0 0
674 0 0 0 52 128 0 0
675 0 0 0 52 128 0 0
676 0 0 0 52 128 0 0
677 0 0 0 52 128 0 0
678 0 0 0 52 128 0 0
679 0 0 0 52 128 0 0
680 0 0 0 52 128 0 0
681 0 0 0 52 128 0 0
682 0 0 0 52 128 0 0
683 0 0 0 52 128 0 0
684 0 0 0 52 128 0 0
685 0 0 0 52 128 0 0
686 0 0 0 52 128 0 0
687 0 0 0 52 128 0 0
688 0 0 0 52 128 0 0
689 0 0 0 52 128 0 0
690 0 0 0 52 128 0 0
691 0 0 0 52 128 0 0
692 0 0 0 52 128 0 0
693 0 0 0 52 128 0 0
694 0 0 0 52 128 0 0
695 0 0 0 52 128 0 0
696 0 0 0 52 128 0 0
697 0 0 0 52 128 0 0
698 0 0 0 52 128 0 0
699 0 0 0 52 128 0 0
700 0 0 0 52 128 0 0
701 0 0 0 52 128 0 0
702 0 0 0 52 128 0 0
703 0 0 0 52 128 0 0
704 0 0 0 52 128 0 0
705 0 0 0 52 128 0 0
706 0 0 0 52 128 0 0
707 0 0 0 52 128 0 0
708 0 0 0 52 128 0 0
709 0 0 0 52 128 0 0
710 0 0 0 52 128 0 0
711 0 0 0 52 128 0 0
712 0 0 0 52 128 0 0
713 0 0 0 52 128 0 0
714 0 0 0 52 128 0 0
715 0 0 0 52 128 0 0
716 0 0 0 52 128 0 0
717 0 0 0 52 128 0 0
718 0 0 0 52 128 0 0
719 0 0 0 52 128 0 0
720 0 0 0 52 128 0 0
721 0 0 0 52 128 0 0
722 0 0 0 52 128 0 0
723 0 0 0 52 128 0 0
724 0 0 0 52 128 0 0
725 0 0 0 52 128 0 0
726 0 0 0 52 128 0 0
727 0 0 0 52 128 0 0
728 0 0 0 52 128 0 0
729 0 0 0 52 128 0 0
730 0 0 0 52 128 0 0
731 0 0 0 52 128 0 0
732 0 0 0 52 128 0 0
733 0 0 0 52 128 0 0
734 0 0 0 52 128 0 0
735 0 0 0 52 128 0 0
736 0 0 0 52 128 0 0
737 0 0 0 52 128 0 0
738 0 0 0 52 128 0 0
739 0 0 0 52 125 1 2
740 0 0 0 52 125 1 2
741 0 0 0 52 125 1 2
742 0 0 0 52 125 1 2
743 0 0 0 52 125 1 2
744 0 0 0 52 125 1 2
745 0 0 0 52 125 1 2
746 0 0 0 52 125 1 2
747 0 0 0 52 125 1 2
748 0 0 0 52 125 1 2
749 0 0 0 52 125 1 2
750 0 0 0 52 125 1 2
751 0 0 0 52 125 1 2
752 0 0 0 52 125 1 2
753 0 0 0 52 125 1 2
754 0 0 0 52 125 1 2
755 0 0 0 52 125 1 2
756 0 0 0 52 125 1 2
757 0 0 0 52 125 1 2
758 0 0 0 52 125 1 2
759 0 0 0 52 125 1 2
760 0 0 0 52 125 1 2
761 0 0 0 52 125 1 2
762 0 0 0 52 125 1 2
763 0 0 0 52 125 1 2
764 0 0 0 52 125 1 2
765 0 0 0 52 125 1 2
766 0 0 0 52 125 1 2
767 0 0 0 52 125 1 2
768 0 0 0 52 125 1 4
769 0 0 0 52 125 1 4
770 0 0 0 52 126 1 3
771 0 0 0 52 127 1 2
772 0 0 0 52 127 1 2
773 0 0 0 52 127 1 2
774 0 0 0 52 127 1 2
775 0 0 0 52 127 1 2
776 0 0 0 52 127 1 2
777 0 0 0 52 127 1 2
778 0 0 0 52 127 1 2
779 0 0 0 52 127 1 2
780 0 0 0 52 127 1 2
781 0 0 0 52 127 1 2
782 0 0 0 52 127 1 2
783 0 0 0 52 127 1 2
784 0 0 0 52 127 1 2
785 0 0 0 52 127 1 2
786 0 0 0 52 127 1 2
787 0 0 0 52 127 1 2
788 0 0 0 52 124 2 4
789 0 0 0 52 124 2 4
790 0 0 0 52 124 2 4
791 0 0 0 52 124 2 4
792 0 0 0 52 124 2 4
793 0 0 0 52 124 2 4
794 0 0 0 52 124 2 4
795 0 0 0 52 124 2 4
796 0 0 0 52 124 2 4
797 0 0 0 52 124 2 4
798 0 0 0 52 124 2 4
799 0 0 0 52 124 2 4
800 0 0 0 52 124 2 4
801 0 0 0 52 124 2 4
802 0 0 0 52 124 2 4
803 0 0 0 52 124 2 4
804 0 0 0 52 124 2 4
805 0 0 0 52 124 2 4
806 0 0 0 52 124 2 6
807 0 0 0 52 125 2 5
808 0 0 0 52 126 2 4
809 0 0 0 52 126 2 4
810 0 0 0 52 126 2 4
811 0 0 0 52 126 2 4
812 0 0 0 52 126 2 4
813 0 0 0 52 126 2 4
814 0 0 0 52 126 2 4
815 0 0 0 52 126 2 4
816 0 0 0 52 126 2 4
817 0 0 0 52 126 2 6
818 0 0 0 52 127 2 5
819 0 0 0 52 127 2 5
820 0 0 0 52 127 2 5
821 0 0 0 52 127 2 5
822 0 0 0 52 127 2 5
823 0 0 0 52 127 2 5
824 0 0 0 52 127 2 5
825 0 0 0 52 127 2 5
826 0 0 0 52 127 2 5
827 0 0 0 52 128 2 4
828 0 0 0 52 128 2 4
829 0 0 0 52 128 2 4
830 0 0 0 52 128 2 4
831 0 0 0 52 128 2 4
832 0 0 0 52 128 2 4
833 0 0 0 52 128 2 4
834 0 0 0 52 128 2 4
835 0 0 0 52 128 2 4
836 0 0 0 52 128 2 4
837 0 0 0 52 128 2 4
838 0 0 0 52 128 2 4
839 0 0 0 52 128 2 4
840 0 0 0 52 128 2 4
841 0 0 0 52 128 2 4
842 0 0 0 52 128 2 4
843 0 0 0 52 128 2 4
844 0 0 0 52 128 2 6
845 0 0 0 52 128 2 6
846 0 0 0 52 129 2 5
847 0 0 0 52 130 2 4
848 0 0 0 52 130 2 4
849 0 0 0 52 130 2 4
850 0 0 0 52 130 2 4
851 0 0 0 52 130 2 4
852 0 0 0 52 130 2 4
853 0 0 0 52 130 2 4
854 0 0 0 52 130 2 4
855 0 0 0 52 130 2 6
856 0 0 0 52 130 2 6
857 0 0 0 52 131 2 5
858 0 0 0 52 132 2 4
859 0 0 0 52 132 2 4
860 0 0 0 52 132 2 4
861 0 0 0 52 132 2 4
862 0 0 0 52 132 2 4
863 0 0 0 52 132 2 4
864 0 0 0 52 132 2 4
865 0 0 0 52 132 2 4
866 0 0 0 52 132 2 4
867 0 0 0 52 132 2 4
868 0 0 0 52 132 2 4
869 0 0 0 52 132 2 4
870 0 0 0 52 132 2 4
871 0 0 0 52 132 2 4
872 0 0 0 52 132 2 4
873 0 0 0 52 132 2 4
874 0 0 0 52 132 2 4
875 0 0 0 52 132 2 4
876 0 0 0 52 132 2 4
877 0 0 0 52 132 2 4
878 0 0 0 52 132 2 4
879 0 0 0 52 132 2 4
880 0 0 0 52 132 2 4
881 0 0 0 52 132 2 4
882 0 0 0 52 132 2 6
883 0 0 0 52 132 2 6
884 0 0 0 52 132 2 6
885 0 0 0 52 134 2 4
886 0 0 0 52 134 2 4
887 0 0 0 52 134 2 4
888 0 0 0 52 134 2 4
889 0 0 0 52 134 2 4
890 0 0 0 52 134 2 4
891 0 0 0 52 134 2 4
892 0 0 0 52 134 2 4
893 0 0 0 52 134 2 6
894 0 0 0 52 134 2 6
895 0 0 0 52 134 2 6
896 0 0 0 52 135 2 5
897 0 0 0 52 136 2 4
898 0 0 0 52 136 2 4
899 0 0 0 52 136 2 4
900 0 0 0 52 136 2 4
901 0 0 0 52 136 2 4
902 0 0 0 52 136 2 4
903 0 0 0 52 136 2 4
904 0 0 0 52 136 2 4
905 0 0 0 52 136 2 4
906 0 0 0 52 136 2 4
907 0 0 0 52 136 2 4
908 0 0 0 52 136 2 4
909 0 0 0 52 136 2 4
910 0 0 0 52 136 2 4
911 0 0 0 52 136 2 4
912 0 0 0 52 136 2 4
913 0 0 0 52 136 2 4
914 0 0 0 52 136 2 4
915 0 0 0 52 136 2 4
916 0 0 0 52 136 2 4
917 0 0 0 52 136 2 4
918 0 0 0 52 136 2 4
919 0 0 0 52 136 2 4
920 0 0 0 52 136 2 6
921 0 0 0 52 137 2 5
922 0 0 0 52 137 2 5
923 0 0 0 52 137 2 5
924 0 0 0 52 138 2 4
925 0 0 0 52 138 2 4
926 0 0 0 52 138 2 4
927 0 0 0 52 138 2 4
928 0 0 0 52 138 2 4
929 0 0 0 52 138 2 4
930 0 0 0 52 138 2 4
931 0 0 0 52 138 2 6
932 0 0 0 52 138 2 6
933 0 0 0 52 139 2 5
934 0 0 0 52 139 2 5
935 0 0 0 52 140 2 4
936 0 0 0 52 140 2 4
937 0 0 0 52 140 2 4
938 0 0 0 52 140 2 4
939 0 0 0 52 140 2 4
940 0 0 0 52 140 2 4
941 0 0 0 52 140 2 4
942 0 0 0 52 140 2 4
943 0 0 0 52 140 2 4
944 0 0 0 52 140 2 4
945 0 0 0 52 140 2 4
946 0 0 0 52 140 2 4
947 0 0 0 52 140 2 4
948 0 0 0 52 140 2 4
949 0 0 0 52 140 2 4
950 0 0 0 52 140 2 4
951 0 0 0 52 140 2 4
952 0 0 0 52 140 2 4
953 0 0 0 52 140 2 4
954 0 0 0 52 140 2 4
955 0 0 0 52 140 2 4
956 0 0 0 52 140 2 4
957 0 0 0 52 140 2 4
958 0 0 0 52 140 2 6
959 0 0 0 52 140 2 6
960 0 0 0 52 141 2 5
961 0 0 0 52 142 2 4
962 0 0 0 52 142 2 4
963 0 0 0 52 142 2 4
964 0 0 0 52 142 2 4
965 0 0 0 52 142 2 4
966 0 0 0 52 142 2 4
967 0 0 0 52 142 2 4
968 0 0 0 52 142 2 4
969 0 0 0 52 142 2 6
970 0 0 0 52 142 2 6
971 0 0 0 52 142 2 6
972 0 0 0 52 144 2 4
973 0 0 0 52 144 2 4
974 0 0 0 52 144 2 4
975 0 0 0 52 144 2 4
976 0 0 0 52 144 2 4
977 0 0 0 52 144 2 4
978 0 0 0 52 144 2 4
979 0 0 0 52 144 2 4
980 0 0 0 52 144 2 4
981 0 0 0 52 144 2 4
982 0 0 0 52 144 2 4
983 0 0 0 52 144 2 4
984 0 0 0 52 144 2 4
985 0 0 0 52 144 2 4
986 0 0 0 52 144 2 4
987 0 0 0 52 144 2 4
988 0 0 0 52 144 2 4
989 0 0 0 52 144 2 4
990 0 0 0 52 144 2 4
991 0 0 0 52 144 2 4
992 0 0 0 52 144 2 4
993 0 0 0 52 144 2 4
994 0 0 0 52 144 2 4
995 0 0 0 52 144 2 4
996 0 0 0 52 144 2 6
997 0 0 0 52 144 2 6
998 0 0 0 52 144 2 6
999 0 0 0 52 144 2 6
1000 0 0 0 52 146 2 4
1001 0 0 0 52 146 2 4
1002 0 0 0 52 146 2 4
1003 0 0 0 52 146 2 4
1004 0 0 0 52 146 2 4
1005 0 0 0 52 146 2 4
1006 0 0 0 52 146 2 4
1007 0 0 0 52 146 2 6
1008 0 0 0 52 146 2 6
1009 0 0 0 52 147 2 5
1010 0 0 0 52 147 2 5
1011 0 0 0 52 148 2 4
1012 0 0 0 52 148 2 4
1013 0 0 0 52 148 2 4
1014 0 0 0 52 148 2 4
1015 0 0 0 52 148 2 4
1016 0 0 0 52 148 2 4
1017 0 0 0 52 148 2 4
1018 0 0 0 52 148 2 4
1019 0 0 0 52 148 2 4
1020 0 0 0 52 148 2 4
1021 0 0 0 52 148 2 4
1022 0 0 0 52 148 2 4
1023 0 0 0 52 148 2 4
1024 0 0 0 52 148 2 4
1025 0 0 0 52 148 2 4
1026 0 0 0 52 148 2 4
1027 0 0 0 52 148 2 4
1028 0 0 0 52 148 2 4
1029 0 0 0 52 148 2 4
1030 0 0 0 52 148 2 4
1031 0 0 0 52 148 2 4
1032 0 0 0 52 148 2 4
1033 0 0 0 52 148 2 4
1034 0 0 0 52 148 2 6
1035 0 0 0 52 148 2 6
1036 0 0 0 52 148 2 6
1037 0 0 0 52 150 2 4
1038 0 0 0 52 150 2 4
1039 0 0 0 52 150 2 4
1040 0 0 0 52 150 2 4
1041 0 0 0 52 150 2 4
1042 0 0 0 52 150 2 4
1043 0 0 0 52 150 2 4
1044 0 0 0 52 150 2 4
1045 0 0 0 52 150 2 6
1046 0 0 0 52 151 2 5
1047 0 0 0 52 151 2 5
1048 0 0 0 52 151 2 5
1049 0 0 0 52 152 2 4
1050 0 0 0 52 152 2 4
1051 0 0 0 52 152 2 4
1052 0 0 0 52 152 2 4
1053 0 0 0 52 152 2 4
1054 0 0 0 52 152 2 4
1055 0 0 0 52 152 2 4
1056 0 0 0 52 152 2 4
1057 0 0 0 52 152 2 4
1058 0 0 0 52 152 2 4
1059 0 0 0 52 152 2 4
1060 0 0 0 52 152 2 4
1061 0 0 0 52 152 2 4
1062 0 0 0 52 152 2 4
1063 0 0 0 52 152 2 4
1064 0 0 0 52 152 2 4
1065 0 0 0 52 152 2 4
1066 0 0 0 52 152 2 4
1067 0 0 0 52 152 2 4
1068 0 0 0 52 152 2 4
1069 0 0 0 52 152 2 4
1070 0 0 0 52 152 2 4
1071 0 0 0 52 152 2 4
1072 0 0 0 52 152 2 6
1073 0 0 0 52 152 2 6
1074 0 0 0 52 152 2 6
1075 0 0 0 52 152 2 6
1076 0 0 0 52 154 2 4
1077 0 0 0 52 154 2 4
1078 0 0 0 52 154 2 4
1079 0 0 0 52 154 2 4
1080 0 0 0 52 154 2 4
1081 0 0 0 52 154 2 4
1082 0 0 0 52 154 2 4
1083 0 0 0 52 154 2 6
1084 0 0 0 52 154 2 6
1085 0 0 0 52 155 2 5
1086 0 0 0 52 155 2 5
1087 0 0 0 52 156 2 4
1088 0 0 0 52 156 2 4
1089 0 0 0 52 156 2 4
1090 0 0 0 52 156 2 4
1091 0 0 0 52 156 2 4
1092 0 0 0 52 156 2 4
1093 0 0 0 52 156 2 4
1094 0 0 0 52 156 2 4
1095 0 0 0 52 156 2 4
1096 0 0 0 52 156 2 4
1097 0 0 0 52 156 2 4
1098 0 0 0 52 156 2 4
1099 0 0 0 52 156 2 4
1100 0 0 0 52 156 2 4
1101 0 0 0 52 156 2 4
1102 0 0 0 52 156 2 4
1103 0 0 0 52 156 2 4
1104 0 0 0 52 156 2 4
1105 0 0 0 52 156 2 4
1106 0 0 0 52 156 2 4
1107 0 0 0 52 156 2 4
1108 0 0 0 52 156 2 4
1109 0 0 0 52 156 2 4
1110 0 0 0 52 156 2 6
1111 0 0 0 52 156 2 6
1112 0 0 0 52 157 2 5
1113 0 0 0 52 157 2 5
1114 0 0 0 52 157 2 5
1115 0 0 0 52 157 2 5
1116 0 0 0 52 158 2 4
1117 0 0 0 52 158 2 4
1118 0 0 0 52 158 2 4
1119 0 0 0 52 158 2 4
1120 0 0 0 52 158 2 4
1121 0 0 0 52 158 2 6
1122 0 0 0 52 158 2 6
1123 0 0 0 52 160 2 4
1124 0 0 0 52 160 2 4
1125 0 0 0 52 160 2 4
1126 0 0 0 52 160 2 4
1127 0 0 0 52 160 2 4
1128 0 0 0 52 160 2 4
1129 0 0 0 52 160 2 4
1130 0 0 0 52 160 2 4
1131 0 0 0 52 160 2 4
1132 0 0 0 52 160 2 4
1133 0 0 0 52 160 2 4
1134 0 0 0 52 160 2 4
1135 0 0 0 52 160 2 4
1136 0 0 0 52 160 2 4
1137 0 0 0 52 160 2 4
1138 0 0 0 52 160 2 4
1139 0 0 0 52 160 2 4
1140 0 0 0 52 160 2 4
1141 0 0 0 52 160 2 4
1142 0 0 0 52 160 2 4
1143 0 0 0 52 160 2 4
1144 0 0 0 52 160 2 4
1145 0 0 0 52 160 2 4
1146 0 0 0 52 160 2 4
1147 0 0 0 52 160 2 4
1148 0 0 0 52 160 2 6
1149 0 0 0 52 160 2 6
1150 0 0 0 52 161 2 5
1151 0 0 0 52 161 2 5
1152 0 0 0 52 161 2 5
1153 0 0 0 52 161 2 5
1154 0 0 0 52 162 2 4
1155 0 0 0 52 162 2 4
1156 0 0 0 52 162 2 4
1157 0 0 0 52 162 2 4
1158 0 0 0 52 162 2 4
1159 0 0 0 52 162 2 6
1160 0 0 0 52 162 2 6
1161 0 0 0 52 162 2 6
1162 0 0 0 52 163 2 5
1163 0 0 0 52 164 2 4
1164 0 0 0 52 164 2 4
1165 0 0 0 52 164 2 4
1166 0 0 0 52 164 2 4
1167 0 0 0 52 164 2 4
1168 0 0 0 52 164 2 4
1169 0 0 0 52 164 2 4
1170 0 0 0 52 164 2 4
1171 0 0 0 52 164 2 4
1172 0 0 0 52 164 2 4
1173 0 0 0 52 164 2 4
1174 0 0 0 52 164 2 4
1175 0 0 0 52 164 2 4
1176 0 0 0 52 164 2 4
1177 0 0 0 52 164 2 4
1178 0 0 0 52 164 2 4
1179 0 0 0 52 164 2 4
1180 0 0 0 52 164 2 4
1181 0 0 0 52 164 2 4
1182 0 0 0 52 164 2 4
1183 0 0 0 52 164 2 4
1184 0 0 0 52 164 2 4
1185 0 0 0 52 164 2 4
1186 0 0 0 52 164 2 6
1187 0 0 0 52 164 2 6
1188 0 0 0 52 164 2 6
1189 0 0 0 52 165 2 5
1190 0 0 0 52 165 2 5
1191 0 0 0 52 166 2 4
1192 0 0 0 52 166 2 4
1193 0 0 0 52 166 2 4
1194 0 0 0 52 166 2 4
1195 0 0 0 52 166 2 4
1196 0 0 0 52 166 2 4
1197 0 0 0 52 166 2 6
1198 0 0 0 52 166 2 6
1199 0 0 0 52 166 2 6
1200 0 0 0 52 166 2 6
1201 0 0 0 52 168 2 4
1202 0 0 0 52 168 2 4
1203 0 0 0 52 168 2 4
1204 0 0 0 52 168 2 4
1205 0 0 0 52 168 2 4
1206 0 0 0 52 168 2 4
1207 0 0 0 52 168 2 4
1208 0 0 0 52 168 2 4
1209 0 0 0 52 168 2 4
1210 0 0 0 52 168 2 4
1211 0 0 0 52 168 2 4
1212 0 0 0 52 168 2 4
1213 0 0 0 52 168 2 4
1214 0 0 0 52 168 2 4
1215 0 0 0 52 168 2 4
1216 0 0 0 52 168 2 4
1217 0 0 0 52 168 2 4
1218 0 0 0 52 168 2 4
1219 0 0 0 52 168 2 4
1220 0 0 0 52 168 2 4
1221 0 0 0 52 168 2 4
1222 0 0 0 52 168 2 4
1223 0 0 0 52 168 2 4
1224 0 0 0 52 168 2 6
1225 0 0 0 52 168 2 6
1226 0 0 0 52 169 2 5
1227 0 0 0 52 169 2 5
1228 0 0 0 52 170 2 4
1229 0 0 0 52 170 2 4
1230 0 0 0 52 170 2 4
1231 0 0 0 52 170 2 4
1232 0 0 0 52 170 2 4
1233 0 0 0 52 170 2 4
1234 0 0 0 52 170 2 4
1235 0 0 0 52 170 2 6
1236 0 0 0 52 171 2 5
1237 0 0 0 52 171 2 5
1238 0 0 0 52 171 2 5
1239 0 0 0 52 172 2 4
1240 0 0 0 52 172 2 4
1241 0 0 0 52 172 2 4
1242 0 0 0 52 172 2 4
1243 0 0 0 52 172 2 4
1244 0 0 0 52 172 2 4
1245 0 0 0 52 172 2 4
1246 0 0 0 52 172 2 4
1247 0 0 0 52 172 2 4
1248 0 0 0 52 172 2 4
1249 0 0 0 52 172 2 4
1250 0 0 0 52 172 2 4
1251 0 0 0 52 172 2 4
1252 0 0 0 52 172 2 4
1253 0 0 0 52 172 2 4
1254 0 0 0 52 172 2 4
1255 0 0 0 52 172 2 4
1256 0 0 0 52 172 2 4
1257 0 0 0 52 172 2 4
1258 0 0 0 52 172 2 4
1259 0 0 0 52 172 2 4
1260 0 0 0 52 172 2 4
1261 0 0 0 52 172 2 4
1262 0 0 0 52 172 2 6
1263 0 0 0 52 172 2 6
1264 0 0 0 52 173 2 5
1265 0 0 0 52 173 2 5
1266 0 0 0 52 174 2 4
1267 0 0 0 52 174 2 4
1268 0 0 0 52 174 2 4
1269 0 0 0 52 174 2 4
1270 0 0 0 52 174 2 4
1271 0 0 0 52 174 2 4
1272 0 0 0 52 174 2 4
1273 0 0 0 52 174 2 6
1274 0 0 0 52 174 2 6
1275 0 0 0 52 174 2 6
1276 0 0 0 52 176 2 4
1277 0 0 0 52 176 2 4
1278 0 0 0 52 176 2 4
1279 0 0 0 52 176 2 4
1280 0 0 0 52 176 2 4
1281 0 0 0 52 176 2 4
1282 0 0 0 52 176 2 4
1283 0 0 0 52 176 2 4
1284 0 0 0 52 176 2 4
1285 0 0 0 52 176 2 4
1286 0 0 0 52 176 2 4
1287 0 0 0 52 176 2 4
1288 0 0 0 52 176 2 4
1289 0 0 0 52 176 2 4
1290 0 0 0 52 176 2 4
1291 0 0 0 52 176 2 4
1292 0 0 0 52 176 2 4
1293 0 0 0 52 176 2 4
1294 0 0 0 52 176 2 4
1295 0 0 0 52 176 2 4
1296 0 0 0 52 176 2 4
1297 0 0 0 52 176 2 4
1298 0 0 0 52 176 2 4
1299 0 0 0 52 176 2 4
1300 0 0 0 52 176 2 6
1301 0 0 0 52 178 2 4
1302 0 0 0 52 178 2 4
1303 0 0 0 52 178 2 4
1304 0 0 0 52 178 2 4
1305 0 0 0 52 178 2 4
1306 0 0 0 52 178 2 4
1307 0 0 0 52 178 2 4
1308 0 0 0 52 178 2 4
1309 0 0 0 52 178 2 4
1310 0 0 0 52 178 2 4
1311 0 0 0 52 178 2 6
1312 0 0 0 52 178 2 6
1313 0 0 0 52 178 2 6
1314 0 0 0 52 178 2 6
1315 0 0 0 52 179 2 5
1316 0 0 0 52 179 2 5
1317 0 0 0 52 180 2 4
1318 0 0 0 52 180 2 4
1319 0 0 0 52 180 2 4
1320 0 0 0 52 180 2 4
1321 0 0 0 52 180 2 4
1322 0 0 0 52 180 2 4
1323 0 0 0 52 180 2 4
1324 0 0 0 52 180 2 4
1325 0 0 0 52 180 2 4
1326 0 0 0 52 180 2 4
1327 0 0 0 52 180 2 4
1328 0 0 0 52 180 2 4
1329 0 0 0 52 180 2 4
1330 0 0 0 52 180 2 4
1331 0 0 0 52 180 2 4
1332 0 0 0 52 180 2 4
1333 0 0 0 52 180 2 4
1334 0 0 0 52 180 2 4
1335 0 0 0 52 180 2 4
1336 0 0 0 52 180 2 4
1337 0 0 0 52 180 2 4
1338 0 0 0 52 180 2 6
1339 0 0 0 52 180 2 6
1340 0 0 0 52 180 2 6
1341 0 0 0 52 181 2 5
1342 0 0 0 52 181 2 5
1343 0 0 0 52 182 2 4
1344 0 0 0 52 182 2 4
1345 0 0 0 52 182 2 4
1346 0 0 0 52 182 2 4
1347 0 0 0 52 182 2 4
1348 0 0 0 52 182 2 4
1349 0 0 0 52 182 2 6
1350 0 0 0 52 182 2 6
1351 0 0 0 52 183 2 5
1352 0 0 0 52 183 2 5
1353 0 0 0 52 184 2 4
1354 0 0 0 52 184 2 4
1355 0 0 0 52 184 2 4
1356 0 0 0 52 184 2 4
1357 0 0 0 52 184 2 4
1358 0 0 0 52 184 2 4
1359 0 0 0 52 184 2 4
1360 0 0 0 52 184 2 4
1361 0 0 0 52 184 2 4
1362 0 0 0 52 184 2 4
1363 0 0 0 52 184 2 4
1364 1 0 0 51 184 2 4
1365 1 0 0 51 184 2 4
1366 1 0 0 51 184 2 4
1367 1 0 0 51 184 2 4
1368 1 0 0 51 184 2 4
1369 1 0 0 51 184 2 4
1370 1 0 0 51 184 2 4
1371 1 0 0 51 184 2 4
1372 1 0 0 51 184 2 4
1373 1 0 0 51 184 2 4
1374 1 0 0 51 184 2 4
1375 1 0 0 51 184 2 4
1376 1 0 0 51 184 2 6
1377 1 0 0 51 184 2 6
1378 1 0 0 51 184 2 6
1379 1 0 0 51 185 2 5
1380 1 0 0 51 185 2 5
1381 1 0 0 51 186 2 4
1382 1 0 0 51 186 2 4
1383 1 0 0 51 186 2 4
1384 1 0 0 51 186 2 4
1385 1 0 0 51 186 2 4
1386 1 0 0 51 183 3 5
1387 1 0 0 51 183 3 7
1388 1 0 0 51 183 3 7
1389 1 0 0 51 184 3 6
1390 1 0 0 51 184 3 6
1391 1 0 0 51 184 3 6
1392 1 0 0 51 185 3 5
1393 1 0 0 51 185 3 5
1394 1 0 0 51 185 3 5
1395 1 0 0 51 185 3 5
1396 1 0 0 51 185 3 5
1397 1 0 0 51 182 4 6
1398 1 0 0 51 182 4 6
1399 1 0 0 51 182 4 6
1400 1 0 0 51 182 4 6
1401 1 0 0 51 182 4 6
1402 1 0 0 51 182 4 6
1403 1 0 0 51 182 4 6
1404 1 0 0 51 182 4 6
1405 1 0 0 51 182 4 6
1406 1 0 0 51 182 4 6
1407 1 0 0 51 182 4 6
1408 1 0 0 51 182 4 6
1409 1 0 0 51 182 4 6
1410 1 0 0 51 182 4 6
1411 1 0 0 51 182 4 6
1412 1 0 0 51 182 4 6
1413 1 0 0 51 182 4 6
1414 1 0 0 51 182 4 8
1415 1 0 0 51 182 4 9
1416 1 0 0 51 183 4 8
1417 1 0 0 51 183 4 8
1418 1 0 0 51 184 4 7
1419 1 0 0 51 185 4 6
1420 1 0 0 51 185 4 6
1421 1 0 0 51 185 4 6
1422 1 0 0 51 185 4 6
1423 1 0 0 51 185 4 6
1424 1 0 0 51 185 4 7
1425 1 0 0 51 185 4 9
1426 1 0 0 51 185 4 10
1427 1 0 0 51 186 4 9
1428 1 0 0 51 186 4 9
1429 1 0 0 51 187 4 8
1430 1 0 0 51 188 4 7
1431 1 0 0 51 188 4 7
1432 1 0 0 51 188 4 7
1433 1 0 0 51 188 4 7
1434 1 0 0 51 188 4 7
1435 1 0 0 51 188 4 8
1436 1 0 0 51 188 4 8
1437 1 0 0 51 188 4 8
1438 1 0 0 51 188 4 8
1439 1 0 0 51 188 4 8
1440 1 0 0 51 188 4 8
1441 1 0 0 51 188 4 8
1442 1 0 0 51 188 4 8
1443 1 0 0 51 188 4 8
1444 1 0 0 51 188 4 8
1445 1 0 0 51 188 4 8
1446 1 0 0 51 188 4 8
1447 1 0 0 51 188 4 8
1448 1 0 0 51 188 4 8
1449 1 0 0 51 188 4 8
1450 1 0 0 51 188 4 8
1451 1 0 0 51 188 4 8
1452 1 0 0 51 188 4 10
1453 1 0 0 51 188 4 12
1454 1 0 0 51 188 4 12
1455 1 0 0 51 188 4 12
1456 1 0 0 51 191 4 9
1457 1 0 0 51 192 4 8
1458 1 0 0 51 192 4 8
1459 1 0 0 51 192 4 8
1460 1 0 0 51 192 4 8
1461 1 0 0 51 192 4 8
1462 1 0 0 51 192 4 8
1463 1 0 0 51 192 4 10
1464 1 0 0 51 192 4 12
1465 1 0 0 51 192 4 12
1466 1 0 0 51 192 4 12
1467 1 0 0 51 194 4 10
1468 1 0 0 51 195 4 9
1469 1 0 0 51 195 4 9
1470 1 0 0 51 195 4 9
1471 1 0 0 51 195 4 9
1472 1 0 0 51 196 4 8
1473 1 0 0 51 196 4 8
1474 1 0 0 51 196 4 8
1475 1 0 0 51 196 4 8
1476 1 0 0 51 196 4 8
1477 1 0 0 51 196 4 8
1478 1 0 0 51 196 4 8
1479 1 0 0 51 196 4 8
1480 1 0 0 51 196 4 8
1481 1 0 0 51 196 4 8
1482 1 0 0 51 196 4 8
1483 1 0 0 51 196 4 8
1484 1 0 0 51 196 4 8
1485 1 0 0 51 196 4 8
1486 1 0 0 51 196 4 8
1487 1 0 0 51 196 4 8
1488 1 0 0 51 196 4 8
1489 1 0 0 51 196 4 8
1490 1 0 0 51 196 4 10
1491 1 0 0 51 196 4 12
1492 1 0 0 51 197 4 11
1493 1 0 0 51 197 4 11
1494 1 0 0 51 198 4 10
1495 1 0 0 51 200 4 8
1496 1 0 0 51 200 4 8
1497 1 0 0 51 200 4 8
1498 1 0 0 51 200 4 8
1499 1 0 0 51 200 4 8
1500 1 0 0 51 200 4 8
1501 1 0 0 51 200 4 10
1502 1 0 0 51 200 4 12
1503 1 0 0 51 201 4 11
1504 1 0 0 51 201 4 11
1505 1 0 0 51 202 4 10
1506 1 0 0 51 204 4 8
1507 1 0 0 51 204 4 8
1508 1 0 0 51 204 4 8
1509 1 0 0 51 204 4 8
1510 1 0 0 51 204 4 8
1511 1 0 0 51 204 4 8
1512 1 0 0 51 204 4 8
1513 1 0 0 51 204 4 8
1514 1 0 0 51 204 4 8
1515 1 0 0 51 204 4 8
1516 1 0 0 51 204 4 8
1517 1 0 0 51 204 4 8
1518 1 0 0 51 204 4 8
1519 1 0 0 51 204 4 8
1520 1 0 0 51 204 4 8
1521 1 0 0 51 204 4 8
1522 1 0 0 51 204 4 8
1523 1 0 0 51 204 4 8
1524 1 0 0 51 204 4 8
1525 1 0 0 51 204 4 8
1526 1 0 0 51 204 4 8
1527 1 0 0 51 204 4 8
1528 1 0 0 51 204 4 10
1529 1 0 0 51 205 4 11
1530 1 0 0 51 206 4 10
1531 1 0 0 51 206 4 10
1532 1 0 0 51 206 4 10
1533 1 0 0 51 208 4 8
1534 1 0 0 51 208 4 8
1535 1 0 0 51 208 4 8
1536 1 0 0 51 208 4 8
1537 1 0 0 51 208 4 8
1538 1 0 0 51 208 4 8
1539 1 0 0 51 208 4 10
1540 1 0 0 51 208 4 12
1541 1 0 0 51 208 4 12
1542 1 0 0 51 209 4 11
1543 1 0 0 51 210 4 10
1544 1 0 0 51 212 4 8
1545 1 0 0 51 212 4 8
1546 1 0 0 51 212 4 8
1547 1 0 0 51 212 4 8
1548 1 0 0 51 212 4 8
1549 1 0 0 51 212 4 8
1550 1 0 0 51 212 4 8
1551 1 0 0 51 212 4 8
1552 1 0 0 51 212 4 8
1553 1 0 0 51 212 4 8
1554 1 0 0 51 212 4 8
1555 1 0 0 51 212 4 8
1556 1 0 0 51 212 4 8
1557 1 0 0 51 212 4 8
1558 1 0 0 51 212 4 8
1559 1 0 0 51 212 4 8
1560 1 0 0 51 212 4 8
1561 1 0 0 51 212 4 8
1562 1 0 0 51 212 4 8
1563 1 0 0 51 212 4 8
1564 1 0 0 51 212 4 8
1565 1 0 0 51 212 4 8
1566 1 0 0 51 212 4 10
1567 1 0 0 51 212 4 12
1568 1 0 0 51 212 4 12
1569 1 0 0 51 214 4 10
1570 1 0 0 51 214 4 10
1571 1 0 0 51 215 4 9
1572 1 0 0 51 216 4 8
1573 1 0 0 51 216 4 8
1574 1 0 0 51 216 4 8
1575 1 0 0 51 216 4 8
1576 1 0 0 51 216 4 8
1577 1 0 0 51 216 4 10
1578 1 0 0 51 217 4 11
1579 1 0 0 51 217 4 11
1580 1 0 0 51 217 4 11
1581 1 0 0 51 218 4 10
1582 1 0 0 51 219 4 9
1583 1 0 0 51 220 4 8
1584 1 0 0 51 220 4 8
1585 1 0 0 51 220 4 8
1586 1 0 0 51 220 4 8
1587 1 0 0 51 220 4 8
1588 1 0 0 51 220 4 8
1589 1 0 0 51 220 4 8
1590 1 0 0 51 220 4 8
1591 1 0 0 51 220 4 8
1592 1 0 0 51 220 4 8
1593 1 0 0 51 220 4 8
1594 1 0 0 51 220 4 8
1595 1 0 0 51 220 4 8
1596 1 0 0 51 220 4 8
1597 1 0 0 51 220 4 8
1598 1 0 0 51 220 4 8
1599 1 0 0 51 220 4 8
1600 1 0 0 51 220 4 8
1601 1 0 0 51 220 4 8
1602 1 0 0 51 220 4 8
1603 1 0 0 51 220 4 8
1604 1 0 0 51 220 4 10
1605 1 0 0 51 220 4 12
1606 1 0 0 51 220 4 12
1607 1 0 0 51 220 4 12
1608 1 0 0 51 222 4 10
1609 1 0 0 51 224 4 8
1610 1 0 0 51 224 4 8
1611 1 0 0 51 224 4 8
1612 1 0 0 51 224 4 8
1613 1 0 0 51 224 4 8
1614 1 0 0 51 224 4 8
1615 1 0 0 51 224 4 10
1616 1 0 0 51 224 4 12
1617 1 0 0 51 224 4 12
1618 1 0 0 51 224 4 12
1619 1 0 0 51 226 4 10
1620 1 0 0 51 228 4 8
1621 1 0 0 51 228 4 8
1622 1 0 0 51 228 4 8
1623 1 0 0 51 228 4 8
1624 1 0 0 51 228 4 8
1625 1 0 0 51 228 4 8
1626 1 0 0 51 228 4 8
1627 1 0 0 51 228 4 8
1628 1 0 0 51 228 4 8
1629 1 0 0 51 228 4 8
1630 1 0 0 51 228 4 8
1631 1 0 0 51 228 4 8
1632 1 0 0 51 228 4 8
1633 1 0 0 51 228 4 8
1634 1 0 0 51 228 4 8
1635 1 0 0 51 228 4 8
1636 1 0 0 51 228 4 8
1637 1 0 0 51 228 4 8
1638 1 0 0 51 228 4 8
1639 1 0 0 51 228 4 8
1640 1 0 0 51 228 4 8
1641 1 0 0 51 228 4 8
1642 1 0 0 51 228 4 10
1643 1 0 0 51 228 4 12
1644 1 0 0 51 228 4 12
1645 1 0 0 51 229 4 11
1646 1 0 0 51 230 4 10
1647 1 0 0 51 232 4 8
1648 1 0 0 51 232 4 8
1649 2 0 0 50 232 4 8
1650 2 0 0 50 232 4 8
1651 2 0 0 50 232 4 8
1652 2 0 0 50 232 4 8
1653 2 0 0 50 232 4 10
1654 2 0 0 50 232 4 12
1655 2 0 0 50 232 4 12
1656 2 0 0 50 235 4 9
1657 2 0 0 50 235 4 9
1658 2 0 0 50 236 4 8
1659 2 0 0 50 236 4 8
1660 2 0 0 50 236 4 8
1661 2 0 0 50 236 4 8
1662 2 0 0 50 236 4 8
1663 2 0 0 50 236 4 8
1664 2 0 0 50 236 4 8
1665 2 0 0 50 236 4 8
1666 2 0 0 50 236 4 8
1667 2 0 0 50 236 4 8
1668 2 0 0 50 236 4 8
1669 2 0 0 50 236 4 8
1670 2 0 0 50 236 4 8
1671 2 0 0 50 236 4 8
1672 2 0 0 50 236 4 8
1673 2 0 0 50 236 4 8
1674 2 0 0 50 236 4 8
1675 2 0 0 50 236 4 8
1676 2 0 0 50 236 4 8
1677 2 0 0 50 236 4 8
1678 2 0 0 50 236 4 8
1679 2 0 0 50 236 4 8
1680 2 0 0 50 236 4 10
1681 2 0 0 50 236 4 12
1682 2 0 0 50 238 4 10
1683 2 0 0 50 238 4 10
1684 2 0 0 50 240 4 8
1685 2 0 0 50 240 4 8
1686 2 0 0 50 240 4 8
1687 2 0 0 50 240 4 8
1688 2 0 0 50 240 4 8
1689 2 0 0 50 240 4 8
1690 2 0 0 50 240 4 8
1691 2 0 0 50 240 4 10
1692 2 0 0 50 240 4 12
1693 2 0 0 50 240 4 12
1694 2 0 0 50 240 4 12
1695 2 0 0 50 241 4 11
1696 2 0 0 50 243 4 9
1697 2 0 0 50 244 4 8
1698 2 0 0 50 244 4 8
1699 2 0 0 50 244 4 8
1700 2 0 0 50 244 4 8
1701 2 0 0 50 244 4 8
1702 2 0 0 50 244 4 8
1703 2 0 0 50 244 4 8
1704 2 0 0 50 244 4 8
1705 2 0 0 50 244 4 8
1706 2 0 0 50 244 4 8
1707 2 0 0 50 244 4 8
1708 2 0 0 50 244 4 8
1709 2 0 0 50 244 4 8
1710 2 0 0 50 244 4 8
1711 2 0 0 50 244 4 8
1712 2 0 0 50 244 4 8
1713 2 0 0 50 244 4 8
1714 2 0 0 50 244 4 8
1715 2 0 0 50 244 4 8
1716 2 0 0 50 244 4 8
1717 2 0 0 50 244 4 8
1718 2 0 0 50 244 4 10
1719 2 0 0 50 244 4 12
1720 2 0 0 50 245 4 11
1721 2 0 0 50 246 4 10
1722 2 0 0 50 248 4 8
1723 2 0 0 50 248 4 8
1724 2 0 0 50 248 4 8
1725 2 0 0 50 248 4 8
1726 2 0 0 50 248 4 8
1727 2 0 0 50 248 4 8
1728 2 0 0 50 248 4 8
1729 2 0 0 50 248 4 10
1730 2 0 0 50 248 4 12
1731 2 0 0 50 248 4 12
1732 2 0 0 50 248 4 12
1733 2 0 0 50 249 4 11
1734 2 0 0 50 252 4 8
1735 2 0 0 50 252 4 8
1736 2 0 0 50 252 4 8
1737 2 0 0 50 252 4 8
1738 2 0 0 50 252 4 8
1739 2 0 0 50 252 4 8
1740 2 0 0 50 252 4 8
1741 2 0 0 50 252 4 8
1742 2 0 0 50 252 4 8
1743 2 0 0 50 252 4 8
1744 2 0 0 50 252 4 8
1745 2 0 0 50 252 4 8
1746 2 0 0 50 252 4 8
1747 2 0 0 50 252 4 8
1748 2 0 0 50 252 4 8
1749 2 0 0 50 252 4 8
1750 2 0 0 50 252 4 8
1751 2 0 0 50 252 4 8
1752 2 0 0 50 252 4 8
1753 2 0 0 50 252 4 8
1754 2 0 0 50 252 4 8
1755 2 0 0 50 252 4 8
1756 2 0 0 50 252 4 10
1757 2 0 0 50 252 4 12
1758 2 0 0 50 254 4 10
1759 2 0 0 50 254 4 10
1760 2 0 0 50 256 4 8
1761 2 0 0 50 256 4 8
1762 2 0 0 50 256 4 8
1763 2 0 0 50 256 4 8
1764 2 0 0 50 256 4 8
1765 2 0 0 50 256 4 8
1766 2 0 0 50 256 4 8
1767 2 0 0 50 256 4 10
1768 2 0 0 50 256 4 12
1769 2 0 0 50 256 4 12
1770 2 0 0 50 256 4 12
1771 2 0 0 50 257 4 11
1772 2 0 0 50 260 4 8
1773 2 0 0 50 260 4 8
1774 2 0 0 50 260 4 8
1775 2 0 0 50 260 4 8
1776 2 0 0 50 260 4 8
1777 2 0 0 50 260 4 8
1778 2 0 0 50 260 4 8
1779 2 0 0 50 260 4 8
1780 2 0 0 50 260 4 8
1781 2 0 0 50 260 4 8
1782 2 0 0 50 260 4 8
1783 2 0 0 50 260 4 8
1784 2 0 0 50 260 4 8
1785 2 0 0 50 260 4 8
1786 2 0 0 50 260 4 8
1787 2 0 0 50 260 4 8
1788 2 0 0 50 260 4 8
1789 2 0 0 50 260 4 8
1790 2 0 0 50 260 4 8
1791 2 0 0 50 260 4 8
1792 2 0 0 50 260 4 8
1793 2 0 0 50 260 4 8
1794 2 0 0 50 260 4 10
1795 2 0 0 50 260 4 12
1796 2 0 0 50 260 4 12
1797 2 0 0 50 260 4 12
1798 2 0 0 50 261 4 11
1799 2 0 0 50 263 4 9
1800 2 0 0 50 264 4 8
1801 2 0 0 50 264 4 8
1802 2 0 0 50 264 4 8
1803 2 0 0 50 264 4 8
1804 2 0 0 50 264 4 8
1805 2 0 0 50 264 4 10
1806 2 0 0 50 264 4 12
1807 2 0 0 50 264 4 12
1808 2 0 0 50 264 4 12
1809 2 0 0 50 266 4 10
1810 2 0 0 50 268 4 8
1811 2 0 0 50 268 4 8
1812 2 0 0 50 268 4 8
1813 2 0 0 50 268 4 8
1814 2 0 0 50 268 4 8
1815 2 0 0 50 268 4 8
1816 2 0 0 50 268 4 8
1817 2 0 0 50 268 4 8
1818 2 0 0 50 268 4 8
1819 2 0 0 50 268 4 8
1820 2 0 0 50 268 4 8
1821 2 0 0 50 268 4 8
1822 2 0 0 50 268 4 8
1823 2 0 0 50 268 4 8
1824 2 0 0 50 268 4 8
1825 2 0 0 50 268 4 8
1826 2 0 0 50 268 4 8
1827 2 0 0 50 268 4 8
1828 2 0 0 50 268 4 8
1829 2 0 0 50 268 4 8
1830 2 0 0 50 268 4 8
1831 2 0 0 50 268 4 8
1832 2 0 0 50 268 4 10
1833 2 0 0 50 268 4 12
1834 2 0 0 50 268 4 12
1835 2 0 0 50 269 4 11
1836 2 0 0 50 269 4 11
1837 2 0 0 50 271 4 9
1838 2 0 0 50 272 4 8
1839 2 0 0 50 272 4 8
1840 2 0 0 50 272 4 8
1841 2 0 0 50 272 4 8
1842 2 0 0 50 272 4 8
1843 2 0 0 50 272 4 10
1844 2 0 0 50 273 4 11
1845 2 0 0 50 273 4 11
1846 2 0 0 50 273 4 11
1847 2 0 0 50 274 4 10
1848 2 0 0 50 276 4 8
1849 2 0 0 50 276 4 8
1850 2 0 0 50 276 4 8
1851 2 0 0 50 276 4 8
1852 2 0 0 50 276 4 8
1853 2 0 0 50 276 4 8
1854 2 0 0 50 276 4 8
1855 2 0 0 50 276 4 8
1856 2 0 0 50 276 4 8
1857 2 0 0 50 276 4 8
1858 2 0 0 50 276 4 8
1859 2 0 0 50 276 4 8
1860 2 0 0 50 276 4 8
1861 2 0 0 50 276 4 8
1862 2 0 0 50 276 4 8
1863 2 0 0 50 276 4 8
1864 2 0 0 50 276 4 8
1865 2 0 0 50 276 4 8
1866 2 0 0 50 276 4 8
1867 2 0 0 50 276 4 8
1868 2 0 0 50 276 4 8
1869 2 0 0 50 276 4 8
1870 2 0 0 50 276 4 10
1871 2 0 0 50 276 4 12
1872 2 0 0 50 277 4 11
1873 2 0 0 50 277 4 11
1874 2 0 0 50 278 4 10
1875 2 0 0 50 279 4 9
1876 2 0 0 50 280 4 8
1877 2 0 0 50 280 4 8
1878 2 0 0 50 280 4 8
1879 2 0 0 50 280 4 8
1880 2 0 0 50 280 4 8
1881 2 0 0 50 280 4 10
1882 2 0 0 50 280 4 12
1883 2 0 0 50 280 4 12
1884 2 0 0 50 282 4 10
1885 2 0 0 50 283 4 9
1886 2 0 0 50 284 4 8
1887 2 0 0 50 284 4 8
1888 2 0 0 50 284 4 8
1889 2 0 0 50 284 4 8
1890 2 0 0 50 284 4 8
1891 2 0 0 50 281 5 9
1892 2 0 0 50 281 5 9
1893 2 0 0 50 281 5 9
1894 2 0 0 50 281 5 9
1895 2 0 0 50 281 5 9
1896 2 0 0 50 281 5 9
1897 2 0 0 50 281 5 9
1898 2 0 0 50 281 5 9
1899 2 0 0 50 281 5 9
1900 2 0 0 50 281 5 9
1901 2 0 0 50 281 5 9
1902 2 0 0 50 281 5 9
1903 2 0 0 50 281 5 9
1904 2 0 0 50 281 5 9
1905 2 0 0 50 281 5 9
1906 2 0 0 50 281 5 9
1907 2 0 0 50 281 5 9
1908 2 0 0 50 281 5 11
1909 2 0 0 50 281 5 13
1910 2 0 0 50 281 5 13
1911 2 0 0 50 281 5 13
1912 2 0 0 50 284 5 10
1913 2 0 0 50 282 6 10
1914 2 0 0 50 282 6 10
1915 2 0 0 50 282 6 10
1916 2 0 0 50 282 6 10
1917 2 0 0 50 282 6 10
1918 2 0 0 50 282 6 10
1919 2 0 0 50 282 6 12
1920 2 0 0 50 282 6 15
1921 2 0 0 50 282 6 15
1922 2 0 0 50 282 6 15
1923 2 0 0 50 283 6 14
1924 2 0 0 50 287 6 10
1925 2 0 0 50 287 6 10
1926 2 0 0 50 287 6 10
1927 2 0 0 50 287 6 10
1928 2 0 0 50 287 6 10
1929 2 0 0 50 287 6 11
1930 2 0 0 50 287 6 11
1931 2 0 0 50 287 6 11
1932 2 0 0 50 287 6 11
1933 2 0 0 50 287 6 11
1934 2 0 0 50 287 6 11
1935 2 0 0 50 287 6 11
1936 2 0 0 50 287 6 11
1937 2 0 0 50 287 6 11
1938 2 0 0 50 287 6 11
1939 2 0 0 50 287 6 11
1940 2 0 0 50 287 6 11
1941 2 0 0 50 287 6 11
1942 2 0 0 50 287 6 12
1943 2 0 0 50 287 6 12
1944 2 0 0 50 287 6 12
1945 2 0 0 50 288 6 11
1946 2 0 0 50 288 6 13
1947 2 0 0 50 288 6 15
1948 2 0 0 50 288 6 15
1949 2 0 0 50 288 6 15
1950 2 0 0 50 290 6 13
1951 2 0 0 50 292 6 12
1952 2 0 0 50 292 6 12
1953 2 0 0 50 292 6 12
1954 2 0 0 50 292 6 12
1955 2 0 0 50 292 6 12
1956 2 0 0 50 292 6 12
1957 2 0 0 50 292 6 14
1958 2 0 0 50 292 6 18
1959 2 0 0 50 292 6 18
1960 2 0 0 50 292 6 18
1961 2 0 0 50 293 6 17
1962 2 0 0 50 297 6 13
1963 2 0 0 50 297 6 13
1964 2 0 0 50 297 6 13
1965 2 0 0 50 298 6 12
1966 2 0 0 50 298 6 12
1967 2 0 0 50 298 6 12
1968 2 0 0 50 298 6 12
1969 2 0 0 50 298 6 12
1970 2 0 0 50 298 6 12
1971 2 0 0 50 298 6 12
1972 2 0 0 50 298 6 12
1973 2 0 0 50 298 6 12
1974 2 0 0 50 298 6 12
1975 2 0 0 50 298 6 12
1976 2 0 0 50 298 6 12
1977 2 0 0 50 298 6 12
1978 2 0 0 50 298 6 12
1979 2 0 0 50 298 6 12
1980 2 0 0 50 298 6 14
1981 2 0 0 50 298 6 14
1982 2 0 0 50 298 6 14
1983 2 0 0 50 298 6 14
1984 2 0 0 50 300 6 14
1985 2 0 0 50 300 6 16
1986 2 0 0 50 300 6 16
1987 2 0 0 50 300 6 16
1988 2 0 0 50 301 6 15
1989 2 0 0 50 303 6 13
1990 2 0 0 50 304 6 12
1991 2 0 0 50 304 6 12
1992 2 0 0 50 304 6 12
1993 2 0 0 50 304 6 12
1994 2 0 0 50 304 6 12
1995 2 0 0 50 304 6 14
1996 2 0 0 50 304 6 18
1997 2 0 0 50 304 6 18
1998 2 0 0 50 306 6 16
1999 2 0 0 50 307 6 15
2000 2 0 0 50 310 6 12
2001 2 0 0 50 310 6 12
2002 2 0 0 50 310 6 12
2003 2 0 0 50 310 6 12
2004 2 0 0 50 310 6 12
2005 2 0 0 50 310 6 12
2006 2 0 0 50 310 6 12
2007 2 0 0 50 310 6 12
2008 2 0 0 50 310 6 12
2009 2 0 0 50 310 6 12
2010 2 0 0 50 310 6 12
2011 2 0 0 50 310 6 12
2012 2 0 0 50 310 6 12
2013 2 0 0 50 310 6 12
2014 2 0 0 50 310 6 12
2015 2 0 0 50 310 6 12
2016 2 0 0 50 310 6 12
2017 2 0 0 50 310 6 12
2018 2 0 0 50 310 6 14
2019 2 0 0 50 310 6 14
2020 2 0 0 50 310 6 14
2021 2 0 0 50 311 6 13
2022 2 0 0 50 312 6 14
2023 2 0 0 50 312 6 16
2024 2 0 0 50 312 6 16
2025 2 0 0 50 312 6 16
2026 2 0 0 50 314 6 14
2027 2 0 0 50 316 6 12
2028 2 0 0 50 316 6 12
2029 2 0 0 50 316 6 12
2030 2 0 0 50 316 6 12
2031 2 0 0 50 316 6 12
2032 2 0 0 50 316 6 12
2033 2 0 0 50 316 6 14
2034 2 0 0 50 316 6 18
2035 2 0 0 50 316 6 18
2036 2 0 0 50 317 6 17
2037 2 0 0 50 318 6 16
2038 2 0 0 50 320 6 14
2039 2 0 0 50 322 6 12
2040 2 0 0 50 322 6 12
2041 2 0 0 50 322 6 12
2042 2 0 0 50 322 6 12
2043 2 0 0 50 322 6 12
2044 2 0 0 50 322 6 12
2045 2 0 0 50 322 6 12
2046 2 0 0 50 322 6 12
2047 2 0 0 50 322 6 12
2048 2 0 0 50 322 6 12
2049 2 0 0 50 322 6 12
2050 2 0 0 50 322 6 12
2051 2 0 0 50 322 6 12
2052 2 0 0 50 322 6 12
2053 2 0 0 50 322 6 12
2054 2 0 0 50 322 6 12
2055 2 0 0 50 322 6 12
2056 2 0 0 50 322 6 14
2057 2 0 0 50 322 6 14
2058 2 0 0 50 322 6 14
2059 2 0 0 50 323 6 13
2060 3 0 0 49 323 6 15
2061 3 0 0 49 324 6 16
2062 3 0 0 49 324 6 16
2063 3 0 0 49 324 6 16
2064 3 0 0 49 325 6 15
2065 3 0 0 49 327 6 13
2066 3 0 0 49 328 6 12
2067 3 0 0 49 328 6 12
2068 3 0 0 49 328 6 12
2069 3 0 0 49 328 6 12
2070 3 0 0 49 328 6 12
2071 3 0 0 49 328 6 14
2072 3 0 0 49 328 6 18
2073 3 0 0 49 328 6 18
2074 3 0 0 49 328 6 18
2075 3 0 0 49 330 6 16
2076 3 0 0 49 334 6 12
2077 3 0 0 49 334 6 12
2078 3 0 0 49 334 6 12
2079 3 0 0 49 334 6 12
2080 3 0 0 49 334 6 12
2081 3 0 0 49 334 6 12
2082 3 0 0 49 334 6 12
2083 3 0 0 49 334 6 12
2084 3 0 0 49 334 6 12
2085 3 0 0 49 334 6 12
2086 3 0 0 49 334 6 12
2087 3 0 0 49 334 6 12
2088 3 0 0 49 334 6 12
2089 3 0 0 49 334 6 12
2090 3 0 0 49 334 6 12
2091 3 0 0 49 334 6 12
2092 3 0 0 49 334 6 12
2093 3 0 0 49 334 6 12
2094 3 0 0 49 334 6 14
2095 3 0 0 49 334 6 14
2096 3 0 0 49 334 6 14
2097 3 0 0 49 334 6 14
2098 3 0 0 49 335 6 15
2099 3 0 0 49 336 6 16
2100 3 0 0 49 336 6 16
2101 3 0 0 49 336 6 16
2102 3 0 0 49 339 6 13
2103 3 0 0 49 340 6 12
2104 3 0 0 49 340 6 12
2105 3 0 0 49 340 6 12
2106 3 0 0 49 340 6 12
2107 3 0 0 49 340 6 12
2108 3 0 0 49 340 6 12
2109 3 0 0 49 340 6 14
2110 3 0 0 49 340 6 18
2111 3 0 0 49 340 6 18
2112 3 0 0 49 340 6 18
2113 3 0 0 49 341 6 17
2114 3 0 0 49 346 6 12
2115 3 0 0 49 346 6 12
2116 3 0 0 49 346 6 12
2117 3 0 0 49 346 6 12
2118 3 0 0 49 346 6 12
2119 3 0 0 49 346 6 12
2120 3 0 0 49 346 6 12
2121 3 0 0 49 346 6 12
2122 3 0 0 49 346 6 12
2123 3 0 0 49 346 6 12
2124 3 0 0 49 346 6 12
2125 3 0 0 49 346 6 12
2126 3 0 0 49 346 6 12
2127 3 0 0 49 346 6 12
2128 3 0 0 49 346 6 12
2129 3 0 0 49 346 6 12
2130 3 0 0 49 346 6 12
2131 3 0 0 49 346 6 12
2132 3 0 0 49 346 6 14
2133 3 0 0 49 346 6 14
2134 3 0 0 49 346 6 14
2135 3 0 0 49 346 6 14
2136 3 0 0 49 347 6 15
2137 3 0 0 49 348 6 16
2138 3 0 0 49 348 6 16
2139 3 0 0 49 348 6 16
2140 3 0 0 49 349 6 15
2141 3 0 0 49 350 6 14
2142 3 0 0 49 352 6 12
2143 3 0 0 49 352 6 12
2144 3 0 0 49 352 6 12
2145 3 0 0 49 352 6 12
2146 3 0 0 49 352 6 12
2147 3 0 0 49 352 6 14
2148 3 0 0 49 353 6 17
2149 3 0 0 49 353 6 17
2150 3 0 0 49 353 6 17
2151 3 0 0 49 353 6 17
2152 3 0 0 49 357 6 13
2153 3 0 0 49 358 6 12
2154 3 0 0 49 358 6 12
2155 3 0 0 49 358 6 12
2156 3 0 0 49 358 6 12
2157 3 0 0 49 358 6 12
2158 3 0 0 49 358 6 12
2159 3 0 0 49 358 6 12
2160 3 0 0 49 358 6 12
2161 3 0 0 49 358 6 12
2162 3 0 0 49 358 6 12
2163 3 0 0 49 358 6 12
2164 3 0 0 49 358 6 12
2165 3 0 0 49 358 6 12
2166 3 0 0 49 358 6 12
2167 3 0 0 49 358 6 12
2168 3 0 0 49 358 6 12
2169 3 0 0 49 358 6 12
2170 3 0 0 49 358 6 14
2171 3 0 0 49 358 6 14
2172 3 0 0 49 358 6 14
2173 3 0 0 49 359 6 13
2174 3 0 0 49 359 6 15
2175 3 0 0 49 360 6 16
2176 3 0 0 49 360 6 16
2177 3 0 0 49 360 6 16
2178 3 0 0 49 362 6 14
2179 3 0 0 49 364 6 12
2180 3 0 0 49 364 6 12
2181 3 0 0 49 364 6 12
2182 3 0 0 49 364 6 12
2183 3 0 0 49 364 6 12
2184 3 0 0 49 364 6 12
2185 3 0 0 49 364 6 14
2186 3 0 0 49 364 6 18
2187 3 0 0 49 364 6 18
2188 3 0 0 49 364 6 18
2189 3 0 0 49 365 6 17
2190 3 0 0 49 369 6 13
2191 3 0 0 49 370 6 12
2192 3 0 0 49 370 6 12
2193 3 0 0 49 370 6 12
2194 3 0 0 49 370 6 12
2195 3 0 0 49 370 6 12
2196 3 0 0 49 370 6 12
2197 3 0 0 49 370 6 12
2198 3 0 0 49 370 6 12
2199 3 0 0 49 370 6 12
2200 3 0 0 49 370 6 12
2201 3 0 0 49 370 6 12
2202 3 0 0 49 370 6 12
2203 3 0 0 49 370 6 12
2204 3 0 0 49 370 6 12
2205 3 0 0 49 370 6 12
2206 3 0 0 49 370 6 12
2207 3 0 0 49 370 6 12
2208 3 0 0 49 370 6 14
2209 3 0 0 49 370 6 14
2210 3 0 0 49 370 6 14
2211 3 0 0 49 371 6 13
2212 3 0 0 49 371 6 15
2213 3 0 0 49 372 6 16
2214 3 0 0 49 372 6 16
2215 3 0 0 49 372 6 16
2216 3 0 0 49 374 6 14
2217 3 0 0 49 376 6 12
2218 3 0 0 49 376 6 12
2219 3 0 0 49 376 6 12
2220 3 0 0 49 376 6 12
2221 3 0 0 49 376 6 12
2222 3 0 0 49 376 6 12
2223 3 0 0 49 376 6 14
2224 3 0 0 49 376 6 18
2225 3 0 0 49 376 6 18
2226 3 0 0 49 376 6 18
2227 3 0 0 49 378 6 16
2228 3 0 0 49 381 6 13
2229 3 0 0 49 381 6 13
2230 3 0 0 49 382 6 12
2231 3 0 0 49 382 6 12
2232 3 0 0 49 382 6 12
2233 3 0 0 49 382 6 12
2234 3 0 0 49 382 6 12
2235 3 0 0 49 382 6 12
2236 3 0 0 49 382 6 12
2237 3 0 0 49 382 6 12
2238 3 0 0 49 382 6 12
2239 3 0 0 49 382 6 12
2240 3 0 0 49 382 6 12
2241 3 0 0 49 382 6 12
2242 3 0 0 49 382 6 12
2243 3 0 0 49 382 6 12
2244 3 0 0 49 382 6 12
2245 3 0 0 49 382 6 12
2246 3 0 0 49 382 6 14
2247 3 0 0 49 382 6 14
2248 3 0 0 49 382 6 14
2249 3 0 0 49 384 6 12
2250 3 0 0 49 384 6 14
2251 3 0 0 49 384 6 16
2252 3 0 0 49 384 6 16
2253 3 0 0 49 384 6 16
2254 3 0 0 49 386 6 14
2255 3 0 0 49 388 6 12
2256 3 0 0 49 388 6 12
2257 3 0 0 49 388 6 12
2258 3 0 0 49 388 6 12
2259 3 0 0 49 388 6 12
2260 3 0 0 49 388 6 12
2261 3 0 0 49 388 6 14
2262 3 0 0 49 388 6 18
2263 3 0 0 49 388 6 18
2264 3 0 0 49 388 6 18
2265 3 0 0 49 389 6 17
2266 3 0 0 49 393 6 13
2267 3 0 0 49 393 6 13
2268 3 0 0 49 393 6 13
2269 3 0 0 49 394 6 12
2270 3 0 0 49 394 6 12
2271 3 0 0 49 394 6 12
2272 3 0 0 49 394 6 12
2273 3 0 0 49 394 6 12
2274 3 0 0 49 394 6 12
2275 3 0 0 49 394 6 12
2276 3 0 0 49 394 6 12
2277 3 0 0 49 394 6 12
2278 3 0 0 49 394 6 12
2279 3 0 0 49 394 6 12
2280 3 0 0 49 394 6 12
2281 3 0 0 49 394 6 12
2282 3 0 0 49 394 6 12
2283 3 0 0 49 394 6 12
2284 3 0 0 49 394 6 14
2285 3 0 0 49 394 6 14
2286 3 0 0 49 394 6 14
2287 3 0 0 49 394 6 14
2288 3 0 0 49 395 6 15
2289 3 0 0 49 396 6 16
2290 3 0 0 49 396 6 16
2291 3 0 0 49 396 6 16
2292 3 0 0 49 399 6 13
2293 3 0 0 49 400 6 12
2294 3 0 0 49 400 6 12
2295 3 0 0 49 400 6 12
2296 3 0 0 49 400 6 12
2297 3 0 0 49 400 6 12
2298 3 0 0 49 400 6 12
2299 3 0 0 49 400 6 14
2300 3 0 0 49 400 6 18
2301 3 0 0 49 400 6 18
2302 3 0 0 49 401 6 17
2303 3 0 0 49 402 6 16
2304 3 0 0 49 405 6 13
2305 3 0 0 49 406 6 12
2306 3 0 0 49 406 6 12
2307 3 0 0 49 406 6 12
2308 3 0 0 49 406 6 12
2309 3 0 0 49 406 6 12
2310 3 0 0 49 406 6 12
2311 3 0 0 49 406 6 12
2312 3 0 0 49 406 6 12
2313 4 0 0 48 406 6 12
2314 4 0 0 48 406 6 12
2315 4 0 0 48 406 6 12
2316 4 0 0 48 406 6 12
2317 4 0 0 48 406 6 12
2318 4 0 0 48 406 6 12
2319 4 0 0 48 406 6 12
2320 4 0 0 48 406 6 12
2321 4 0 0 48 406 6 12
2322 4 0 0 48 406 6 14
2323 4 0 0 48 406 6 14
2324 4 0 0 48 406 6 14
2325 4 0 0 48 407 6 13
2326 4 0 0 48 407 6 15
2327 4 0 0 48 408 6 16
2328 4 0 0 48 408 6 16
2329 4 0 0 48 408 6 16
2330 4 0 0 48 411 6 13
2331 4 0 0 48 412 6 12
2332 4 0 0 48 412 6 12
2333 4 0 0 48 412 6 12
2334 4 0 0 48 412 6 12
2335 4 0 0 48 412 6 12
2336 4 0 0 48 409 7 13
2337 4 0 0 48 409 7 15
2338 4 0 0 48 409 7 19
2339 4 0 0 48 409 7 19
2340 4 0 0 48 410 7 18
2341 4 0 0 48 411 7 17
2342 4 0 0 48 414 7 14
2343 4 0 0 48 415 7 13
2344 4 0 0 48 415 7 13
2345 4 0 0 48 415 7 13
2346 4 0 0 48 415 7 13
2347 4 0 0 48 415 7 13
2348 4 0 0 48 415 7 13
2349 4 0 0 48 415 7 13
2350 4 0 0 48 415 7 13
2351 4 0 0 48 415 7 13
2352 4 0 0 48 415 7 13
2353 4 0 0 48 415 7 13
2354 4 0 0 48 415 7 13
2355 4 0 0 48 415 7 13
2356 4 0 0 48 415 7 13
2357 4 0 0 48 415 7 13
2358 4 0 0 48 415 7 13
2359 4 0 0 48 415 7 13
2360 4 0 0 48 415 7 15
2361 4 0 0 48 415 7 15
2362 4 0 0 48 415 7 15
2363 4 0 0 48 415 7 15
2364 4 0 0 48 416 7 16
2365 4 0 0 48 416 7 19
2366 4 0 0 48 417 7 18
2367 4 0 0 48 417 7 18
2368 4 0 0 48 418 7 17
2369 4 0 0 48 422 7 13
2370 4 0 0 48 422 7 13
2371 4 0 0 48 422 7 13
2372 4 0 0 48 422 7 13
2373 4 0 0 48 422 7 13
2374 4 0 0 48 422 7 14
2375 4 0 0 48 422 7 16
2376 4 0 0 48 422 7 20
2377 4 0 0 48 422 7 20
2378 4 0 0 48 422 7 20
2379 4 0 0 48 423 7 19
2380 4 0 0 48 425 7 17
2381 4 0 0 48 427 7 15
2382 4 0 0 48 429 7 14
2383 4 0 0 48 431 7 12
2384 4 0 0 48 431 7 12
2385 4 0 0 48 431 7 12
2386 4 0 0 48 431 7 12
2387 4 0 0 48 431 7 12
2388 4 0 0 48 431 7 12
2389 4 0 0 48 431 7 12
2390 4 0 0 48 431 7 12
2391 4 0 0 48 431 7 12
2392 4 0 0 48 431 7 12
2393 4 0 0 48 431 7 12
2394 4 0 0 48 431 7 12
2395 4 0 0 48 431 7 12
2396 4 0 0 48 431 7 12
2397 4 0 0 48 431 7 12
2398 4 0 0 48 431 7 14
2399 4 0 0 48 431 7 14
2400 4 0 0 48 431 7 14
2401 4 0 0 48 431 7 14
2402 4 0 0 48 432 7 15
2403 4 0 0 48 432 7 17
2404 4 0 0 48 430 8 17
2405 4 0 0 48 431 8 16
2406 4 0 0 48 433 8 14
2407 4 0 0 48 434 8 13
2408 4 0 0 48 434 8 13
2409 4 0 0 48 434 8 13
2410 4 0 0 48 434 8 13
2411 4 0 0 48 434 8 13
2412 4 0 0 48 434 8 13
2413 4 0 0 48 434 8 15
2414 4 0 0 48 434 8 19
2415 4 0 0 48 434 8 19
2416 4 0 0 48 434 8 19
2417 4 0 0 48 436 8 17
2418 4 0 0 48 439 8 14
2419 4 0 0 48 439 8 14
2420 4 0 0 48 440 8 13
2421 4 0 0 48 440 8 13
2422 4 0 0 48 440 8 13
2423 4 0 0 48 440 8 13
2424 4 0 0 48 440 8 13
2425 4 0 0 48 440 8 13
2426 4 0 0 48 440 8 13
2427 4 0 0 48 440 8 13
2428 4 0 0 48 440 8 13
2429 4 0 0 48 440 8 13
2430 4 0 0 48 440 8 13
2431 4 0 0 48 440 8 13
2432 4 0 0 48 440 8 13
2433 4 0 0 48 440 8 14
2434 4 0 0 48 440 8 14
2435 4 0 0 48 440 8 14
2436 4 0 0 48 440 8 16
2437 4 0 0 48 441 8 15
2438 4 0 0 48 442 8 14
2439 4 0 0 48 443 8 13
2440 4 0 0 48 443 8 15
2441 4 0 0 48 443 8 17
2442 4 0 0 48 443 8 18
2443 4 0 0 48 443 8 18
2444 4 0 0 48 444 8 17
2445 4 0 0 48 446 8 15
2446 4 0 0 48 447 8 14
2447 4 0 0 48 447 8 14
2448 4 0 0 48 447 8 14
2449 4 0 0 48 447 8 14
2450 4 0 0 48 447 8 14
2451 4 0 0 48 447 8 16
2452 4 0 0 48 447 8 20
2453 4 0 0 48 447 8 20
2454 4 0 0 48 447 8 20
2455 4 0 0 48 449 8 18
2456 4 0 0 48 452 8 15
2457 4 0 0 48 453 8 14
2458 4 0 0 48 453 8 14
2459 4 0 0 48 453 8 14
2460 4 0 0 48 453 8 14
2461 4 0 0 48 453 8 14
2462 4 0 0 48 453 8 14
2463 4 0 0 48 453 8 14
2464 4 0 0 48 453 8 14
2465 4 0 0 48 453 8 14
2466 4 0 0 48 453 8 14
2467 4 0 0 48 453 8 14
2468 4 0 0 48 453 8 14
2469 4 0 0 48 453 8 14
2470 4 0 0 48 453 8 14
2471 4 0 0 48 453 8 16
2472 4 0 0 48 455 8 14
2473 4 0 0 48 455 8 14
2474 4 0 0 48 455 8 16
2475 4 0 0 48 455 8 16
2476 4 0 0 48 455 8 16
2477 4 0 0 48 455 8 16
2478 4 0 0 48 457 8 16
2479 4 0 0 48 457 8 18
2480 4 0 0 48 457 8 18
2481 4 0 0 48 457 8 18
2482 4 0 0 48 458 8 17
2483 4 0 0 48 460 8 15
2484 4 0 0 48 461 8 14
2485 4 0 0 48 461 8 14
2486 4 0 0 48 461 8 14
2487 4 0 0 48 461 8 14
2488 4 0 0 48 461 8 14
2489 4 0 0 48 461 8 16
2490 4 0 0 48 461 8 20
2491 4 0 0 48 461 8 20
2492 4 0 0 48 461 8 20
2493 4 0 0 48 463 8 18
2494 4 0 0 48 466 8 15
2495 4 0 0 48 467 8 14
2496 4 0 0 48 467 8 14
2497 4 0 0 48 467 8 14
2498 4 0 0 48 467 8 14
2499 4 0 0 48 467 8 14
2500 4 0 0 48 467 8 14
2501 4 0 0 48 467 8 14
2502 4 0 0 48 467 8 14
2503 4 0 0 48 467 8 14
2504 4 0 0 48 467 8 14
2505 4 0 0 48 467 8 14
2506 4 0 0 48 467 8 14
2507 4 0 0 48 467 8 14
2508 4 0 0 48 467 8 14
2509 4 0 0 48 467 8 16
2510 4 0 0 48 467 8 16
2511 4 0 0 48 467 8 16
2512 4 0 0 48 467 8 18
2513 4 0 0 48 469 8 16
2514 4 0 0 48 469 8 16
2515 4 0 0 48 469 8 16
2516 4 0 0 48 470 8 17
2517 4 0 0 48 470 8 19
2518 4 0 0 48 470 8 19
2519 4 0 0 48 471 8 18
2520 4 0 0 48 472 8 17
2521 4 0 0 48 474 8 15
2522 4 0 0 48 475 8 14
2523 4 0 0 48 475 8 14
2524 4 0 0 48 475 8 14
2525 4 0 0 48 475 8 14
2526 4 0 0 48 475 8 14
2527 4 0 0 48 475 8 16
2528 4 0 0 48 475 8 20
2529 4 0 0 48 475 8 20
2530 4 0 0 48 477 8 18
2531 4 0 0 48 478 8 17
2532 4 0 0 48 480 8 15
2533 4 0 0 48 481 8 14
2534 4 0 0 48 481 8 14
2535 4 0 0 48 481 8 14
2536 4 0 0 48 481 8 14
2537 4 0 0 48 481 8 14
2538 4 0 0 48 481 8 14
2539 4 0 0 48 481 8 14
2540 4 0 0 48 481 8 14
2541 4 0 0 48 481 8 14
2542 4 0 0 48 481 8 14
2543 4 0 0 48 481 8 14
2544 4 0 0 48 481 8 14
2545 4 0 0 48 481 8 14
2546 4 0 0 48 481 8 14
2547 4 0 0 48 481 8 16
2548 4 0 0 48 481 8 16
2549 4 0 0 48 481 8 16
2550 4 0 0 48 481 8 18
2551 4 0 0 48 483 8 16
2552 4 0 0 48 483 8 16
2553 4 0 0 48 483 8 16
2554 4 0 0 48 485 8 16
2555 4 0 0 48 487 8 16
2556 4 0 0 48 487 8 16
2557 4 0 0 48 487 8 16
2558 4 0 0 48 488 8 15
2559 4 0 0 48 489 8 14
2560 4 0 0 48 489 8 14
2561 4 0 0 48 489 8 14
2562 4 0 0 48 489 8 14
2563 4 0 0 48 489 8 14
2564 4 0 0 48 489 8 14
2565 4 0 0 48 489 8 16
2566 4 0 0 48 489 8 20
2567 4 0 0 48 489 8 20
2568 4 0 0 48 489 8 20
2569 4 0 0 48 491 8 18
2570 4 0 0 48 494 8 15
2571 4 0 0 48 494 8 15
2572 4 0 0 48 494 8 15
2573 4 0 0 48 495 8 14
2574 4 0 0 48 495 8 14
2575 4 0 0 48 495 8 14
2576 4 0 0 48 495 8 14
2577 4 0 0 48 495 8 14
2578 4 0 0 48 495 8 14
2579 4 0 0 48 495 8 14
2580 4 0 0 48 495 8 14
2581 4 0 0 48 495 8 14
2582 4 0 0 48 495 8 14
2583 4 0 0 48 495 8 14
2584 4 0 0 48 495 8 14
2585 4 0 0 48 495 8 16
2586 4 0 0 48 496 8 15
2587 4 0 0 48 496 8 15
2588 4 0 0 48 496 8 17
2589 4 0 0 48 497 8 16
2590 4 0 0 48 499 8 14
2591 4 0 0 48 499 8 14
2592 4 0 0 48 499 8 16
2593 4 0 0 48 499 8 18
2594 4 0 0 48 499 8 18
2595 4 0 0 48 499 8 18
2596 4 0 0 48 500 8 17
2597 4 0 0 48 503 8 14
2598 4 0 0 48 503 8 14
2599 4 0 0 48 503 8 14
2600 4 0 0 48 503 8 14
2601 4 0 0 48 503 8 14
2602 4 0 0 48 503 8 14
2603 4 0 0 48 503 8 16
2604 4 0 0 48 503 8 20
2605 4 0 0 48 503 8 20
2606 4 0 0 48 505 8 18
2607 4 0 0 48 506 8 17
2608 4 0 0 48 508 8 15
2609 4 0 0 48 509 8 14
2610 4 0 0 48 509 8 14
2611 4 0 0 48 509 8 14
2612 4 0 0 48 509 8 14
2613 4 0 0 48 509 8 14
2614 4 0 0 48 509 8 14
2615 4 0 0 48 509 8 14
2616 4 0 0 48 509 8 14
2617 4 0 0 48 509 8 14
2618 4 0 0 48 509 8 14
2619 4 0 0 48 509 8 14
2620 4 0 0 48 509 8 14
2621 4 0 0 48 509 8 14
2622 4 0 0 48 509 8 14
2623 4 0 0 48 509 8 16
2624 4 0 0 48 509 8 16
2625 4 0 0 48 509 8 16
2626 4 0 0 48 510 8 17
2627 4 0 0 48 511 8 16
2628 4 0 0 48 513 8 14
2629 4 0 0 48 513 8 14
2630 4 0 0 48 513 8 16
2631 4 0 0 48 514 8 17
2632 4 0 0 48 514 8 17
2633 4 0 0 48 514 8 17
2634 4 0 0 48 514 8 17
2635 4 0 0 48 517 8 14
2636 4 0 0 48 517 8 14
2637 4 0 0 48 517 8 14
2638 4 0 0 48 517 8 14
2639 4 0 0 48 517 8 14
2640 4 0 0 48 517 8 14
2641 4 0 0 48 517 8 16
2642 4 0 0 48 517 8 20
2643 4 0 0 48 517 8 20
2644 4 0 0 48 517 8 20
2645 4 0 0 48 518 8 19
2646 4 0 0 48 520 8 17
2647 4 0 0 48 523 8 14
2648 4 0 0 48 523 8 14
2649 4 0 0 48 523 8 14
2650 4 0 0 48 523 8 14
2651 4 0 0 48 520 9 15
2652 4 0 0 48 520 9 15
2653 4 0 0 48 520 9 15
2654 4 0 0 48 520 9 15
2655 4 0 0 48 520 9 15
2656 4 0 0 48 520 9 15
2657 4 0 0 48 520 9 15
2658 4 0 0 48 520 9 15
2659 4 0 0 48 520 9 15
2660 4 0 0 48 520 9 15
2661 4 0 0 48 520 9 17
2662 4 0 0 48 520 9 17
2663 4 0 0 48 520 9 17
2664 4 0 0 48 520 9 19
2665 4 0 0 48 522 9 17
2666 4 0 0 48 522 9 17
2667 4 0 0 48 522 9 17
2668 4 0 0 48 523 9 18
2669 4 0 0 48 523 9 20
2670 4 0 0 48 523 9 20
2671 4 0 0 48 523 9 20
2672 4 0 0 48 525 9 18
2673 4 0 0 48 528 9 15
2674 4 0 0 48 528 9 15
2675 4 0 0 48 528 9 15
2676 4 0 0 48 528 9 15
2677 4 0 0 48 528 9 15
2678 4 0 0 48 528 9 15
2679 4 0 0 48 528 9 17
2680 4 0 0 48 528 9 22
2681 4 0 0 48 529 9 21
2682 4 0 0 48 529 9 21
2683 4 0 0 48 530 9 20
2684 4 0 0 48 534 9 16
2685 4 0 0 48 534 9 16
2686 4 0 0 48 534 9 16
2687 4 0 0 48 534 9 16
2688 4 0 0 48 534 9 16
2689 4 0 0 48 534 9 17
2690 4 0 0 48 535 9 16
2691 4 0 0 48 535 9 16
2692 4 0 0 48 535 9 16
2693 4 0 0 48 535 9 16
2694 4 0 0 48 535 9 16
2695 4 0 0 48 535 9 16
2696 4 0 0 48 535 9 16
2697 4 0 0 48 535 9 16
2698 4 0 0 48 535 9 16
2699 4 0 0 48 535 9 18
2700 4 0 0 48 535 9 18
2701 4 0 0 48 535 9 18
2702 4 0 0 48 535 9 20
2703 4 0 0 48 536 9 19
2704 4 0 0 48 537 9 18
2705 4 0 0 48 537 9 18
2706 4 0 0 48 538 9 19
2707 4 0 0 48 538 9 21
2708 4 0 0 48 539 9 20
2709 4 0 0 48 539 9 20
2710 4 0 0 48 540 9 19
2711 4 0 0 48 543 9 16
2712 4 0 0 48 543 9 16
2713 4 0 0 48 543 9 16
2714 4 0 0 48 543 9 16
2715 4 0 0 48 543 9 16
2716 4 0 0 48 543 9 16
2717 4 0 0 48 543 9 18
2718 4 0 0 48 543 9 24
2719 4 0 0 48 543 9 24
2720 4 0 0 48 543 9 24
2721 4 0 0 48 544 9 23
2722 4 0 0 48 550 9 17
2723 4 0 0 48 551 9 16
2724 4 0 0 48 551 9 16
2725 4 0 0 48 551 9 16
2726 4 0 0 48 552 9 16
2727 4 0 0 48 554 9 14
2728 4 0 0 48 554 9 14
2729 4 0 0 48 554 9 14
2730 4 0 0 48 554 9 14
2731 4 0 0 48 554 9 14
2732 4 0 0 48 554 9 14
2733 4 0 0 48 554 9 14
2734 4 0 0 48 554 9 14
2735 4 0 0 48 554 9 14
2736 4 0 0 48 554 9 14
2737 4 0 0 48 554 9 16
2738 4 0 0 48 554 9 16
2739 4 0 0 48 554 9 16
2740 4 0 0 48 554 9 18
2741 4 0 0 48 555 9 17
2742 4 0 0 48 557 9 15
2743 4 0 0 48 557 9 15
2744 4 0 0 48 557 9 17
2745 4 0 0 48 557 9 19
2746 4 0 0 48 557 9 19
2747 4 0 0 48 558 9 18
2748 4 0 0 48 559 9 17
2749 4 0 0 48 561 9 15
2750 4 0 0 48 562 9 14
2751 4 0 0 48 562 9 14
2752 4 0 0 48 562 9 14
2753 4 0 0 48 562 9 14
2754 4 0 0 48 559 10 15
2755 4 0 0 48 559 10 17
2756 4 0 0 48 559 10 21
2757 4 0 0 48 559 10 21
2758 4 0 0 48 559 10 21
2759 4 0 0 48 562 10 18
2760 4 0 0 48 564 10 16
2761 4 0 0 48 565 10 15
2762 4 0 0 48 565 10 15
2763 4 0 0 48 565 10 15
2764 4 0 0 48 565 10 15
2765 4 0 0 48 565 10 15
2766 4 0 0 48 565 10 15
2767 4 0 0 48 565 10 15
2768 4 0 0 48 565 10 15
2769 4 0 0 48 565 10 15
2770 4 0 0 48 565 10 15
2771 4 0 0 48 565 10 15
2772 4 0 0 48 565 10 15
2773 4 0 0 48 565 10 15
2774 4 0 0 48 565 10 15
2775 4 0 0 48 565 10 17
2776 4 0 0 48 567 10 15
2777 4 0 0 48 567 10 15
2778 4 0 0 48 567 10 17
2779 4 0 0 48 567 10 17
2780 4 0 0 48 567 10 17
2781 4 0 0 48 567 10 17
2782 4 0 0 48 568 10 18
2783 4 0 0 48 568 10 21
2784 4 0 0 48 569 10 20
2785 4 0 0 48 569 10 20
2786 4 0 0 48 570 10 19
2787 4 0 0 48 574 10 15
2788 4 0 0 48 574 10 15
2789 4 0 0 48 574 10 15
2790 4 0 0 48 574 10 15
2791 4 0 0 48 574 10 15
2792 4 0 0 48 574 10 16
2793 4 0 0 48 574 10 18
2794 4 0 0 48 574 10 22
2795 4 0 0 48 574 10 22
2796 4 0 0 48 574 10 22
2797 4 0 0 48 575 10 21
2798 4 0 0 48 578 10 18
2799 4 0 0 48 580 10 16
2800 4 0 0 48 580 10 16
2801 4 0 0 48 580 10 16
2802 4 0 0 48 580 10 16
2803 4 0 0 48 580 10 16
2804 4 0 0 48 580 10 16
2805 4 0 0 48 580 10 16
2806 4 0 0 48 580 10 16
2807 4 0 0 48 580 10 16
2808 4 0 0 48 580 10 16
2809 4 0 0 48 580 10 16
2810 4 0 0 48 580 10 16
2811 4 0 0 48 580 10 16
2812 4 0 0 48 580 10 16
2813 4 0 0 48 580 10 18
2814 4 0 0 48 582 10 16
2815 4 0 0 48 582 10 16
2816 4 0 0 48 582 10 18
2817 4 0 0 48 582 10 18
2818 4 0 0 48 582 10 18
2819 4 0 0 48 582 10 18
2820 4 0 0 48 583 10 19
2821 4 0 0 48 583 10 23
2822 4 0 0 48 584 10 22
2823 4 0 0 48 584 10 22
2824 4 0 0 48 585 10 21
2825 4 0 0 48 586 11 18
2826 4 0 0 48 586 11 18
2827 4 0 0 48 587 11 17
2828 4 0 0 48 587 11 17
2829 4 0 0 48 587 11 17
2830 4 0 0 48 587 11 17
2831 4 0 0 48 587 11 19
2832 4 0 0 48 587 11 23
2833 4 0 0 48 587 11 23
2834 4 0 0 48 587 11 23
2835 4 0 0 48 589 11 21
2836 4 0 0 48 592 11 18
2837 4 0 0 48 593 11 17
2838 4 0 0 48 593 11 17
2839 4 0 0 48 593 11 17
2840 4 0 0 48 593 11 17
2841 4 0 0 48 593 11 17
2842 4 0 0 48 593 11 17
2843 4 0 0 48 593 11 17
2844 4 0 0 48 593 11 17
2845 4 0 0 48 593 11 17
2846 4 0 0 48 593 11 17
2847 4 0 0 48 593 11 17
2848 4 0 0 48 593 11 17
2849 4 0 0 48 593 11 17
2850 4 0 0 48 593 11 17
2851 4 0 0 48 593 11 19
2852 4 0 0 48 590 12 20
2853 4 0 0 48 590 12 20
2854 4 0 0 48 591 12 22
2855 4 0 0 48 592 12 21
2856 4 0 0 48 592 12 21
2857 4 0 0 48 592 12 21
2858 4 0 0 48 594 12 21
2859 4 0 0 48 594 12 25
2860 4 0 0 48 595 12 24
2861 4 0 0 48 595 12 24
2862 4 0 0 48 596 12 23
2863 4 0 0 48 602 12 19
2864 4 0 0 48 604 12 17
2865 4 0 0 48 604 12 17
2866 4 0 0 48 604 12 17
2867 4 0 0 48 604 12 17
2868 4 0 0 48 604 12 17
2869 4 0 0 48 604 12 19
2870 4 0 0 48 604 12 23
2871 4 0 0 48 604 12 23
2872 4 0 0 48 604 12 23
2873 4 0 0 48 606 12 21
2874 4 0 0 48 608 12 19
2875 4 0 0 48 610 12 17
2876 4 0 0 48 610 12 17
2877 4 0 0 48 610 12 17
2878 4 0 0 48 610 12 17
2879 4 0 0 48 610 12 17
2880 4 0 0 48 610 12 17
2881 4 0 0 48 610 12 18
2882 4 0 0 48 610 12 18
2883 4 0 0 48 610 12 18
2884 4 0 0 48 610 12 18
2885 4 0 0 48 611 12 17
2886 4 0 0 48 611 12 17
2887 4 0 0 48 611 12 17
2888 4 0 0 48 611 12 17
2889 4 0 0 48 611 12 19
2890 4 0 0 48 611 12 20
2891 4 0 0 48 611 12 20
2892 4 0 0 48 611 12 22
2893 4 0 0 48 614 12 19
2894 4 0 0 48 614 12 19
2895 4 0 0 48 614 12 19
2896 4 0 0 48 614 12 21
2897 4 0 0 48 614 12 25
2898 4 0 0 48 615 12 24
2899 4 0 0 48 615 12 24
2900 4 0 0 48 616 12 23
2901 4 0 0 48 621 12 18
2902 4 0 0 48 621 12 18
2903 4 0 0 48 621 12 18
2904 4 0 0 48 621 12 18
2905 4 0 0 48 621 12 18
2906 4 0 0 48 621 12 18
2907 4 0 0 48 621 12 20
2908 4 0 0 48 621 12 24
2909 4 0 0 48 621 12 24
2910 4 0 0 48 621 12 24
2911 4 0 0 48 622 12 23
2912 4 0 0 48 625 12 20
2913 4 0 0 48 627 12 18
2914 4 0 0 48 627 12 18
2915 4 0 0 48 627 12 18
2916 4 0 0 48 627 12 18
2917 4 0 0 48 627 12 18
2918 4 0 0 48 627 12 18
2919 4 0 0 48 627 12 20
2920 4 0 0 48 627 12 20
2921 4 0 0 48 627 12 20
2922 4 0 0 48 627 12 20
2923 4 0 0 48 629 12 18
2924 4 0 0 48 629 12 18
2925 4 0 0 48 629 12 18
2926 4 0 0 48 629 12 18
2927 4 0 0 48 629 12 20
2928 4 0 0 48 629 12 20
2929 4 0 0 48 629 12 20
2930 4 0 0 48 629 12 22
2931 4 0 0 48 630 12 21
2932 4 0 0 48 631 12 20
2933 4 0 0 48 631 12 20
2934 4 0 0 48 633 12 20
2935 4 0 0 48 633 12 24
2936 4 0 0 48 633 12 24
2937 4 0 0 48 633 12 24
2938 4 0 0 48 634 12 23
2939 4 0 0 48 638 12 19
2940 4 0 0 48 638 12 19
2941 4 0 0 48 639 12 18
2942 4 0 0 48 639 12 18
2943 4 0 0 48 639 12 18
2944 4 0 0 48 639 12 18
2945 4 0 0 48 639 12 20
2946 4 0 0 48 639 12 24
2947 4 0 0 48 639 12 24
2948 4 0 0 48 639 12 24
2949 4 0 0 48 640 12 23
2950 4 0 0 48 643 12 20
2951 4 0 0 48 645 12 18
2952 4 0 0 48 645 12 18
2953 4 0 0 48 645 12 18
2954 4 0 0 48 645 12 18
2955 4 0 0 48 645 12 18
2956 4 0 0 48 645 12 18
2957 4 0 0 48 645 12 20
2958 4 0 0 48 645 12 20
2959 4 0 0 48 645 12 20
2960 4 0 0 48 645 12 20
2961 4 0 0 48 647 12 18
2962 4 0 0 48 647 12 18
2963 4 0 0 48 647 12 18
2964 4 0 0 48 647 12 18
2965 4 0 0 48 647 12 20
2966 4 0 0 48 647 12 20
2967 4 0 0 48 647 12 20
2968 4 0 0 48 647 12 22
2969 4 0 0 48 649 12 20
2970 4 0 0 48 649 12 20
2971 4 0 0 48 649 12 20
2972 4 0 0 48 650 12 21
2973 4 0 0 48 651 12 24
2974 4 0 0 48 651 12 24
2975 4 0 0 48 651 12 24
2976 4 0 0 48 652 12 23
2977 4 0 0 48 657 12 18
2978 4 0 0 48 657 12 18
2979 4 0 0 48 657 12 18
2980 4 0 0 48 657 12 18
2981 4 0 0 48 657 12 18
2982 4 0 0 48 657 12 18
2983 4 0 0 48 657 12 20
2984 4 0 0 48 657 12 24
2985 4 0 0 48 657 12 24
2986 4 0 0 48 657 12 24
2987 4 0 0 48 658 12 23
2988 4 0 0 48 661 12 20
2989 4 0 0 48 663 12 18
2990 4 0 0 48 663 12 18
2991 4 0 0 48 663 12 18
2992 4 0 0 48 663 12 18
2993 4 0 0 48 663 12 18
2994 4 0 0 48 663 12 18
2995 4 0 0 48 663 12 20
2996 4 0 0 48 663 12 20
2997 4 0 0 48 663 12 20
2998 4 0 0 48 663 12 20
2999 4 0 0 48 664 12 19
3000 4 0 0 48 665 12 18
3001 4 0 0 48 665 12 18
3002 4 0 0 48 665 12 18
3003 4 0 0 48 665 12 20
3004 4 0 0 48 665 12 20
3005 4 0 0 48 665 12 20
3006 4 0 0 48 665 12 22
3007 4 0 0 48 667 12 20
3008 4 0 0 48 667 12 20
3009 4 0 0 48 667 12 20
3010 4 0 0 48 668 12 21
3011 4 0 0 48 669 12 24
3012 4 0 0 48 669 12 24
3013 4 0 0 48 669 12 24
3014 4 0 0 48 673 12 20
3015 4 0 0 48 674 12 19
3016 4 0 0 48 675 12 18
3017 4 0 0 48 675 12 18
3018 4 0 0 48 675 12 18
3019 4 0 0 48 675 12 18
3020 4 0 0 48 675 12 18
3021 4 0 0 48 675 12 20
3022 4 0 0 48 675 12 24
3023 4 0 0 48 675 12 24
3024 4 0 0 48 675 12 24
3025 4 0 0 48 676 12 23
3026 4 0 0 48 678 12 21
3027 4 0 0 48 680 12 19
3028 4 0 0 48 681 12 18
3029 4 0 0 48 681 12 18
3030 4 0 0 48 681 12 18
3031 4 0 0 48 681 12 18
3032 4 0 0 48 681 12 18
3033 4 0 0 48 681 12 20
3034 4 0 0 48 681 12 20
3035 4 0 0 48 681 12 20
3036 4 0 0 48 681 12 20
3037 4 0 0 48 682 12 19
3038 4 0 0 48 682 12 19
3039 4 0 0 48 683 12 18
3040 4 0 0 48 683 12 18
3041 4 0 0 48 683 12 20
3042 4 0 0 48 684 12 19
3043 4 0 0 48 684 12 19
3044 4 0 0 48 684 12 21
3045 4 0 0 48 684 12 21
3046 4 0 0 48 685 12 20
3047 4 0 0 48 685 12 20
3048 4 0 0 48 686 12 21
3049 4 0 0 48 686 12 25
3050 4 0 0 48 689 12 22
3051 4 0 0 48 689 12 22
3052 4 0 0 48 690 12 21
3053 4 0 0 48 691 12 20
3054 4 0 0 48 693 12 18
3055 4 0 0 48 693 12 18
3056 4 0 0 48 693 12 18
3057 4 0 0 48 693 12 18
3058 4 0 0 48 693 12 18
3059 4 0 0 48 693 12 20
3060 4 0 0 48 693 12 24
3061 4 0 0 48 693 12 24
3062 4 0 0 48 693 12 24
3063 4 0 0 48 694 12 23
3064 4 0 0 48 696 12 21
3065 4 0 0 48 697 12 20
3066 4 0 0 48 698 12 19
3067 4 0 0 48 699 12 18
3068 4 0 0 48 699 12 18
3069 4 0 0 48 699 12 18
3070 4 0 0 48 696 13 19
3071 4 0 0 48 696 13 21
3072 4 0 0 48 696 13 21
3073 4 0 0 48 696 13 21
3074 4 0 0 48 696 13 21
3075 4 0 0 48 697 13 20
3076 4 0 0 48 697 13 20
3077 4 0 0 48 698 13 19
3078 4 0 0 48 698 13 19
3079 4 0 0 48 698 13 21
3080 4 0 0 48 698 13 21
3081 4 0 0 48 698 13 21
3082 4 0 0 48 698 13 23
3083 4 0 0 48 699 13 22
3084 4 0 0 48 700 13 21
3085 4 0 0 48 700 13 21
3086 4 0 0 48 701 13 22
3087 4 0 0 48 701 13 26
3088 4 0 0 48 702 13 25
3089 4 0 0 48 702 13 25
3090 4 0 0 48 703 13 24
3091 4 0 0 48 706 13 21
3092 4 0 0 48 708 13 19
3093 4 0 0 48 708 13 19
3094 4 0 0 48 708 13 19
3095 4 0 0 48 708 13 19
3096 4 0 0 48 708 13 19
3097 4 0 0 48 708 13 21
3098 4 0 0 48 708 13 25
3099 4 0 0 48 708 13 26
3100 4 0 0 48 708 13 26
3101 4 0 0 48 709 13 25
3102 4 0 0 48 712 13 22
3103 4 0 0 48 715 13 19
3104 4 0 0 48 715 13 19
3105 4 0 0 48 715 13 19
3106 4 0 0 48 715 13 19
3107 4 0 0 48 715 13 19
3108 4 0 0 48 715 13 20
3109 4 0 0 48 715 13 22
3110 4 0 0 48 715 13 22
3111 4 0 0 48 715 13 22
3112 4 0 0 48 715 13 22
3113 4 0 0 48 716 13 21
3114 4 0 0 48 716 13 21
3115 4 0 0 48 717 13 20
3116 4 0 0 48 717 13 20
3117 4 0 0 48 717 13 22
3118 4 0 0 48 717 13 22
3119 4 0 0 48 717 13 22
3120 4 0 0 48 717 13 24
3121 4 0 0 48 718 13 23
3122 4 0 0 48 719 13 22
3123 4 0 0 48 719 13 22
3124 4 0 0 48 720 13 23
3125 4 0 0 48 720 13 27
3126 4 0 0 48 721 13 26
3127 4 0 0 48 721 13 26
3128 4 0 0 48 723 13 24
3129 4 0 0 48 726 13 21
3130 4 0 0 48 727 13 20
3131 4 0 0 48 727 13 20
3132 4 0 0 48 727 13 20
3133 4 0 0 48 727 13 20
3134 4 0 0 48 727 13 20
3135 4 0 0 48 727 13 22
3136 4 0 0 48 727 13 26
3137 4 0 0 48 725 14 29
3138 4 0 0 48 729 14 25
3139 4 0 0 48 730 14 24
3140 4 0 0 48 733 14 21
3141 4 0 0 48 735 14 19
3142 4 0 0 48 735 14 19
3143 4 0 0 48 735 14 19
3144 4 0 0 48 735 14 19
3145 4 0 0 48 735 14 19
3146 4 0 0 48 735 14 19
3147 4 0 0 48 735 14 21
3148 4 0 0 48 735 14 21
3149 4 0 0 48 735 14 21
3150 4 0 0 48 735 14 21
3151 4 0 0 48 736 14 20
3152 4 0 0 48 736 14 20
3153 4 0 0 48 736 14 20
3154 4 0 0 48 737 14 19
3155 4 0 0 48 737 14 21
3156 4 0 0 48 737 14 21
3157 4 0 0 48 737 14 21
3158 4 0 0 48 737 14 23
3159 4 0 0 48 738 14 22
3160 4 0 0 48 739 14 21
3161 4 0 0 48 739 14 21
3162 4 0 0 48 739 14 23
3163 4 0 0 48 741 14 25
3164 4 0 0 48 741 14 25
3165 4 0 0 48 741 14 25
3166 4 0 0 48 743 14 24
3167 4 0 0 48 746 14 21
3168 4 0 0 48 746 14 21
3169 4 0 0 48 746 14 21
3170 4 0 0 48 747 14 20
3171 4 0 0 48 747 14 20
3172 4 0 0 48 747 14 20
3173 4 0 0 48 748 14 21
3174 4 0 0 48 748 14 25
3175 4 0 0 48 748 14 26
3176 4 0 0 48 748 14 26
3177 4 0 0 48 749 14 25
3178 4 0 0 48 752 14 23
3179 4 0 0 48 756 14 19
3180 4 0 0 48 757 14 18
3181 4 0 0 48 757 14 18
3182 5 0 0 47 757 14 18
3183 5 0 0 47 757 14 18
3184 5 0 0 47 757 14 18
3185 5 0 0 47 757 14 20
3186 5 0 0 47 757 14 20
3187 5 0 0 47 757 14 20
3188 5 0 0 47 757 14 20
3189 5 0 0 47 758 14 19
3190 5 0 0 47 758 14 19
3191 5 0 0 47 759 14 18
3192 5 0 0 47 759 14 18
3193 5 0 0 47 759 14 20
3194 5 0 0 47 759 14 20
3195 5 0 0 47 759 14 20
3196 5 0 0 47 759 14 22
3197 5 0 0 47 760 14 21
3198 5 0 0 47 761 14 20
3199 5 0 0 47 761 14 20
3200 5 0 0 47 763 14 20
3201 5 0 0 47 763 14 24
3202 5 0 0 47 763 14 24
3203 5 0 0 47 763 14 24
3204 5 0 0 47 764 14 23
3205 5 0 0 47 769 14 18
3206 5 0 0 47 769 14 18
3207 5 0 0 47 769 14 18
3208 5 0 0 47 769 14 18
3209 5 0 0 47 769 14 18
3210 5 0 0 47 769 14 18
3211 5 0 0 47 769 14 20
3212 5 0 0 47 769 14 24
3213 5 0 0 47 769 14 24
3214 5 0 0 47 769 14 24
3215 5 0 0 47 772 14 21
3216 5 0 0 47 773 14 20
3217 5 0 0 47 775 14 18
3218 5 0 0 47 775 14 18
3219 5 0 0 47 775 14 18
3220 5 0 0 47 775 14 18
3221 5 0 0 47 775 14 18
3222 5 0 0 47 775 14 18
3223 5 0 0 47 775 14 20
3224 5 0 0 47 775 14 20
3225 5 0 0 47 775 14 20
3226 5 0 0 47 775 14 20
3227 5 0 0 47 776 14 19
3228 5 0 0 47 776 14 19
3229 5 0 0 47 776 14 19
3230 5 0 0 47 777 14 18
3231 5 0 0 47 777 14 20
3232 5 0 0 47 777 14 20
3233 5 0 0 47 777 14 20
3234 5 0 0 47 777 14 22
3235 5 0 0 47 778 14 21
3236 5 0 0 47 779 14 20
3237 5 0 0 47 779 14 20
3238 5 0 0 47 781 14 20
3239 5 0 0 47 781 14 24
3240 5 0 0 47 781 14 24
3241 5 0 0 47 781 14 24
3242 5 0 0 47 782 14 23
3243 5 0 0 47 785 14 20
3244 5 0 0 47 786 14 19
3245 5 0 0 47 786 14 19
3246 5 0 0 47 786 14 19
3247 5 0 0 47 786 14 19
3248 5 0 0 47 783 15 20
3249 5 0 0 47 784 15 21
3250 5 0 0 47 784 15 25
3251 5 0 0 47 785 15 25
3252 5 0 0 47 787 15 24
3253 5 0 0 47 788 15 23
3254 5 0 0 47 789 15 22
3255 5 0 0 47 791 15 20
3256 5 0 0 47 792 15 19
3257 5 0 0 47 793 15 18
3258 5 0 0 47 793 15 18
3259 5 0 0 47 793 15 18
3260 5 0 0 47 793 15 18
3261 5 0 0 47 793 15 20
3262 5 0 0 47 793 15 20
3263 5 0 0 47 793 15 20
3264 5 0 0 47 793 15 20
3265 5 0 0 47 794 15 19
3266 5 0 0 47 794 15 19
3267 5 0 0 47 795 15 18
3268 5 0 0 47 795 15 18
3269 5 0 0 47 795 15 20
3270 5 0 0 47 795 15 20
3271 5 0 0 47 795 15 20
3272 5 0 0 47 795 15 22
3273 5 0 0 47 796 15 21
3274 5 0 0 47 797 15 20
3275 5 0 0 47 797 15 20
3276 5 0 0 47 799 15 20
3277 5 0 0 47 799 15 24
3278 5 0 0 47 799 15 24
3279 5 0 0 47 799 15 24
3280 5 0 0 47 800 15 23
3281 5 0 0 47 804 15 19
3282 5 0 0 47 805 15 18
3283 5 0 0 47 805 15 18
3284 5 0 0 47 805 15 18
3285 5 0 0 47 805 15 18
3286 5 0 0 47 805 15 18
3287 5 0 0 47 805 15 20
3288 5 0 0 47 805 15 24
3289 5 0 0 47 805 15 24
3290 5 0 0 47 802 16 25
3291 5 0 0 47 805 16 22
3292 5 0 0 47 807 16 20
3293 5 0 0 47 807 16 20
3294 5 0 0 47 807 16 20
3295 5 0 0 47 808 16 19
3296 5 0 0 47 808 16 19
3297 5 0 0 47 808 16 19
3298 5 0 0 47 808 16 19
3299 5 0 0 47 805 17 22
3300 5 0 0 47 806 17 21
3301 5 0 0 47 806 17 21
3302 5 0 0 47 806 17 21
3303 5 0 0 47 806 17 21
3304 5 0 0 47 806 17 21
3305 5 0 0 47 806 17 21
3306 5 0 0 47 806 17 21
3307 5 0 0 47 807 17 22
3308 5 0 0 47 807 17 22
3309 5 0 0 47 807 17 22
3310 5 0 0 47 807 17 24
3311 5 0 0 47 808 17 23
3312 5 0 0 47 809 17 22
3313 5 0 0 47 809 17 22
3314 5 0 0 47 811 17 22
3315 5 0 0 47 811 17 26
3316 5 0 0 47 811 17 26
3317 5 0 0 47 811 17 26
3318 5 0 0 47 812 17 25
3319 5 0 0 47 815 17 23
3320 5 0 0 47 817 17 22
3321 5 0 0 47 821 17 19
3322 5 0 0 47 821 17 19
3323 5 0 0 47 821 17 19
3324 5 0 0 47 821 17 19
3325 5 0 0 47 821 17 21
3326 5 0 0 47 821 17 25
3327 5 0 0 47 821 17 25
3328 5 0 0 47 822 17 25
3329 5 0 0 47 823 17 24
3330 5 0 0 47 824 17 23
3331 5 0 0 47 826 17 21
3332 5 0 0 47 827 17 20
3333 5 0 0 47 828 17 19
3334 5 0 0 47 828 17 19
3335 5 0 0 47 828 17 19
3336 5 0 0 47 828 17 19
3337 5 0 0 47 828 17 22
3338 5 0 0 47 828 17 22
3339 5 0 0 47 828 17 22
3340 5 0 0 47 828 17 22
3341 5 0 0 47 829 17 21
3342 5 0 0 47 829 17 21
3343 5 0 0 47 829 17 21
3344 5 0 0 47 830 17 20
3345 5 0 0 47 830 17 22
3346 5 0 0 47 830 17 22
3347 5 0 0 47 830 17 22
3348 5 0 0 47 830 17 24
3349 5 0 0 47 831 17 23
3350 5 0 0 47 832 17 22
3351 5 0 0 47 832 17 22
3352 5 0 0 47 834 17 22
3353 5 0 0 47 834 17 26
3354 5 0 0 47 834 17 26
3355 5 0 0 47 834 17 26
3356 5 0 0 47 836 17 24
3357 5 0 0 47 840 17 20
3358 5 0 0 47 840 17 20
3359 5 0 0 47 840 17 20
3360 5 0 0 47 840 17 20
3361 5 0 0 47 840 17 20
3362 5 0 0 47 840 17 20
3363 5 0 0 47 840 17 22
3364 5 0 0 47 840 17 26
3365 5 0 0 47 840 17 26
3366 5 0 0 47 840 17 28
3367 5 0 0 47 842 17 26
3368 5 0 0 47 843 17 25
3369 5 0 0 47 843 17 25
3370 5 0 0 47 845 17 23
3371 5 0 0 47 847 17 21
3372 5 0 0 47 848 17 20
3373 5 0 0 47 848 17 20
3374 5 0 0 47 848 17 20
3375 5 0 0 47 848 17 22
3376 5 0 0 47 848 17 22
3377 5 0 0 47 849 17 21
3378 5 0 0 47 849 17 21
3379 5 0 0 47 849 17 21
3380 5 0 0 47 849 17 21
3381 5 0 0 47 850 17 20
3382 5 0 0 47 850 17 20
3383 5 0 0 47 850 17 22
3384 5 0 0 47 850 17 22
3385 5 0 0 47 850 17 22
3386 5 0 0 47 850 17 24
3387 5 0 0 47 851 17 23
3388 5 0 0 47 851 17 23
3389 5 0 0 47 852 17 22
3390 5 0 0 47 852 17 24
3391 5 0 0 47 852 17 28
3392 5 0 0 47 853 17 27
3393 5 0 0 47 853 17 27
3394 5 0 0 47 854 17 26
3395 5 0 0 47 858 17 22
3396 5 0 0 47 859 17 21
3397 5 0 0 47 859 17 21
3398 5 0 0 47 859 17 21
3399 5 0 0 47 859 17 21
3400 5 0 0 47 860 17 20
3401 5 0 0 47 860 17 22
3402 5 0 0 47 861 17 25
3403 5 0 0 47 861 17 25
3404 5 0 0 47 861 17 27
3405 5 0 0 47 862 17 26
3406 5 0 0 47 865 17 23
3407 5 0 0 47 865 17 23
3408 5 0 0 47 868 17 20
3409 5 0 0 47 868 17 20
3410 5 0 0 47 868 17 20
3411 5 0 0 47 868 17 20
3412 5 0 0 47 868 17 20
3413 5 0 0 47 868 17 22
3414 5 0 0 47 868 17 22
3415 5 0 0 47 868 17 22
3416 5 0 0 47 868 17 22
3417 5 0 0 47 869 17 21
3418 5 0 0 47 869 17 21
3419 5 0 0 47 869 17 21
3420 6 0 0 46 869 17 21
3421 6 0 0 46 869 17 23
3422 6 0 0 46 870 17 22
3423 6 0 0 46 870 17 22
3424 6 0 0 46 870 17 24
3425 6 0 0 46 871 17 23
3426 6 0 0 46 872 17 22
3427 6 0 0 46 873 17 21
3428 6 0 0 46 873 17 23
3429 6 0 0 46 874 17 26
3430 6 0 0 46 874 17 26
3431 6 0 0 46 874 17 26
3432 6 0 0 46 875 17 25
3433 6 0 0 46 879 17 21
3434 6 0 0 46 880 17 20
3435 6 0 0 46 880 17 20
3436 6 0 0 46 880 17 20
3437 6 0 0 46 880 17 20
3438 6 0 0 46 880 17 20
3439 6 0 0 46 880 17 22
3440 6 0 0 46 880 17 26
3441 6 0 0 46 880 17 26
3442 6 0 0 46 880 17 28
3443 6 0 0 46 881 17 27
3444 6 0 0 46 882 17 26
3445 6 0 0 46 885 17 23
3446 6 0 0 46 886 17 22
3447 6 0 0 46 888 17 20
3448 6 0 0 46 888 17 20
3449 6 0 0 46 888 17 20
3450 6 0 0 46 888 17 20
3451 6 0 0 46 888 17 22
3452 6 0 0 46 888 17 22
3453 6 0 0 46 888 17 22
3454 6 0 0 46 888 17 22
3455 6 0 0 46 889 17 21
3456 6 0 0 46 889 17 21
3457 6 0 0 46 890 17 20
3458 6 0 0 46 890 17 20
3459 6 0 0 46 890 17 22
3460 6 0 0 46 890 17 22
3461 6 0 0 46 890 17 22
3462 6 0 0 46 891 17 23
3463 6 0 0 46 892 17 22
3464 6 0 0 46 892 17 22
3465 6 0 0 46 892 17 22
3466 6 0 0 46 893 17 23
3467 6 0 0 46 893 17 27
3468 6 0 0 46 893 17 27
3469 6 0 0 46 893 17 27
3470 6 0 0 46 894 17 26
3471 6 0 0 46 898 17 22
3472 6 0 0 46 900 17 20
3473 6 0 0 46 900 17 20
3474 6 0 0 46 900 17 20
3475 6 0 0 46 900 17 20
3476 6 0 0 46 900 17 20
3477 6 0 0 46 900 17 22
3478 6 0 0 46 900 17 26
3479 6 0 0 46 900 17 26
3480 6 0 0 46 900 17 28
3481 6 0 0 46 901 17 27
3482 6 0 0 46 904 17 24
3483 6 0 0 46 904 17 24
3484 6 0 0 46 906 17 22
3485 6 0 0 46 908 17 20
3486 6 0 0 46 908 17 20
3487 6 0 0 46 908 17 20
3488 6 0 0 46 908 17 20
3489 6 0 0 46 908 17 22
3490 6 0 0 46 908 17 22
3491 6 0 0 46 908 17 22
3492 6 0 0 46 909 17 21
3493 6 0 0 46 909 17 21
3494 6 0 0 46 909 17 21
3495 6 0 0 46 910 17 20
3496 6 0 0 46 910 17 20
3497 6 0 0 46 910 17 22
3498 6 0 0 46 910 17 22
3499 6 0 0 46 910 17 22
3500 6 0 0 46 910 17 24
3501 6 0 0 46 911 17 23
3502 6 0 0 46 911 17 23
3503 6 0 0 46 911 17 23
3504 6 0 0 46 911 17 25
3505 6 0 0 46 912 17 28
3506 6 0 0 46 914 17 26
3507 6 0 0 46 914 17 26
3508 6 0 0 46 915 17 25
3509 6 0 0 46 919 17 21
3510 6 0 0 46 919 17 21
3511 6 0 0 46 919 17 21
3512 6 0 0 46 919 17 21
3513 6 0 0 46 919 17 21
3514 6 0 0 46 919 17 21
3515 6 0 0 46 920 17 22
3516 6 0 0 46 920 17 26
3517 6 0 0 46 920 17 26
3518 6 0 0 46 920 17 28
3519 6 0 0 46 921 17 27
3520 6 0 0 46 923 17 25
3521 6 0 0 46 924 17 24
3522 6 0 0 46 926 17 22
3523 6 0 0 46 928 17 20
3524 6 0 0 46 928 17 20
3525 6 0 0 46 928 17 20
3526 6 0 0 46 928 17 20
3527 6 0 0 46 928 17 22
3528 6 0 0 46 929 17 21
3529 6 0 0 46 929 17 21
3530 6 0 0 46 929 17 21
3531 6 0 0 46 929 17 21
3532 6 0 0 46 929 17 21
3533 6 0 0 46 929 17 21
3534 6 0 0 46 929 17 21
3535 6 0 0 46 930 17 22
3536 6 0 0 46 930 17 22
3537 6 0 0 46 930 17 22
3538 6 0 0 46 930 17 24
3539 6 0 0 46 931 17 23
3540 6 0 0 46 931 17 23
3541 6 0 0 46 931 17 23
3542 6 0 0 46 931 17 25
3543 6 0 0 46 932 17 28
3544 6 0 0 46 933 17 27
3545 6 0 0 46 934 17 26
3546 6 0 0 46 935 17 25
3547 6 0 0 46 939 17 21
3548 6 0 0 46 940 17 20
3549 6 0 0 46 940 17 20
3550 6 0 0 46 940 17 20
3551 6 0 0 46 940 17 20
3552 6 0 0 46 940 17 20
3553 6 0 0 46 940 17 22
3554 6 0 0 46 940 17 26
3555 6 0 0 46 940 17 26
3556 6 0 0 46 940 17 28
3557 6 0 0 46 941 17 27
3558 6 0 0 46 943 17 25
3559 6 0 0 46 944 17 24
3560 6 0 0 46 946 17 22
3561 6 0 0 46 947 17 21
3562 6 0 0 46 947 17 21
3563 6 0 0 46 948 17 20
3564 6 0 0 46 948 17 20
3565 6 0 0 46 948 17 22
3566 6 0 0 46 948 17 22
3567 6 0 0 46 948 17 22
3568 6 0 0 46 948 17 22
3569 6 0 0 46 950 17 20
3570 6 0 0 46 950 17 20
3571 6 0 0 46 950 17 20
3572 6 0 0 46 950 17 20
3573 6 0 0 46 950 17 22
3574 6 0 0 46 950 17 22
3575 6 0 0 46 947 18 23
3576 6 0 0 46 948 18 24
3577 6 0 0 46 949 18 23
3578 6 0 0 46 949 18 23
3579 6 0 0 46 949 18 23
3580 6 0 0 46 952 18 23
3581 6 0 0 46 954 18 26
3582 6 0 0 46 954 18 26
3583 6 0 0 46 954 18 26
3584 6 0 0 46 955 18 25
3585 6 0 0 46 959 18 21
3586 6 0 0 46 960 18 20
3587 6 0 0 46 960 18 20
3588 6 0 0 46 960 18 20
3589 6 0 0 46 960 18 20
3590 6 0 0 46 960 18 20
3591 6 0 0 46 960 18 22
3592 6 0 0 46 960 18 26
3593 6 0 0 46 960 18 26
3594 6 0 0 46 960 18 28
3595 6 0 0 46 961 18 27
3596 6 0 0 46 962 18 26
3597 6 0 0 46 962 18 26
3598 6 0 0 46 963 18 25
3599 6 0 0 46 965 18 23
3600 6 0 0 46 967 18 21
3601 6 0 0 46 967 18 21
3602 6 0 0 46 968 18 20
3603 6 0 0 46 968 18 22
3604 6 0 0 46 968 18 22
3605 6 0 0 46 968 18 22
3606 6 0 0 46 968 18 22
3607 6 0 0 46 970 18 20
3608 6 0 0 46 970 18 20
3609 6 0 0 46 970 18 20
3610 6 0 0 46 970 18 20
3611 6 0 0 46 970 18 22
3612 6 0 0 46 970 18 22
3613 6 0 0 46 970 18 22
3614 6 0 0 46 971 18 23
3615 6 0 0 46 972 18 22
3616 6 0 0 46 972 18 22
3617 6 0 0 46 972 18 22
3618 6 0 0 46 974 18 22
3619 6 0 0 46 974 18 26
3620 6 0 0 46 974 18 26
3621 6 0 0 46 974 18 26
3622 6 0 0 46 975 18 25
3623 6 0 0 46 978 18 22
3624 6 0 0 46 979 18 21
3625 6 0 0 46 980 18 20
3626 6 0 0 46 980 18 20
3627 6 0 0 46 980 18 20
3628 6 0 0 46 980 18 20
3629 6 0 0 46 980 18 22
3630 6 0 0 46 980 18 26
3631 6 0 0 46 980 18 26
3632 6 0 0 46 980 18 28
3633 6 0 0 46 981 18 27
3634 6 0 0 46 983 18 25
3635 6 0 0 46 984 18 24
3636 6 0 0 46 986 18 22
3637 6 0 0 46 987 18 21
3638 6 0 0 46 987 18 21
3639 6 0 0 46 988 18 20
3640 6 0 0 46 988 18 20
3641 6 0 0 46 988 18 22
3642 6 0 0 46 988 18 22
3643 6 0 0 46 988 18 22
3644 6 0 0 46 988 18 22
3645 6 0 0 46 990 18 20
3646 6 0 0 46 990 18 20
3647 6 0 0 46 990 18 20
3648 6 0 0 46 990 18 20
3649 6 0 0 46 990 18 22
3650 6 0 0 46 990 18 22
3651 6 0 0 46 990 18 22
3652 6 0 0 46 990 18 24
3653 6 0 0 46 992 18 22
3654 6 0 0 46 992 18 22
3655 6 0 0 46 992 18 22
3656 6 0 0 46 993 18 23
3657 6 0 0 46 994 18 26
3658 6 0 0 46 994 18 26
3659 6 0 0 46 994 18 26
3660 6 0 0 46 995 18 25
3661 6 0 0 46 1000 18 20
3662 6 0 0 46 1000 18 20
3663 6 0 0 46 1000 18 20
3664 6 0 0 46 1000 18 20
3665 6 0 0 46 1000 18 20
3666 6 0 0 46 997 19 21
3667 6 0 0 46 997 19 23
3668 6 0 0 46 998 19 26
3669 6 0 0 46 998 19 26
3670 6 0 0 46 998 19 28
3671 6 0 0 46 999 19 27
3672 6 0 0 46 1001 19 25
3673 6 0 0 46 1001 19 25
3674 6 0 0 46 1002 19 24
3675 6 0 0 46 1004 19 22
3676 6 0 0 46 1004 19 22
3677 6 0 0 46 1004 19 22
3678 6 0 0 46 1004 19 22
3679 6 0 0 46 1004 19 24
3680 6 0 0 46 1004 19 24
3681 6 0 0 46 1004 19 24
3682 6 0 0 46 1004 19 24
3683 6 0 0 46 1006 19 22
3684 6 0 0 46 1006 19 22
3685 6 0 0 46 1006 19 22
3686 6 0 0 46 1006 19 22
3687 6 0 0 46 1006 19 24
3688 6 0 0 46 1006 19 24
3689 6 0 0 46 1006 19 24
3690 6 0 0 46 1006 19 26
3691 6 0 0 46 1007 19 25
3692 6 0 0 46 1008 19 24
3693 6 0 0 46 1008 19 24
3694 6 0 0 46 1010 19 24
3695 6 0 0 46 1010 19 29
3696 6 0 0 46 1010 19 29
3697 6 0 0 46 1010 19 29
3698 6 0 0 46 1011 19 28
3699 6 0 0 46 1013 19 26
3700 6 0 0 46 1015 19 24
3701 6 0 0 46 1016 19 23
3702 6 0 0 46 1016 19 23
3703 6 0 0 46 1017 19 22
3704 6 0 0 46 1017 19 23
3705 6 0 0 46 1017 19 25
3706 6 0 0 46 1017 19 30
3707 6 0 0 46 1017 19 30
3708 6 0 0 46 1017 19 32
3709 6 0 0 46 1018 19 31
3710 6 0 0 46 1021 19 28
3711 6 0 0 46 1021 19 28
3712 6 0 0 46 1022 19 27
3713 6 0 0 46 1024 19 25
3714 6 0 0 46 1024 19 25
3715 6 0 0 46 1025 19 24
3716 6 0 0 46 1025 19 24
3717 6 0 0 46 1025 19 26
3718 6 0 0 46 1025 19 26
3719 6 0 0 46 1025 19 26
3720 6 0 0 46 1025 19 26
3721 6 0 0 46 1027 19 24
3722 6 0 0 46 1027 19 24
3723 6 0 0 46 1027 19 24
3724 6 0 0 46 1027 19 24
3725 6 0 0 46 1027 19 26
3726 6 0 0 46 1027 19 26
3727 6 0 0 46 1027 19 26
3728 6 0 0 46 1027 19 28
3729 6 0 0 46 1027 19 28
3730 6 0 0 46 1029 19 26
3731 6 0 0 46 1029 19 26
3732 6 0 0 46 1029 19 28
3733 6 0 0 46 1030 19 33
3734 6 0 0 46 1031 19 32
3735 6 0 0 46 1031 19 32
3736 6 0 0 46 1032 19 31
3737 6 0 0 46 1036 19 27
3738 6 0 0 46 1037 19 26
3739 6 0 0 46 1038 19 25
3740 6 0 0 46 1038 19 25
3741 6 0 0 46 1038 19 25
3742 6 0 0 46 1038 19 25
3743 6 0 0 46 1039 19 26
3744 6 0 0 46 1040 19 31
3745 6 0 0 46 1040 19 31
3746 6 0 0 46 1040 19 33
3747 6 0 0 46 1037 20 34
3748 6 0 0 46 1041 20 30
3749 6 0 0 46 1041 20 30
3750 6 0 0 46 1043 20 28
3751 6 0 0 46 1045 20 26
3752 6 0 0 46 1045 20 26
3753 6 0 0 46 1045 20 26
3754 6 0 0 46 1045 20 26
3755 6 0 0 46 1045 20 28
3756 6 0 0 46 1045 20 28
3757 6 0 0 46 1045 20 28
3758 6 0 0 46 1045 20 28
3759 6 0 0 46 1046 20 27
3760 6 0 0 46 1047 20 26
3761 6 0 0 46 1047 20 26
3762 6 0 0 46 1047 20 26
3763 6 0 0 46 1047 20 28
3764 6 0 0 46 1047 20 28
3765 6 0 0 46 1047 20 28
3766 6 0 0 46 1047 20 30
3767 6 0 0 46 1049 20 28
3768 6 0 0 46 1049 20 28
3769 6 0 0 46 1049 20 28
3770 6 0 0 46 1050 20 29
3771 6 0 0 46 1050 20 35
3772 6 0 0 46 1050 20 35
3773 6 0 0 46 1050 20 35
3774 6 0 0 46 1051 20 34
3775 6 0 0 46 1056 20 29
3776 6 0 0 46 1057 20 29
3777 6 0 0 46 1059 20 27
3778 6 0 0 46 1059 20 27
3779 6 0 0 46 1059 20 27
3780 6 0 0 46 1060 20 26
3781 6 0 0 46 1060 20 28
3782 6 0 0 46 1061 20 34
3783 6 0 0 46 1062 20 33
3784 6 0 0 46 1062 20 35
3785 6 0 0 46 1066 20 33
3786 6 0 0 46 1070 20 29
3787 6 0 0 46 1071 20 28
3788 6 0 0 46 1073 20 26
3789 6 0 0 46 1074 20 25
3790 6 0 0 46 1074 20 25
3791 6 0 0 46 1074 20 25
3792 6 0 0 46 1074 20 25
3793 6 0 0 46 1074 20 27
3794 6 0 0 46 1074 20 27
3795 6 0 0 46 1074 20 27
3796 6 0 0 46 1074 20 27
3797 6 0 0 46 1074 21 27
3798 6 0 0 46 1076 21 25
3799 6 0 0 46 1076 21 25
3800 6 0 0 46 1076 21 25
3801 6 0 0 46 1076 21 27
3802 6 0 0 46 1076 21 27
3803 6 0 0 46 1076 21 27
3804 6 0 0 46 1076 21 29
3805 6 0 0 46 1076 21 29
3806 6 0 0 46 1077 21 28
3807 6 0 0 46 1079 21 26
3808 6 0 0 46 1079 21 28
3809 6 0 0 46 1079 21 34
3810 6 0 0 46 1079 21 34
3811 6 0 0 46 1079 21 34
3812 6 0 0 46 1080 21 33
3813 6 0 0 46 1084 21 29
3814 6 0 0 46 1086 21 27
3815 6 0 0 46 1086 21 27
3816 6 0 0 46 1086 21 27
3817 6 0 0 46 1086 21 27
3818 6 0 0 46 1086 21 27
3819 6 0 0 46 1088 21 27
3820 6 0 0 46 1088 21 34
3821 6 0 0 46 1088 21 34
3822 6 0 0 46 1085 21 32
3823 6 0 0 46 1086 21 31
3824 6 0 0 46 1089 21 28
3825 6 0 0 46 1091 21 26
3826 6 0 0 46 1092 21 25
3827 6 0 0 46 1093 21 24
3828 6 0 0 46 1094 21 23
3829 6 0 0 46 1094 21 23
3830 6 0 0 46 1094 21 23
3831 6 0 0 46 1094 21 25
3832 6 0 0 46 1094 21 25
3833 6 0 0 46 1094 21 25
3834 6 0 0 46 1094 21 25
3835 6 0 0 46 1095 21 24
3836 6 0 0 46 1096 21 23
3837 6 0 0 46 1096 21 23
3838 6 0 0 46 1096 21 23
3839 6 0 0 46 1096 21 25
3840 6 0 0 46 1096 21 25
3841 6 0 0 46 1096 21 25
3842 6 0 0 46 1096 21 27
3843 6 0 0 46 1094 21 27
3844 6 0 0 46 1094 21 27
3845 6 0 0 46 1094 21 27
3846 6 0 0 46 1094 21 29
3847 6 0 0 46 1095 21 34
3848 6 0 0 46 1095 21 34
3849 6 0 0 46 1096 21 33
3850 6 0 0 46 1097 21 32
3851 6 0 0 46 1101 21 28
3852 6 0 0 46 1102 21 27
3853 6 0 0 46 1104 21 25
3854 6 0 0 46 1104 21 25
3855 6 0 0 46 1104 21 25
3856 6 0 0 46 1104 21 25
3857 6 0 0 46 1104 21 27
3858 6 0 0 46 1104 21 32
3859 6 0 0 46 1104 21 32
3860 6 0 0 46 1105 21 33
3861 6 0 0 46 1106 21 32
3862 6 0 0 46 1105 21 29
3863 6 0 0 46 1105 21 29
3864 6 0 0 46 1109 21 25
3865 6 0 0 46 1109 21 25
3866 6 0 0 46 1110 21 24
3867 6 0 0 46 1111 21 23
3868 6 0 0 46 1111 21 23
3869 6 0 0 46 1111 21 25
3870 6 0 0 46 1111 21 25
3871 6 0 0 46 1111 21 25
3872 6 0 0 46 1111 21 25
3873 6 0 0 46 1112 21 24
3874 6 0 0 46 1113 21 23
3875 6 0 0 46 1113 21 23
3876 6 0 0 46 1113 21 23
3877 6 0 0 46 1113 21 25
3878 6 0 0 46 1113 21 25
3879 6 0 0 46 1113 21 25
3880 6 0 0 46 1115 21 25
3881 6 0 0 46 1116 21 24
3882 6 0 0 46 1116 21 24
3883 6 0 0 46 1115 21 22
3884 6 0 0 46 1115 21 24
3885 6 0 0 46 1115 21 30
3886 6 0 0 46 1115 21 30
3887 6 0 0 46 1116 21 29
3888 6 0 0 46 1118 21 27
3889 6 0 0 46 1119 21 24
3890 6 0 0 46 1122 21 21
3891 6 0 0 46 1122 21 21
3892 6 0 0 46 1122 21 21
3893 6 0 0 46 1122 21 21
3894 6 0 0 46 1122 21 21
3895 6 0 0 46 1123 21 22
3896 6 0 0 46 1123 21 26
3897 6 0 0 46 1123 21 26
3898 6 0 0 46 1123 21 28
3899 6 0 0 46 1124 21 27
3900 6 0 0 46 1126 21 25
3901 6 0 0 46 1128 21 23
3902 6 0 0 46 1129 21 22
3903 6 0 0 46 1130 21 21
3904 6 0 0 46 1131 21 20
3905 6 0 0 46 1131 21 20
3906 6 0 0 46 1131 21 20
3907 6 0 0 46 1131 21 22
3908 6 0 0 46 1131 21 22
3909 6 0 0 46 1131 21 22
3910 6 0 0 46 1131 21 22
3911 6 0 0 46 1132 21 21
3912 6 0 0 46 1133 21 20
3913 6 0 0 46 1133 21 20
3914 6 0 0 46 1133 21 20
3915 6 0 0 46 1133 21 22
3916 6 0 0 46 1133 21 22
3917 6 0 0 46 1133 21 22
3918 6 0 0 46 1133 21 22
3919 6 0 0 46 1133 21 22
3920 6 0 0 46 1135 21 20
3921 6 0 0 46 1135 21 20
3922 6 0 0 46 1135 21 22
3923 6 0 0 46 1135 21 28
3924 6 0 0 46 1135 21 28
3925 6 0 0 46 1135 21 28
3926 6 0 0 46 1133 22 28
3927 6 0 0 46 1136 22 25
3928 6 0 0 46 1139 22 22
3929 6 0 0 46 1140 22 21
3930 6 0 0 46 1140 22 21
3931 6 0 0 46 1140 22 21
3932 6 0 0 46 1140 22 21
3933 6 0 0 46 1140 22 23
3934 6 0 0 46 1140 22 27
3935 6 0 0 46 1140 22 27
3936 6 0 0 46 1140 22 29
3937 6 0 0 46 1142 22 27
3938 6 0 0 46 1145 22 24
3939 6 0 0 46 1145 22 24
3940 6 0 0 46 1147 22 22
3941 6 0 0 46 1147 22 22
3942 6 0 0 46 1148 22 21
3943 6 0 0 46 1148 22 21
3944 6 0 0 46 1148 22 21
3945 6 0 0 46 1148 22 23
3946 6 0 0 46 1148 22 23
3947 6 0 0 46 1148 22 23
3948 6 0 0 46 1148 22 23
3949 6 0 0 46 1150 22 21
3950 6 0 0 46 1150 22 21
3951 6 0 0 46 1150 22 21
3952 6 0 0 46 1150 22 21
3953 6 0 0 46 1150 22 23
3954 6 0 0 46 1150 22 23
3955 6 0 0 46 1150 22 24
3956 6 0 0 46 1150 22 24
3957 6 0 0 46 1151 22 23
3958 6 0 0 46 1151 22 23
3959 6 0 0 46 1152 22 22
3960 6 0 0 46 1152 22 24
3961 6 0 0 46 1153 22 29
3962 6 0 0 46 1153 22 29
3963 6 0 0 46 1153 22 29
3964 6 0 0 46 1154 22 29
3965 6 0 0 46 1159 22 24
3966 6 0 0 46 1160 22 23
3967 6 0 0 46 1160 22 23
3968 6 0 0 46 1161 22 22
3969 6 0 0 46 1161 22 22
3970 6 0 0 46 1161 22 22
3971 6 0 0 46 1161 22 24
3972 6 0 0 46 1161 22 28
3973 6 0 0 46 1161 22 28
3974 6 0 0 46 1161 22 30
3975 6 0 0 46 1161 22 30
3976 6 0 0 46 1163 22 28
3977 6 0 0 46 1164 22 27
3978 6 0 0 46 1165 22 26
3979 6 0 0 46 1166 22 25
3980 6 0 0 46 1167 22 24
3981 6 0 0 46 1169 22 22
3982 6 0 0 46 1169 22 22
3983 6 0 0 46 1169 22 24
3984 6 0 0 46 1169 22 24
3985 6 0 0 46 1169 22 24
3986 6 0 0 46 1169 22 24
3987 6 0 0 46 1170 22 23
3988 6 0 0 46 1170 22 23
3989 6 0 0 46 1171 22 22
3990 6 0 0 46 1171 22 22
3991 6 0 0 46 1171 22 24
3992 6 0 0 46 1171 22 24
3993 6 0 0 46 1171 22 26
3994 6 0 0 46 1171 22 26
3995 6 0 0 46 1171 22 26
3996 6 0 0 46 1171 22 26
3997 6 0 0 46 1174 22 23
3998 6 0 0 46 1174 22 25
3999 6 0 0 46 1175 22 31
4000 6 0 0 46 1179 22 27
