581.026 421.086 5.295 9.953 12.0829 0.1 0 193 3 1 -2.67602e-09 -4.07482e-09 0 0 6.95334e-310 6.95334e-310 0 0
591.953 437.724 5.295 9.953 12.0829 0.1 0 97 3 1 -2.60154e-09 -2.57135e-09 0 0 6.95334e-310 6.95334e-310 0 0
584.507 456.184 5.295 9.953 12.0829 0.1 0 92 3 1 -2.2954e-09 -5.69077e-10 0 0 6.95334e-310 6.95334e-310 0 0
582.254 475.961 5.295 9.953 12.0829 0.1 0 88 3 1 -1.39712e-09 1.28505e-09 0 0 5.13135e-310 3.16202e-322 0 0
622.038 417.35 5.295 9.953 12.0829 0.1 0 109 3 1 -1.44895e-09 -2.79763e-09 0 0 6.95334e-310 6.95334e-310 0 0
611.557 434.273 5.295 9.953 12.0829 0.1 0 77 3 1 -5.93529e-10 -1.16625e-09 0 0 6.95334e-310 6.95334e-310 0 0
607.423 456.225 5.295 9.953 12.0829 0.1 0 54 3 1 -2.3494e-09 -2.50711e-10 0 0 1.63042e-322 5.13135e-310 0 0
641.446 421.776 5.295 9.953 12.0829 0.1 0 92 3 1 -1.96494e-11 -4.60762e-09 0 0 6.95334e-310 6.95334e-310 0 0
650.842 439.324 5.295 9.953 12.0829 0.1 0 71 3 1 2.77481e-09 -4.48336e-09 0 0 6.95334e-310 6.95334e-310 0 0
630.944 438.784 5.295 9.953 12.0829 0.1 0 64 3 1 1.09761e-09 -1.07728e-09 0 0 6.95334e-310 6.95334e-310 0 0
627.216 458.337 5.295 9.953 12.0829 0.1 0 45 3 1 -1.39657e-09 -5.51077e-10 0 0 5.13135e-310 1.58101e-322 0 0
666.166 426.619 5.295 9.953 12.0829 0.1 0 99 3 1 4.32163e-09 -4.85631e-09 0 0 6.95334e-310 6.95334e-310 0 0
670.062 446.14 5.295 9.953 12.0829 0.1 0 63 3 1 2.14635e-09 -3.80216e-09 0 0 9.53547e-322 5.13135e-310 0 0
689.532 450.281 5.295 9.953 12.0829 0.1 0 87 3 1 2.78862e-09 -1.77758e-09 0 0 1.25987e-320 2.05531e-321 0 0
589.932 494.326 5.295 9.953 12.0829 0.1 0 65 3 1 -8.28393e-09 5.91247e-09 0 0 1.63042e-322 5.13135e-310 0 0
612.01 475.731 5.295 9.953 12.0829 0.1 0 42 3 1 -0 -0 0 0 6.95334e-310 6.95334e-310 0 0
628.035 488.313 5.295 9.953 12.0829 0.1 0 35 3 1 -1.51697e-09 2.43708e-09 0 0 5.13135e-310 5.13135e-310 0 0
654.738 458.844 5.295 9.953 12.0829 0.1 0 44 3 1 1.66777e-09 -2.02715e-09 0 0 6.95334e-310 6.95334e-310 0 0
640.713 472.968 5.295 9.953 12.0829 0.1 0 36 3 1 -9.3287e-11 1.67275e-11 0 0 9.34278e-321 5.13135e-310 0 0
672.847 467.106 5.295 9.953 12.0829 0.1 0 47 3 1 3.17692e-09 -4.52185e-10 0 0 6.95334e-310 6.95334e-310 0 0
658.77 481.345 5.295 9.953 12.0829 0.1 0 35 3 1 1.72406e-09 -1.42946e-09 0 0 5.13135e-310 3.30395e-311 0 0
692.547 469.957 5.295 9.953 12.0829 0.1 0 66 3 1 4.74812e-09 -1.14576e-09 0 0 2.06025e-321 5.13135e-310 0 0
609.751 496.18 5.295 9.953 12.0829 0.1 0 41 3 1 -5.75096e-09 -4.29682e-11 0 0 6.95334e-310 6.95334e-310 0 0
625.888 508.241 5.295 9.953 12.0829 0.1 0 35 3 1 5.79167e-10 -1.46193e-09 0 0 9.40207e-321 5.13135e-310 0 0
645.752 497.386 5.295 9.953 12.0829 0.1 0 32 3 1 1.13913e-09 1.53863e-09 0 0 6.95334e-310 6.95334e-310 0 0
643.741 517.19 5.295 9.953 12.0829 0.1 0 34 3 1 -2.32988e-10 2.29452e-09 0 0 0 0 0 0
679.426 485.893 5.295 9.953 12.0829 0.1 0 41 3 1 6.16091e-09 -1.35432e-10 0 0 6.95334e-310 6.95334e-310 0 0
665.473 500.088 5.295 9.953 12.0829 0.1 0 35 3 1 3.25402e-09 -8.87197e-10 0 0 0 0 0 0
699.677 488.541 5.295 9.953 12.0829 0.1 0 71 3 1 4.83088e-10 1.86534e-09 0 0 6.95334e-310 6.95334e-310 0 0
685.789 505.071 5.295 9.953 12.0829 0.1 0 48 3 1 -0 -0 0 0 0 0 0 0
600.521 513.816 5.295 9.953 12.0829 0.1 0 49 3 1 -5.40401e-09 2.44874e-09 0 0 6.95334e-310 6.95334e-310 0 0
618.556 526.747 5.295 9.953 12.0829 0.1 0 44 3 1 -2.40754e-09 -1.8212e-09 0 0 0 0 0 0
636.121 536.112 5.295 9.953 12.0829 0.1 0 43 3 1 -2.52209e-09 1.2508e-09 0 0 0 0 0 0
669.804 519.517 5.295 9.953 12.0829 0.1 0 42 3 1 -6.12389e-10 1.86816e-09 0 0 6.95334e-310 6.95334e-310 0 0
655.885 533.746 5.295 9.953 12.0829 0.1 0 41 3 1 -7.23016e-10 4.00164e-09 0 0 0 0 0 0
708.183 506.538 5.295 9.953 12.0829 0.1 0 80 3 1 1.23466e-09 2.61223e-09 0 0 6.95334e-310 6.95334e-310 0 0
725.213 520.741 5.295 9.953 12.0829 0.1 0 124 3 1 2.93489e-09 -1.70394e-09 0 0 6.95334e-310 6.95334e-310 0 0
707.998 530.736 5.295 9.953 12.0829 0.1 0 97 3 1 3.18788e-09 9.1367e-10 0 0 6.95334e-310 6.95334e-310 0 0
688.832 525.36 5.295 9.953 12.0829 0.1 0 63 3 1 2.05205e-09 -1.03056e-09 0 0 0 0 0 0
599.909 533.711 5.295 9.953 12.0829 0.1 0 73 3 1 -1.21501e-09 4.26951e-09 0 0 6.95334e-310 6.95334e-310 0 0
583.345 544.75 5.295 9.953 12.0829 0.1 0 137 3 1 -3.879e-09 2.58506e-09 0 0 6.95334e-310 6.95334e-310 0 0
613.46 548.292 5.295 9.953 12.0829 0.1 0 76 3 1 2.29056e-09 2.46459e-09 0 0 0 0 0 0
636.934 571.37 5.295 9.953 12.0829 0.1 0 87 3 1 -1.10065e-09 7.30737e-10 0 0 0 0 0 0
645.76 553.528 5.295 9.953 12.0829 0.1 0 56 3 1 2.27922e-10 7.2289e-10 0 0 6.95334e-310 6.95334e-310 0 0
665.352 557.049 5.295 9.953 12.0829 0.1 0 61 3 1 9.59367e-10 4.15277e-10 0 0 6.95334e-310 6.95334e-310 0 0
656.526 574.891 5.295 9.953 12.0829 0.1 0 85 3 1 -6.09443e-10 6.71166e-10 0 0 6.95334e-310 6.95334e-310 0 0
646.333 591.988 5.295 9.953 12.0829 0.1 0 138 3 1 -8.49253e-10 1.42446e-09 0 0 6.95334e-310 6.95334e-310 0 0
676.214 577.826 5.295 9.953 12.0829 0.1 0 91 3 1 5.95095e-11 2.52126e-10 0 0 6.95334e-310 6.95334e-310 0 0
694.302 586.136 5.295 9.953 12.0829 0.1 0 151 3 1 5.51988e-10 2.53617e-10 0 0 0 0 0 0
674.914 539.59 5.295 9.953 12.0829 0.1 0 50 3 1 1.44507e-09 -4.36455e-10 0 0 6.95334e-310 6.95334e-310 0 0
693.951 546.223 5.295 9.953 12.0829 0.1 0 70 3 1 3.11122e-11 -3.66835e-10 0 0 6.95334e-310 6.95334e-310 0 0
692.269 566.057 5.295 9.953 12.0829 0.1 0 87 3 1 4.38907e-10 2.23082e-11 0 0 6.95334e-310 6.95334e-310 0 0
80 235 2.6475 4.9765 6.04147 0.1 0 0 7 7 -0 -0.0266735 0 0 6.22029e-321 5.13135e-310 0 0
80 244 2.6475 4.9765 6.04147 0.1 0 0 7 7 -0 -0 0 0 6.83753e-310 0 0 0
80 253 2.6475 4.9765 6.04147 0.1 0 0 7 7 -0 -0 0 0 4.93078e-321 5.13135e-310 0 0
80 262 2.6475 4.9765 6.04147 0.1 0 0 7 7 -0 -0 0 0 1.8037e-312 2.69493e-311 0 0
80 271 2.6475 4.9765 6.04147 0.1 0 0 7 7 -0 -0 0 0 1.11165e-321 5.13135e-310 0 0
80 280 2.6475 4.9765 6.04147 0.1 0 0 7 7 -0 -0 0 0 5.13135e-310 3.16202e-322 0 0
80 289 2.6475 4.9765 6.04147 0.1 0 0 7 7 -0 -0 0 0 3.16202e-322 5.13021e-310 0 0
80 298 2.6475 4.9765 6.04147 0.1 0 0 7 7 -0 -0 0 0 4.63232e-311 4.63019e-311 0 0
80 307 2.6475 4.9765 6.04147 0.1 0 0 7 7 -0 -0 0 0 3.16202e-322 5.13021e-310 0 0
80 316 2.6475 4.9765 6.04147 0.1 0 0 7 7 -0 -0 0 0 5.13135e-310 6.32404e-322 0 0
80 325 2.6475 4.9765 6.04147 0.1 0 0 7 7 -0 -0 0 0 7.5592e-321 5.13135e-310 0 0
80 334 2.6475 4.9765 6.04147 0.1 0 0 7 7 -0 -0 0 0 5.13135e-310 2.02226e-311 0 0
80 343 2.6475 4.9765 6.04147 0.1 0 0 7 7 -0 -0 0 0 2.32995e-311 5.13735e-311 0 0
80 352 2.6475 4.9765 6.04147 0.1 0 0 7 7 -0 -0 0 0 1.58101e-322 5.13021e-310 0 0
80 361 2.6475 4.9765 6.04147 0.1 0 0 7 7 -0 -0 0 0 5.13135e-310 5.13135e-310 0 0
80 370 2.6475 4.9765 6.04147 0.1 0 0 7 7 -0 -0 0 0 1.63042e-322 5.13135e-310 0 0
80 379 2.6475 4.9765 6.04147 0.1 0 0 7 7 -0 -0 0 0 5.13135e-310 0 0 0
80 388 2.6475 4.9765 6.04147 0.1 0 0 7 7 -0 -0 0 0 2.90511e-321 5.13135e-310 0 0
80 397 2.6475 4.9765 6.04147 0.1 0 0 7 7 -0 -0 0 0 5.13135e-310 0 0 0
80 406 2.6475 4.9765 6.04147 0.1 0 0 7 7 -0 -0 0 0 5.13135e-310 0 0 0
80 415 2.6475 4.9765 6.04147 0.1 0 0 7 7 -0 -0 0 0 5.13135e-310 5.13135e-310 0 0
80 424 2.6475 4.9765 6.04147 0.1 0 0 7 7 -0 -0 0 0 5.13135e-310 5.13135e-310 0 0
80 433 2.6475 4.9765 6.04147 0.1 0 0 7 7 -0 -0 0 0 5.13135e-310 5.13135e-310 0 0
80 442 2.6475 4.9765 6.04147 0.1 0 0 7 7 -0 -0 0 0 5.13135e-310 5.13135e-310 0 0
80 451 2.6475 4.9765 6.04147 0.1 0 0 7 7 -0 -0 0 0 5.13135e-310 5.13135e-310 0 0
80 460 2.6475 4.9765 6.04147 0.1 0 0 7 7 -0 -0 0 0 5.13135e-310 5.13135e-310 0 0
80 469 2.6475 4.9765 6.04147 0.1 0 0 7 7 -0 -0 0 0 0 5.13135e-310 0 0
80 478 2.6475 4.9765 6.04147 0.1 0 0 7 7 -0 -0 0 0 -nan 1.26481e-321 0 0
80 487 2.6475 4.9765 6.04147 0.1 0 0 7 7 -0 -0 0 0 6.83753e-310 0 0 0
80 496 2.6475 4.9765 6.04147 0.1 0 0 7 7 -0 -0 0 0 1.63042e-322 5.13135e-310 0 0
80 505 2.6475 4.9765 6.04147 0.1 0 0 7 7 -0 -0 0 0 5.13135e-310 3.16202e-322 0 0
80 514 2.6475 4.9765 6.04147 0.1 0 0 7 7 -0 -0 0 0 1.58101e-322 5.13021e-310 0 0
80 523 2.6475 4.9765 6.04147 0.1 0 0 7 7 -0 -0 0 0 4.92303e-311 5.63178e-311 0 0
80 532 2.6475 4.9765 6.04147 0.1 0 0 7 7 -0 -0 0 0 1.58101e-322 5.13021e-310 0 0
80 541 2.6475 4.9765 6.04147 0.1 0 0 7 7 -0 -0 0 0 5.13135e-310 3.16202e-322 0 0
80 550 2.6475 4.9765 6.04147 0.1 0 0 7 7 -0 -0 0 0 1.63042e-322 5.13135e-310 0 0
80 559 2.6475 4.9765 6.04147 0.1 0 0 7 7 -0 -0 0 0 5.13135e-310 3.79442e-321 0 0
80 568 2.6475 4.9765 6.04147 0.1 0 0 7 7 -0 -0 0 0 5.13135e-310 0 0 0
80 577 2.6475 4.9765 6.04147 0.1 0 0 7 7 -0 -0 0 0 0 5.13135e-310 0 0
80 586 2.6475 4.9765 6.04147 0.1 0 0 7 7 -0 -0 0 0 1.35127e-320 5.13135e-310 0 0
80 595 2.6475 4.9765 6.04147 0.1 0 0 7 7 -0 -0 0 0 5.13135e-310 5.77395e-311 0 0
80 604 2.6475 4.9765 6.04147 0.1 0 0 7 7 -0 -0 0 0 3.21143e-322 5.13135e-310 0 0
80 613 2.6475 4.9765 6.04147 0.1 0 0 7 7 -0 -0 0 0 0 0 0 0
80 622 2.6475 4.9765 6.04147 0.1 0 0 7 7 -0 -0 0 0 1.35325e-320 0 0 0
80 631 2.6475 4.9765 6.04147 0.1 0 0 7 7 -0 -0 0 0 0 5.13135e-310 0 0
80 640 2.6475 4.9765 6.04147 0.1 0 0 7 7 -0 -0 0 0 -nan 1.26481e-321 0 0
80 649 2.6475 4.9765 6.04147 0.1 0 0 7 7 -0 -0 0 0 5.13135e-310 5.13135e-310 0 0
80 658 2.6475 4.9765 6.04147 0.1 0 0 7 7 -0 -0 0 0 5.13135e-310 5.13135e-310 0 0
80 667 2.6475 4.9765 6.04147 0.1 0 0 7 7 -0 -0 0 0 5.13135e-310 5.13135e-310 0 0
80 676 2.6475 4.9765 6.04147 0.1 0 0 7 7 -0 -0 0 0 5.13135e-310 5.13135e-310 0 0
80 685 2.6475 4.9765 6.04147 0.1 0 0 7 7 -0 -0 0 0 5.13135e-310 5.13135e-310 0 0
80 694 2.6475 4.9765 6.04147 0.1 0 0 7 7 -0 -0 0 0 5.13135e-310 5.13135e-310 0 0
80 703 2.6475 4.9765 6.04147 0.1 0 0 7 7 -0 -0 0 0 5.13135e-310 5.13135e-310 0 0
80 712 2.6475 4.9765 6.04147 0.1 0 0 7 7 -0 -0 0 0 5.13135e-310 5.13135e-310 0 0
80 721 2.6475 4.9765 6.04147 0.1 0 0 7 7 -0 -0 0 0 5.13135e-310 5.13135e-310 0 0
80 730 2.6475 4.9765 6.04147 0.1 0 0 7 7 -0 -0 0 0 5.13135e-310 5.13135e-310 0 0
80 739 2.6475 4.9765 6.04147 0.1 0 0 7 7 -0 -0 0 0 5.13135e-310 5.13135e-310 0 0
80 748 2.6475 4.9765 6.04147 0.1 0 0 7 7 -0 -0 0 0 5.13135e-310 5.13021e-310 0 0
80 757 2.6475 4.9765 6.04147 0.1 0 0 7 7 -0 -0 0 0 2.52517e-311 3.19785e-311 0 0
80 766 2.6475 4.9765 6.04147 0.1 0 0 7 7 -0 -0 0 0 3.16202e-322 5.13021e-310 0 0
80 775 2.6475 4.9765 6.04147 0.1 0 0 7 7 -0 0.0266735 0 0 7.46943e-312 1.22439e-311 0 0
100 208 2.6475 4.9765 6.04147 0.1 0 0 7 7 -0 -0.0266735 0 0 3.16202e-322 5.13021e-310 0 0
100 217 2.6475 4.9765 6.04147 0.1 0 0 7 7 -0 -0 0 0 6.83753e-310 6.32404e-322 0 0
100 226 2.6475 4.9765 6.04147 0.1 0 0 7 7 -0 -0 0 0 7.62343e-321 5.13135e-310 0 0
100 235 2.6475 4.9765 6.04147 0.1 0 0 7 7 -0 -0 0 0 6.83753e-310 3.16202e-322 0 0
100 244 2.6475 4.9765 6.04147 0.1 0 0 7 7 -0 -0 0 0 7.65308e-321 5.13135e-310 0 0
100 253 2.6475 4.9765 6.04147 0.1 0 0 7 7 -0 -0 0 0 5.13135e-310 3.28909e-311 0 0
100 262 2.6475 4.9765 6.04147 0.1 0 0 7 7 -0 -0 0 0 1.63042e-322 5.13135e-310 0 0
100 271 2.6475 4.9765 6.04147 0.1 0 0 7 7 -0 -0 0 0 5.13135e-310 3.30819e-311 0 0
100 280 2.6475 4.9765 6.04147 0.1 0 0 7 7 -0 -0 0 0 3.16202e-322 5.13021e-310 0 0
100 289 2.6475 4.9765 6.04147 0.1 0 0 7 7 -0 -0 0 0 5.13135e-310 3.16202e-322 0 0
100 298 2.6475 4.9765 6.04147 0.1 0 0 7 7 -0.00236655 0.0246654 0 0 1.58101e-322 5.13021e-310 0 0
107.486 304.434 2.6475 4.9765 6.04147 0.1 0 0 7 15 0.0117767 0.0126913 0 0 4.03604e-311 3.16202e-322 0 0
108.704 313.246 2.6475 4.9765 6.04147 600 0 739 7 13 0.00379286 -0.0117313 0 0 0.998883 -0.0472415 0 0
115.782 307.652 2.6475 4.9765 6.04147 600 0 777 7 13 -0.0133946 -0.000966323 0 0 0.993817 -0.111034 0 0
117.368 317.066 2.6475 4.9765 6.04147 600 0 815 7 13 -9.82466e-05 0.00285718 0 0 0.990881 -0.134741 0 0
125.038 311.444 2.6475 4.9765 6.04147 600 0 853 7 13 0.00515482 0.0036489 0 0 0.962347 -0.271823 0 0
132.072 317.736 2.6475 4.9765 6.04147 600 0 891 7 13 0.00404614 -0.00410796 0 0 0.989832 -0.142245 0 0
141.475 318.257 2.6475 4.9765 6.04147 600 0 929 7 13 -0.00726868 -0.000730585 0 0 0.938168 -0.346179 0 0
150.36 315.566 2.05972 3.87165 4.27197 600 0 967 7 13 -0.0220412 -0.0246874 0 0 0.957421 -0.288695 0 0
156.108 322.534 2.05972 3.87165 4.27197 600 0 967 11 13 0.0212684 0.0255589 0 0 0.9945 -0.104736 0 0
162.643 326.156 2.6475 4.9765 6.04147 0.1 0 261 8 10 -0.00317849 0.000192854 0 0 0.997692 -0.0679011 0 0
155.52 330.641 2.05972 3.87165 4.27197 600 0 967 11 14 0.000309043 5.13716e-05 0 0 0.997692 -0.0679011 0 0
149.681 335.486 2.05972 3.87165 4.27197 600 0 967 7 14 -0.00152969 -0.0014984 0 0 0.995771 0.0918698 0 0
141.367 333.679 2.6475 4.9765 6.04147 600 0 929 7 14 -0.000752035 8.49855e-05 0 0 0.993888 0.110391 0 0
132.001 332.381 2.6475 4.9765 6.04147 600 0 891 7 14 0.000608569 0.00309416 0 0 0.997327 -0.0730724 0 0
124.973 338.831 2.6475 4.9765 6.04147 600 0 853 7 14 -0.00263442 0.000485463 0 0 0.991363 0.131148 0 0
117.585 333.08 2.6475 4.9765 6.04147 600 0 815 7 14 -0.00111706 0.000471069 0 0 0.999735 -0.0230255 0 0
116.217 342.338 2.6475 4.9765 6.04147 600 0 777 7 14 0.00320071 -0.00179919 0 0 0.997964 -0.0637828 0 0
108.822 336.406 2.6475 4.9765 6.04147 600 0 739 7 14 -7.17155e-05 -0.00158682 0 0 0.986161 -0.165792 0 0
107.183 345.8 2.6475 4.9765 6.04147 0.1 0 0 7 15 -0.000405285 0.00314354 0 0 5.13135e-310 1.10671e-321 0 0
100 352 2.6475 4.9765 6.04147 0.1 0 0 7 7 0.00378533 -0.0299852 0 0 1.63042e-322 5.13135e-310 0 0
100 361 2.6475 4.9765 6.04147 0.1 0 0 7 7 -0 -0 0 0 0 3.87901e-311 0 0
100 370 2.6475 4.9765 6.04147 0.1 0 0 7 7 -0 -0 0 0 1.58101e-322 5.13021e-310 0 0
100 379 2.6475 4.9765 6.04147 0.1 0 0 7 7 -0 -0 0 0 5.13135e-310 1.58101e-322 0 0
100 388 2.6475 4.9765 6.04147 0.1 0 0 7 7 -0 -0 0 0 1.58101e-322 5.13021e-310 0 0
100 397 2.6475 4.9765 6.04147 0.1 0 0 7 7 -0 -0 0 0 1.05977e-320 0 0 0
100 406 2.6475 4.9765 6.04147 0.1 0 0 7 7 -0 -0 0 0 1.58101e-322 5.13021e-310 0 0
100 415 2.6475 4.9765 6.04147 0.1 0 0 7 7 -0 -0 0 0 5.13135e-310 1.26481e-321 0 0
100 424 2.6475 4.9765 6.04147 0.1 0 0 7 7 -0 -0 0 0 3.16202e-322 5.13021e-310 0 0
100 433 2.6475 4.9765 6.04147 0.1 0 0 7 7 -0 -0 0 0 6.83753e-310 6.32404e-322 0 0
100 442 2.6475 4.9765 6.04147 0.1 0 0 7 7 -0 -0 0 0 7.63918e-312 8.78506e-312 0 0
100 451 2.6475 4.9765 6.04147 0.1 0 0 7 7 -0 -0 0 0 1.63042e-322 5.13135e-310 0 0
100 460 2.6475 4.9765 6.04147 0.1 0 0 7 7 -0 -0 0 0 6.83753e-310 0 0 0
100 469 2.6475 4.9765 6.04147 0.1 0 0 7 7 -0 -0 0 0 1.58101e-322 5.13021e-310 0 0
100 478 2.6475 4.9765 6.04147 0.1 0 0 7 7 -0 -0 0 0 5.13135e-310 3.32012e-321 0 0
100 487 2.6475 4.9765 6.04147 0.1 0 0 7 7 -0 -0 0 0 3.16202e-322 5.13021e-310 0 0
100 496 2.6475 4.9765 6.04147 0.1 0 0 7 7 -0 -0 0 0 6.83753e-310 0 0 0
100 505 2.6475 4.9765 6.04147 0.1 0 0 7 7 -0 -0 0 0 3.11261e-321 5.13135e-310 0 0
100 514 2.6475 4.9765 6.04147 0.1 0 0 7 7 -0 -0 0 0 5.13135e-310 1.58101e-322 0 0
100 523 2.6475 4.9765 6.04147 0.1 0 0 7 7 -0 -0 0 0 3.21143e-322 5.13135e-310 0 0
100 532 2.6475 4.9765 6.04147 0.1 0 0 7 7 -0 -0 0 0 5.13135e-310 0 0 0
100 541 2.6475 4.9765 6.04147 0.1 0 0 7 7 -0 -0 0 0 1.58101e-322 5.13021e-310 0 0
100 550 2.6475 4.9765 6.04147 0.1 0 0 7 7 -0 -0 0 0 0 1.41749e-311 0 0
100 559 2.6475 4.9765 6.04147 0.1 0 0 7 7 -0 -0 0 0 3.24601e-321 5.13135e-310 0 0
100 568 2.6475 4.9765 6.04147 0.1 0 0 7 7 -0 -0 0 0 5.13135e-310 0 0 0
100 577 2.6475 4.9765 6.04147 0.1 0 0 7 7 -0 -0 0 0 3.21143e-322 5.13135e-310 0 0
100 586 2.6475 4.9765 6.04147 0.1 0 0 7 7 -0 -0 0 0 5.13135e-310 3.16202e-322 0 0
100 595 2.6475 4.9765 6.04147 0.1 0 0 7 7 -0 -0 0 0 3.32506e-321 5.13135e-310 0 0
100 604 2.6475 4.9765 6.04147 0.1 0 0 7 7 -0 -0 0 0 5.13135e-310 0 0 0
100 613 2.6475 4.9765 6.04147 0.1 0 0 7 7 -0 -0 0 0 1.58101e-322 5.13021e-310 0 0
100 622 2.6475 4.9765 6.04147 0.1 0 0 7 7 -0 -0 0 0 1.26471e-311 1.45993e-311 0 0
100 631 2.6475 4.9765 6.04147 0.1 0 0 7 7 -0 -0 0 0 5.13135e-310 5.13135e-310 0 0
100 640 2.6475 4.9765 6.04147 0.1 0 0 7 7 -0 -0 0 0 5.13135e-310 5.13135e-310 0 0
100 649 2.6475 4.9765 6.04147 0.1 0 0 7 7 -0 -0 0 0 5.13135e-310 5.13135e-310 0 0
100 658 2.6475 4.9765 6.04147 0.1 0 0 7 7 0.0012477 0.028892 0 0 5.13135e-310 5.13135e-310 0 0
104.68 666.291 2.6475 4.9765 6.04147 0.1 0 0 7 15 0.00102723 0.000790717 0 0 5.13135e-310 5.13135e-310 0 0
110.342 673.791 2.6475 4.9765 6.04147 600 0 826 7 13 -0.00159934 -0.0023274 0 0 0.990829 0.135122 0 0
117.15 680.609 2.6475 4.9765 6.04147 600 0 826 7 13 0.00375057 0.00133697 0 0 0.997261 0.0739611 0 0
125.6 684.474 2.6475 4.9765 6.04147 600 0 864 7 13 -0.00430415 -0.00198423 0 0 0.999953 0.00965751 0 0
134.951 687.127 2.6475 4.9765 6.04147 600 0 902 7 13 0.00513879 0.000784664 0 0 0.998407 0.0564226 0 0
144.049 688.53 2.6475 4.9765 6.04147 600 0 940 7 13 -0.00678237 -0.00151306 0 0 0.999923 -0.0123775 0 0
152.891 692.544 2.6475 4.9765 6.04147 600 0 978 9 13 0.0033609 0.0024922 0 0 0.992102 0.125431 0 0
159.37 699.153 2.6475 4.9765 6.04147 0.1 0 212 8 10 -0.00674152 0.00176207 0 0 0.99393 0.11001 0 0
150.889 703.219 2.6475 4.9765 6.04147 600 0 978 9 14 -0.00019203 -0.00254909 0 0 0.992102 0.125431 0 0
141.354 704.021 2.6475 4.9765 6.04147 600 0 940 7 14 0.00151139 -0.001554 0 0 0.941578 0.336795 0 0
131.975 702.188 2.6475 4.9765 6.04147 600 0 902 7 14 0.00128699 0.000936329 0 0 0.944046 0.329815 0 0
122.453 701.909 2.6475 4.9765 6.04147 600 0 864 7 14 0.00108408 -0.000745788 0 0 0.975962 0.217942 0 0
113.408 699.127 2.6475 4.9765 6.04147 600 0 826 7 14 0.00154347 0.00094359 0 0 0.976031 0.217632 0 0
103.985 698.147 2.6475 4.9765 6.04147 600 0 788 7 14 0.000712629 -0.000496004 0 0 0.999997 -0.00261996 0 0
107.828 706.759 2.6475 4.9765 6.04147 0.1 0 0 7 15 -0.000217806 0.000814823 0 0 5.13135e-310 5.13135e-310 0 0
100 712 2.6475 4.9765 6.04147 0.1 0 0 7 7 0.000634485 -0.0271 0 0 5.13135e-310 5.13135e-310 0 0
100 721 2.6475 4.9765 6.04147 0.1 0 0 7 7 -0 -0 0 0 5.13135e-310 5.13135e-310 0 0
100 730 2.6475 4.9765 6.04147 0.1 0 0 7 7 -0 -0 0 0 5.13135e-310 5.13135e-310 0 0
100 739 2.6475 4.9765 6.04147 0.1 0 0 7 7 -0 -0 0 0 5.13135e-310 5.13135e-310 0 0
100 748 2.6475 4.9765 6.04147 0.1 0 0 7 7 -0 -0 0 0 5.13135e-310 5.13135e-310 0 0
100 757 2.6475 4.9765 6.04147 0.1 0 0 7 7 -0 -0 0 0 5.13135e-310 5.13135e-310 0 0
100 766 2.6475 4.9765 6.04147 0.1 0 0 7 7 -0 -0 0 0 5.13135e-310 5.13135e-310 0 0
100 775 2.6475 4.9765 6.04147 0.1 0 0 7 7 -0 -0 0 0 5.13135e-310 5.13135e-310 0 0
100 784 2.6475 4.9765 6.04147 0.1 0 0 7 7 -0 -0 0 0 5.13135e-310 5.13135e-310 0 0
100 793 2.6475 4.9765 6.04147 0.1 0 0 7 7 -0 -0 0 0 5.13135e-310 5.13135e-310 0 0
100 802 2.6475 4.9765 6.04147 0.1 0 0 7 7 -0 0.0266735 0 0 5.13135e-310 5.13135e-310 0 0
662.142 366.626 5.295 9.953 12.0829 0 0 1000 16 -1 -0 -0 0 0 -0.0836288 0.996497 24181 -1141620256
562.702 479.696 5.295 9.953 12.0829 0 0 1000 16 -1 -2.50649e-09 4.78727e-10 0 0 0.99863 -0.0523335 24181 -1141616736
512.443 399.389 5.295 9.953 12.0829 0 0 1000 16 -1 -0 -0 0 0 0.927387 0.374104 24181 -1141613216
477.539 625.207 5.295 9.953 12.0829 0 0 1000 16 -1 -0 -0 0 0 0.952901 -0.303282 32222 -1140445024
582.296 567.435 5.295 9.953 12.0829 0 0 1000 16 -1 -0 -0 0 0 0.576519 -0.817084 0 32
573.735 317.016 5.295 9.953 12.0829 0 0 1000 16 -1 -0 -0 0 0 0.682448 0.730934 24176 -1140989536
762.831 396.072 5.295 9.953 12.0829 0 0 1000 16 -1 -0 -0 0 0 -0.415712 0.909497 0 32
714.767 549.455 5.295 9.953 12.0829 0 0 1000 16 -1 1.00908e-09 2.79076e-09 0 0 -0.794291 -0.607538 24176 439
576.407 515.699 5.295 9.953 12.0829 0 0 1000 16 -1 -0 -0 0 0 0.999822 -0.0188866 24176 33
624.322 387.128 5.295 9.953 12.0829 0 0 1000 16 -1 -0 -0 0 0 0.00608095 0.999982 32222 -1140457536
