581.026 421.084 5.295 9.953 12.0829 0.1 0 193 3 1 -2.74082e-10 -4.1736e-10 0 0 6.95334e-310 6.95334e-310 0 0
591.952 437.723 5.295 9.953 12.0829 0.1 0 97 3 1 -2.65848e-10 -2.63727e-10 0 0 6.95334e-310 6.95334e-310 0 0
584.506 456.184 5.295 9.953 12.0829 0.1 0 92 3 1 -2.35113e-10 -5.881e-11 0 0 6.95334e-310 6.95334e-310 0 0
582.254 475.962 5.295 9.953 12.0829 0.1 0 88 3 1 -1.43312e-10 1.31233e-10 0 0 5.13135e-310 3.16202e-322 0 0
622.038 417.349 5.295 9.953 12.0829 0.1 0 109 3 1 -1.49528e-10 -2.87104e-10 0 0 6.95334e-310 6.95334e-310 0 0
611.557 434.272 5.295 9.953 12.0829 0.1 0 77 3 1 -6.00406e-11 -1.18713e-10 0 0 6.95334e-310 6.95334e-310 0 0
607.423 456.225 5.295 9.953 12.0829 0.1 0 54 3 1 -2.35891e-10 -2.51711e-11 0 0 1.63042e-322 5.13135e-310 0 0
641.446 421.774 5.295 9.953 12.0829 0.1 0 92 3 1 -2.28064e-12 -4.74496e-10 0 0 6.95334e-310 6.95334e-310 0 0
650.843 439.322 5.295 9.953 12.0829 0.1 0 71 3 1 2.83832e-10 -4.60967e-10 0 0 6.95334e-310 6.95334e-310 0 0
630.944 438.784 5.295 9.953 12.0829 0.1 0 64 3 1 1.12259e-10 -1.06644e-10 0 0 6.95334e-310 6.95334e-310 0 0
627.216 458.337 5.295 9.953 12.0829 0.1 0 45 3 1 -1.40227e-10 -5.34916e-11 0 0 5.13135e-310 1.58101e-322 0 0
666.167 426.618 5.295 9.953 12.0829 0.1 0 99 3 1 4.41106e-10 -5.00259e-10 0 0 6.95334e-310 6.95334e-310 0 0
670.063 446.139 5.295 9.953 12.0829 0.1 0 63 3 1 2.22442e-10 -3.91385e-10 0 0 9.53547e-322 5.13135e-310 0 0
689.533 450.28 5.295 9.953 12.0829 0.1 0 87 3 1 2.89096e-10 -1.82993e-10 0 0 1.25987e-320 2.05531e-321 0 0
589.93 494.328 5.295 9.953 12.0829 0.1 0 65 3 1 -8.51504e-10 6.06493e-10 0 0 1.63042e-322 5.13135e-310 0 0
612.01 475.731 5.295 9.953 12.0829 0.1 0 42 3 1 -0 -0 0 0 6.95334e-310 6.95334e-310 0 0
628.034 488.314 5.295 9.953 12.0829 0.1 0 35 3 1 -1.55424e-10 2.50216e-10 0 0 5.13135e-310 5.13135e-310 0 0
654.738 458.843 5.295 9.953 12.0829 0.1 0 44 3 1 1.71923e-10 -2.09143e-10 0 0 6.95334e-310 6.95334e-310 0 0
640.713 472.968 5.295 9.953 12.0829 0.1 0 36 3 1 -8.048e-12 2.52574e-12 0 0 9.34278e-321 5.13135e-310 0 0
672.848 467.106 5.295 9.953 12.0829 0.1 0 47 3 1 3.26183e-10 -4.60811e-11 0 0 6.95334e-310 6.95334e-310 0 0
658.771 481.345 5.295 9.953 12.0829 0.1 1 2313 0 0 1.69796e-10 -1.37435e-10 0 0 5.13135e-310 3.30395e-311 0 0
692.549 469.956 5.295 9.953 12.0829 0.1 0 66 3 1 4.87486e-10 -1.17355e-10 0 0 2.06025e-321 5.13135e-310 0 0
609.749 496.18 5.295 9.953 12.0829 0.1 0 41 3 1 -5.9133e-10 -6.68056e-12 0 0 6.95334e-310 6.95334e-310 0 0
625.888 508.24 5.295 9.953 12.0829 0.1 0 35 3 1 5.56908e-11 -1.40555e-10 0 0 9.40207e-321 5.13135e-310 0 0
645.752 497.387 5.295 9.953 12.0829 0.1 1 1649 0 0 1.173e-10 1.58246e-10 0 0 6.95334e-310 6.95334e-310 0 0
643.741 517.19 5.295 9.953 12.0829 0.1 0 34 3 1 -2.39556e-11 2.3587e-10 0 0 0 0 0 0
679.428 485.893 5.295 9.953 12.0829 0.1 0 41 3 1 6.31685e-10 -1.34081e-11 0 0 6.95334e-310 6.95334e-310 0 0
665.474 500.088 5.295 9.953 12.0829 0.1 1 1364 0 0 3.34401e-10 -8.9894e-11 0 0 0 0 0 0
699.677 488.542 5.295 9.953 12.0829 0.1 0 71 3 1 4.96632e-11 1.91909e-10 0 0 6.95334e-310 6.95334e-310 0 0
685.789 505.071 5.295 9.953 12.0829 0.1 0 48 3 1 -0 -0 0 0 0 0 0 0
600.519 513.816 5.295 9.953 12.0829 0.1 0 49 3 1 -5.56486e-10 2.4926e-10 0 0 6.95334e-310 6.95334e-310 0 0
618.555 526.746 5.295 9.953 12.0829 0.1 0 44 3 1 -2.42955e-10 -1.78731e-10 0 0 0 0 0 0
636.12 536.112 5.295 9.953 12.0829 0.1 0 43 3 1 -2.55061e-10 1.26319e-10 0 0 0 0 0 0
669.804 519.517 5.295 9.953 12.0829 0.1 1 2060 0 0 -6.30519e-11 1.89912e-10 0 0 6.95334e-310 6.95334e-310 0 0
655.885 533.748 5.295 9.953 12.0829 0.1 0 41 3 1 -7.48108e-11 4.04312e-10 0 0 0 0 0 0
708.183 506.539 5.295 9.953 12.0829 0.1 0 80 3 1 1.26983e-10 2.68659e-10 0 0 6.95334e-310 6.95334e-310 0 0
725.213 520.741 5.295 9.953 12.0829 0.1 0 124 3 1 2.95498e-10 -1.71576e-10 0 0 6.95334e-310 6.95334e-310 0 0
707.999 530.736 5.295 9.953 12.0829 0.1 0 97 3 1 3.20768e-10 9.19382e-11 0 0 6.95334e-310 6.95334e-310 0 0
688.833 525.359 5.295 9.953 12.0829 0.1 0 63 3 1 2.05306e-10 -1.00649e-10 0 0 0 0 0 0
599.908 533.713 5.295 9.953 12.0829 0.1 0 73 3 1 -1.17124e-10 4.37354e-10 0 0 6.95334e-310 6.95334e-310 0 0
583.343 544.751 5.295 9.953 12.0829 0.1 0 137 3 1 -3.90713e-10 2.60354e-10 0 0 6.95334e-310 6.95334e-310 0 0
613.461 548.293 5.295 9.953 12.0829 0.1 0 76 3 1 2.39312e-10 2.57461e-10 0 0 0 0 0 0
636.934 571.37 5.295 9.953 12.0829 0.1 0 87 3 1 -1.14211e-10 6.83799e-11 0 0 0 0 0 0
645.76 553.528 5.295 9.953 12.0829 0.1 0 56 3 1 2.11962e-11 7.06725e-11 0 0 6.95334e-310 6.95334e-310 0 0
665.352 557.049 5.295 9.953 12.0829 0.1 0 61 3 1 9.30865e-11 3.99707e-11 0 0 6.95334e-310 6.95334e-310 0 0
656.526 574.891 5.295 9.953 12.0829 0.1 0 85 3 1 -6.25412e-11 6.59511e-11 0 0 6.95334e-310 6.95334e-310 0 0
646.332 591.989 5.295 9.953 12.0829 0.1 0 138 3 1 -8.48763e-11 1.42365e-10 0 0 6.95334e-310 6.95334e-310 0 0
676.214 577.826 5.295 9.953 12.0829 0.1 0 91 3 1 7.37238e-12 2.66371e-11 0 0 6.95334e-310 6.95334e-310 0 0
694.302 586.136 5.295 9.953 12.0829 0.1 0 151 3 1 5.90719e-11 2.7141e-11 0 0 0 0 0 0
674.914 539.59 5.295 9.953 12.0829 0.1 0 50 3 1 1.42555e-10 -4.41751e-11 0 0 6.95334e-310 6.95334e-310 0 0
693.951 546.223 5.295 9.953 12.0829 0.1 0 70 3 1 3.25884e-12 -3.84274e-11 0 0 6.95334e-310 6.95334e-310 0 0
692.269 566.057 5.295 9.953 12.0829 0.1 0 87 3 1 4.64817e-11 1.96734e-12 0 0 6.95334e-310 6.95334e-310 0 0
80 235 2.6475 4.9765 6.04147 0.1 0 0 7 7 -0 -0.0266735 0 0 6.22029e-321 5.13135e-310 0 0
80 244 2.6475 4.9765 6.04147 0.1 0 0 7 7 -0 -0 0 0 6.83753e-310 0 0 0
80 253 2.6475 4.9765 6.04147 0.1 0 0 7 7 -0 -0 0 0 4.93078e-321 5.13135e-310 0 0
80 262 2.6475 4.9765 6.04147 0.1 0 0 7 7 -0 -0 0 0 1.8037e-312 2.69493e-311 0 0
80 271 2.6475 4.9765 6.04147 0.1 0 0 7 7 -0 -0 0 0 1.11165e-321 5.13135e-310 0 0
80 280 2.6475 4.9765 6.04147 0.1 0 0 7 7 -0 -0 0 0 5.13135e-310 3.16202e-322 0 0
80 289 2.6475 4.9765 6.04147 0.1 0 0 7 7 -0 -0 0 0 3.16202e-322 5.13021e-310 0 0
80 298 2.6475 4.9765 6.04147 0.1 0 0 7 7 -0 -0 0 0 4.63232e-311 4.63019e-311 0 0
80 307 2.6475 4.9765 6.04147 0.1 0 0 7 7 -0 -0 0 0 3.16202e-322 5.13021e-310 0 0
80 316 2.6475 4.9765 6.04147 0.1 0 0 7 7 -0 -0 0 0 5.13135e-310 6.32404e-322 0 0
80 325 2.6475 4.9765 6.04147 0.1 0 0 7 7 -0 -0 0 0 7.5592e-321 5.13135e-310 0 0
80 334 2.6475 4.9765 6.04147 0.1 0 0 7 7 -0 -0 0 0 5.13135e-310 2.02226e-311 0 0
80 343 2.6475 4.9765 6.04147 0.1 0 0 7 7 -0 -0 0 0 2.32995e-311 5.13735e-311 0 0
80 352 2.6475 4.9765 6.04147 0.1 0 0 7 7 -0 -0 0 0 1.58101e-322 5.13021e-310 0 0
80 361 2.6475 4.9765 6.04147 0.1 0 0 7 7 -0 -0 0 0 5.13135e-310 5.13135e-310 0 0
80 370 2.6475 4.9765 6.04147 0.1 0 0 7 7 -0 -0 0 0 1.63042e-322 5.13135e-310 0 0
80 379 2.6475 4.9765 6.04147 0.1 0 0 7 7 -0 -0 0 0 5.13135e-310 0 0 0
80 388 2.6475 4.9765 6.04147 0.1 0 0 7 7 -0 -0 0 0 2.90511e-321 5.13135e-310 0 0
80 397 2.6475 4.9765 6.04147 0.1 0 0 7 7 -0 -0 0 0 5.13135e-310 0 0 0
80 406 2.6475 4.9765 6.04147 0.1 0 0 7 7 -0 -0 0 0 5.13135e-310 0 0 0
80 415 2.6475 4.9765 6.04147 0.1 0 0 7 7 -0 -0 0 0 5.13135e-310 5.13135e-310 0 0
80 424 2.6475 4.9765 6.04147 0.1 0 0 7 7 -0 -0 0 0 5.13135e-310 5.13135e-310 0 0
80 433 2.6475 4.9765 6.04147 0.1 0 0 7 7 -0 -0 0 0 5.13135e-310 5.13135e-310 0 0
80 442 2.6475 4.9765 6.04147 0.1 0 0 7 7 -0 -0 0 0 5.13135e-310 5.13135e-310 0 0
80 451 2.6475 4.9765 6.04147 0.1 0 0 7 7 -0 -0 0 0 5.13135e-310 5.13135e-310 0 0
80 460 2.6475 4.9765 6.04147 0.1 0 0 7 7 -0 -0 0 0 5.13135e-310 5.13135e-310 0 0
80 469 2.6475 4.9765 6.04147 0.1 0 0 7 7 -0 -0 0 0 0 5.13135e-310 0 0
80 478 2.6475 4.9765 6.04147 0.1 0 0 7 7 -0 -0 0 0 -nan 1.26481e-321 0 0
80 487 2.6475 4.9765 6.04147 0.1 0 0 7 7 -0 -0 0 0 6.83753e-310 0 0 0
80 496 2.6475 4.9765 6.04147 0.1 0 0 7 7 -0 -0 0 0 1.63042e-322 5.13135e-310 0 0
80 505 2.6475 4.9765 6.04147 0.1 0 0 7 7 -0 -0 0 0 5.13135e-310 3.16202e-322 0 0
80 514 2.6475 4.9765 6.04147 0.1 0 0 7 7 -0 -0 0 0 1.58101e-322 5.13021e-310 0 0
80 523 2.6475 4.9765 6.04147 0.1 0 0 7 7 -0 -0 0 0 4.92303e-311 5.63178e-311 0 0
80 532 2.6475 4.9765 6.04147 0.1 0 0 7 7 -0 -0 0 0 1.58101e-322 5.13021e-310 0 0
80 541 2.6475 4.9765 6.04147 0.1 0 0 7 7 -0 -0 0 0 5.13135e-310 3.16202e-322 0 0
80 550 2.6475 4.9765 6.04147 0.1 0 0 7 7 -0 -0 0 0 1.63042e-322 5.13135e-310 0 0
80 559 2.6475 4.9765 6.04147 0.1 0 0 7 7 -0 -0 0 0 5.13135e-310 3.79442e-321 0 0
80 568 2.6475 4.9765 6.04147 0.1 0 0 7 7 -0 -0 0 0 5.13135e-310 0 0 0
80 577 2.6475 4.9765 6.04147 0.1 0 0 7 7 -0 -0 0 0 0 5.13135e-310 0 0
80 586 2.6475 4.9765 6.04147 0.1 0 0 7 7 -0 -0 0 0 1.35127e-320 5.13135e-310 0 0
80 595 2.6475 4.9765 6.04147 0.1 0 0 7 7 -0 -0 0 0 5.13135e-310 5.77395e-311 0 0
80 604 2.6475 4.9765 6.04147 0.1 0 0 7 7 -0 -0 0 0 3.21143e-322 5.13135e-310 0 0
80 613 2.6475 4.9765 6.04147 0.1 0 0 7 7 -0 -0 0 0 0 0 0 0
80 622 2.6475 4.9765 6.04147 0.1 0 0 7 7 -0 -0 0 0 1.35325e-320 0 0 0
80 631 2.6475 4.9765 6.04147 0.1 0 0 7 7 -0 -0 0 0 0 5.13135e-310 0 0
80 640 2.6475 4.9765 6.04147 0.1 0 0 7 7 -0 -0 0 0 -nan 1.26481e-321 0 0
80 649 2.6475 4.9765 6.04147 0.1 0 0 7 7 -0 -0 0 0 5.13135e-310 5.13135e-310 0 0
80 658 2.6475 4.9765 6.04147 0.1 0 0 7 7 -0 -0 0 0 5.13135e-310 5.13135e-310 0 0
80 667 2.6475 4.9765 6.04147 0.1 0 0 7 7 -0 -0 0 0 5.13135e-310 5.13135e-310 0 0
80 676 2.6475 4.9765 6.04147 0.1 0 0 7 7 -0 -0 0 0 5.13135e-310 5.13135e-310 0 0
80 685 2.6475 4.9765 6.04147 0.1 0 0 7 7 -0 -0 0 0 5.13135e-310 5.13135e-310 0 0
80 694 2.6475 4.9765 6.04147 0.1 0 0 7 7 -0 -0 0 0 5.13135e-310 5.13135e-310 0 0
80 703 2.6475 4.9765 6.04147 0.1 0 0 7 7 -0 -0 0 0 5.13135e-310 5.13135e-310 0 0
80 712 2.6475 4.9765 6.04147 0.1 0 0 7 7 -0 -0 0 0 5.13135e-310 5.13135e-310 0 0
80 721 2.6475 4.9765 6.04147 0.1 0 0 7 7 -0 -0 0 0 5.13135e-310 5.13135e-310 0 0
80 730 2.6475 4.9765 6.04147 0.1 0 0 7 7 -0 -0 0 0 5.13135e-310 5.13135e-310 0 0
80 739 2.6475 4.9765 6.04147 0.1 0 0 7 7 -0 -0 0 0 5.13135e-310 5.13135e-310 0 0
80 748 2.6475 4.9765 6.04147 0.1 0 0 7 7 -0 -0 0 0 5.13135e-310 5.13021e-310 0 0
80 757 2.6475 4.9765 6.04147 0.1 0 0 7 7 -0 -0 0 0 2.52517e-311 3.19785e-311 0 0
80 766 2.6475 4.9765 6.04147 0.1 0 0 7 7 -0 -0 0 0 3.16202e-322 5.13021e-310 0 0
80 775 2.6475 4.9765 6.04147 0.1 0 0 7 7 -0 0.0266735 0 0 7.46943e-312 1.22439e-311 0 0
100 208 2.6475 4.9765 6.04147 0.1 0 0 7 7 -0 -0.0266735 0 0 3.16202e-322 5.13021e-310 0 0
100 217 2.6475 4.9765 6.04147 0.1 0 0 7 7 -0 -0 0 0 6.83753e-310 6.32404e-322 0 0
100 226 2.6475 4.9765 6.04147 0.1 0 0 7 7 -0 -0 0 0 7.62343e-321 5.13135e-310 0 0
100 235 2.6475 4.9765 6.04147 0.1 0 0 7 7 -0 -0 0 0 6.83753e-310 3.16202e-322 0 0
100 244 2.6475 4.9765 6.04147 0.1 0 0 7 7 -0 -0 0 0 7.65308e-321 5.13135e-310 0 0
100 253 2.6475 4.9765 6.04147 0.1 0 0 7 7 -0 -0 0 0 5.13135e-310 3.28909e-311 0 0
100 262 2.6475 4.9765 6.04147 0.1 0 0 7 7 -0 -0 0 0 1.63042e-322 5.13135e-310 0 0
100 271 2.6475 4.9765 6.04147 0.1 0 0 7 7 -0 -0 0 0 5.13135e-310 3.30819e-311 0 0
100 280 2.6475 4.9765 6.04147 0.1 0 0 7 7 -0 -0 0 0 3.16202e-322 5.13021e-310 0 0
100 289 2.6475 4.9765 6.04147 0.1 0 0 7 7 -0 -0 0 0 5.13135e-310 3.16202e-322 0 0
100 298 2.6475 4.9765 6.04147 0.1 0 0 7 7 0.0010981 0.0266093 0 0 1.58101e-322 5.13021e-310 0 0
109.435 297.449 2.6475 4.9765 6.04147 0.1 0 0 7 15 0.000229254 3.15007e-05 0 0 4.03604e-311 3.16202e-322 0 0
114.873 305.139 2.6475 4.9765 6.04147 600 0 739 7 13 -6.5941e-06 -0.000131614 0 0 0.998883 -0.0472415 0 0
118.837 296.597 2.6475 4.9765 6.04147 600 0 777 7 13 -0.000472685 1.81512e-05 0 0 0.993817 -0.111034 0 0
124.257 304.307 2.6475 4.9765 6.04147 600 0 815 7 13 -2.20445e-05 0.000156091 0 0 0.990881 -0.134741 0 0
128.255 295.772 2.6475 4.9765 6.04147 600 0 853 7 13 0.000342763 -0.000193298 0 0 0.962347 -0.271823 0 0
137.579 294.31 2.6475 4.9765 6.04147 600 0 891 7 13 -0.000393892 1.25737e-06 0 0 0.989832 -0.142245 0 0
146.776 292.148 2.6475 4.9765 6.04147 600 0 929 7 15 0.000127732 -7.78957e-05 0 0 0.938168 -0.346179 0 0
155.844 289.536 2.6475 4.9765 6.04147 600 0 1386 7 13 -0.000350014 6.99931e-05 0 0 0.796032 -0.605254 0 0
164.772 286.465 2.6475 4.9765 6.04147 600 0 1424 7 13 0.000124367 -7.88737e-05 0 0 0.733565 -0.67962 0 0
173.537 282.984 2.6475 4.9765 6.04147 600 0 1462 7 13 -0.000337146 0.000116827 0 0 0.704087 -0.710113 0 0
182.151 279.128 2.6475 4.9765 6.04147 600 0 1500 7 13 0.000173118 -0.000100533 0 0 0.588383 -0.808582 0 0
190.608 274.963 2.6475 4.9765 6.04147 600 0 1538 7 13 -0.000271491 0.000124386 0 0 0.674313 -0.738446 0 0
198.941 270.537 2.6475 4.9765 6.04147 600 0 1576 7 13 0.000182541 -0.000110232 0 0 0.655608 -0.755101 0 0
207.157 265.916 2.6475 4.9765 6.04147 600 0 1614 7 13 -0.000173161 9.14001e-05 0 0 0.578064 -0.815991 0 0
215.294 261.145 2.6475 4.9765 6.04147 600 0 1652 7 13 0.000141547 -8.9515e-05 0 0 0.549456 -0.835523 0 0
223.368 256.277 2.6475 4.9765 6.04147 600 0 1690 7 13 -8.78928e-05 4.99755e-05 0 0 0.508002 -0.861356 0 0
231.41 251.348 2.6475 4.9765 6.04147 600 0 1728 7 13 8.47354e-05 -5.34791e-05 0 0 0.672463 -0.740131 0 0
239.435 246.397 2.6475 4.9765 6.04147 600 0 1766 7 13 -3.68016e-05 2.31144e-05 0 0 0.595532 -0.803332 0 0
247.467 241.452 2.6475 4.9765 6.04147 600 0 1804 7 13 4.21472e-05 -2.37518e-05 0 0 0.636146 -0.771568 0 0
255.518 236.54 2.6475 4.9765 6.04147 600 0 1842 7 13 -1.21911e-05 1.09996e-05 0 0 0.645439 -0.763811 0 0
263.602 231.683 2.6475 4.9765 6.04147 600 0 1880 7 13 2.15432e-05 -7.86044e-06 0 0 0.597809 -0.801638 0 0
271.732 226.901 2.6475 4.9765 6.04147 600 0 1918 7 13 3.89912e-07 5.98683e-06 0 0 0.736235 -0.676725 0 0
279.916 222.212 2.6475 4.9765 6.04147 600 0 1956 7 13 1.65464e-05 -1.94948e-06 0 0 0.653525 -0.756905 0 0
288.164 217.635 2.6475 4.9765 6.04147 600 0 1994 7 13 9.02524e-06 3.52023e-06 0 0 0.758743 -0.65139 0 0
296.48 213.185 2.6475 4.9765 6.04147 600 0 2032 7 13 1.85176e-05 -4.34316e-07 0 0 0.708051 -0.706162 0 0
304.87 208.873 2.6475 4.9765 6.04147 600 0 2070 7 13 1.58289e-05 1.81729e-06 0 0 0.764019 -0.645193 0 0
313.332 204.705 2.6475 4.9765 6.04147 600 0 2108 7 13 2.23454e-05 -1.72005e-08 0 0 0.696379 -0.717674 0 0
321.87 200.692 2.6475 4.9765 6.04147 600 0 2146 7 13 2.13041e-05 6.92531e-07 0 0 0.695163 -0.718852 0 0
330.537 196.966 2.6475 4.9765 6.04147 600 0 2184 7 13 2.6054e-05 2.97461e-07 0 0 0.800624 -0.599167 0 0
339.27 193.398 2.6475 4.9765 6.04147 600 0 2222 7 13 2.64031e-05 1.80982e-06 0 0 0.724058 -0.689739 0 0
348.072 189.998 2.6475 4.9765 6.04147 600 0 2260 7 13 2.98451e-05 2.04596e-06 0 0 0.784199 -0.620509 0 0
357.003 186.953 2.6475 4.9765 6.04147 600 0 2298 7 13 3.07776e-05 3.72082e-06 0 0 0.725404 -0.688323 0 0
366.062 184.31 2.6475 4.9765 6.04147 600 0 2336 7 13 3.35004e-05 5.02969e-06 0 0 0.813231 -0.58194 0 0
375.174 181.854 2.6475 4.9765 6.04147 600 0 2374 7 13 3.63748e-05 1.26629e-05 0 0 0.753263 -0.65772 0 0
384.356 179.671 2.6475 4.9765 6.04147 600 0 2412 7 13 3.69967e-05 7.61102e-06 0 0 0.850698 -0.525655 0 0
393.583 177.682 2.6475 4.9765 6.04147 600 0 2450 7 13 3.86279e-05 9.46923e-06 0 0 0.800186 -0.599752 0 0
402.852 175.896 2.6475 4.9765 6.04147 600 0 2488 7 13 4.06969e-05 1.16298e-05 0 0 0.878637 -0.47749 0 0
412.161 174.322 2.6475 4.9765 6.04147 600 0 2526 7 13 4.27024e-05 1.3654e-05 0 0 0.835099 -0.550099 0 0
421.505 172.969 2.6475 4.9765 6.04147 600 0 2564 7 13 4.47102e-05 1.54215e-05 0 0 0.86845 -0.495777 0 0
430.88 171.837 2.6475 4.9765 6.04147 600 0 2602 7 13 4.70058e-05 1.68306e-05 0 0 0.923462 -0.383689 0 0
440.28 170.923 2.6475 4.9765 6.04147 600 0 2640 7 13 4.91706e-05 1.79893e-05 0 0 0.938751 -0.344595 0 0
449.699 170.222 2.6475 4.9765 6.04147 600 0 2678 7 13 5.18214e-05 1.8724e-05 0 0 0.878648 -0.477471 0 0
459.131 169.72 2.6475 4.9765 6.04147 600 0 2716 7 13 5.4257e-05 1.79705e-05 0 0 0.917727 -0.397212 0 0
468.574 169.396 2.6475 4.9765 6.04147 600 0 2754 7 13 5.71481e-05 1.4041e-05 0 0 0.874618 -0.484812 0 0
478.021 169.201 2.6475 4.9765 6.04147 600 0 2792 7 13 5.9959e-05 8.29163e-06 0 0 0.956656 -0.291221 0 0
487.47 169.079 2.6475 4.9765 6.04147 600 0 2830 7 13 6.33343e-05 1.03151e-05 0 0 0.918717 -0.394916 0 0
496.922 169.039 2.6475 4.9765 6.04147 600 0 2868 7 13 6.67103e-05 2.29064e-05 0 0 0.896044 -0.443965 0 0
506.375 169.159 2.6475 4.9765 6.04147 600 0 2906 7 13 7.13149e-05 -6.39246e-05 0 0 0.963276 -0.268514 0 0
515.826 168.858 2.6475 4.9765 6.04147 600 0 2944 7 13 8.78744e-05 0.000340362 0 0 0.935909 -0.352242 0 0
525.112 170.653 2.6475 4.9765 6.04147 600 0 2982 9 13 0.000130508 0.000134111 0 0 0.998467 -0.0553559 0 0
533.411 175.214 2.6475 4.9765 6.04147 600 0 1614 8 10 0.000219879 -2.39752e-05 0 0 0.998467 -0.0553559 0 0
526.324 181.456 2.6475 4.9765 6.04147 600 0 2982 9 14 0.000338022 0.000110322 0 0 0.997607 -0.0691343 0 0
517.975 185.844 2.6475 4.9765 6.04147 600 0 2944 7 14 0.000128261 -0.000290377 0 0 0.979467 0.201602 0 0
508.76 183.85 2.6475 4.9765 6.04147 600 0 2906 7 14 5.34015e-05 3.99934e-05 0 0 0.989038 0.147659 0 0
499.382 182.897 2.6475 4.9765 6.04147 600 0 2868 7 14 5.46246e-05 5.52042e-05 0 0 0.968318 0.249719 0 0
490.071 184.361 2.6475 4.9765 6.04147 600 0 2830 7 14 3.41549e-05 -4.0675e-05 0 0 0.987001 0.160715 0 0
480.667 183.734 2.6475 4.9765 6.04147 600 0 2792 7 14 3.65937e-05 -2.57656e-06 0 0 0.996269 0.0863022 0 0
471.298 182.722 2.6475 4.9765 6.04147 600 0 2754 7 14 2.59262e-05 3.41553e-05 0 0 0.983216 0.182445 0 0
462.098 184.76 2.6475 4.9765 6.04147 600 0 2716 7 14 1.96964e-05 -2.19843e-05 0 0 0.996928 -0.0783256 0 0
452.676 184.646 2.6475 4.9765 6.04147 600 0 2678 7 14 1.23877e-05 -7.85895e-06 0 0 0.999172 -0.0406831 0 0
443.343 183.347 2.6475 4.9765 6.04147 600 0 2640 7 14 1.64725e-05 9.14692e-06 0 0 0.992656 -0.120969 0 0
433.922 183.423 2.6475 4.9765 6.04147 600 0 2602 7 14 1.00629e-05 1.19136e-05 0 0 0.999865 0.0164495 0 0
424.993 186.432 2.6475 4.9765 6.04147 600 0 2564 7 14 8.88461e-06 -8.4682e-06 0 0 0.990272 -0.139146 0 0
415.661 187.726 2.6475 4.9765 6.04147 600 0 2526 7 14 5.02629e-06 1.15897e-06 0 0 0.983869 -0.178892 0 0
406.462 189.759 2.6475 4.9765 6.04147 600 0 2488 7 14 7.94832e-06 -4.75491e-06 0 0 0.978833 -0.204661 0 0
397.041 189.904 2.6475 4.9765 6.04147 600 0 2450 7 14 4.61659e-06 2.27238e-06 0 0 0.999793 -0.0203692 0 0
387.902 192.192 2.6475 4.9765 6.04147 600 0 2412 7 14 5.98091e-06 -2.39598e-06 0 0 0.997007 -0.0773138 0 0
378.484 192.43 2.6475 4.9765 6.04147 600 0 2374 7 14 4.29774e-06 -2.8071e-07 0 0 0.994582 -0.103952 0 0
370.366 197.211 2.6475 4.9765 6.04147 600 0 2336 7 14 5.82616e-06 2.17765e-07 0 0 0.98962 -0.143709 0 0
360.946 197.152 2.6475 4.9765 6.04147 600 0 2298 7 14 5.00555e-06 1.31684e-05 0 0 0.980284 -0.197594 0 0
352.029 200.193 2.6475 4.9765 6.04147 600 0 2260 7 14 4.99359e-06 1.11871e-05 0 0 0.981163 -0.193184 0 0
343.314 203.771 2.6475 4.9765 6.04147 600 0 2222 7 14 -2.16104e-07 -1.57565e-07 0 0 0.960333 -0.278856 0 0
334.74 207.673 2.6475 4.9765 6.04147 600 0 2184 7 14 5.45631e-07 3.26224e-07 0 0 0.950959 -0.309316 0 0
325.878 210.869 2.6475 4.9765 6.04147 600 0 2146 7 14 2.5208e-06 6.91832e-06 0 0 0.950394 -0.311047 0 0
317.982 216.008 2.6475 4.9765 6.04147 600 0 2108 7 14 -3.82511e-07 1.70363e-06 0 0 0.929888 -0.367842 0 0
309.117 219.196 2.6475 4.9765 6.04147 600 0 2070 7 14 -1.56162e-06 -6.09861e-07 0 0 0.939226 -0.3433 0 0
301.402 224.602 2.6475 4.9765 6.04147 600 0 2032 7 14 -1.06808e-07 7.70152e-07 0 0 0.953912 -0.300087 0 0
292.948 228.759 2.6475 4.9765 6.04147 600 0 1994 7 14 -9.33488e-07 -1.06829e-07 0 0 0.909164 -0.416438 0 0
285.332 234.305 2.6475 4.9765 6.04147 600 0 1956 7 14 -4.67439e-08 3.65375e-07 0 0 0.921146 -0.389218 0 0
277.207 239.074 2.6475 4.9765 6.04147 600 0 1918 7 14 -5.71721e-07 2.58276e-07 0 0 0.887613 -0.46059 0 0
269.238 244.098 2.6475 4.9765 6.04147 600 0 1880 7 14 -5.25937e-08 1.98741e-07 0 0 0.830307 -0.557306 0 0
260.929 248.538 2.6475 4.9765 6.04147 600 0 1842 7 14 -5.25241e-07 2.07463e-07 0 0 0.883776 -0.46791 0 0
252.835 253.359 2.6475 4.9765 6.04147 600 0 1804 7 14 -6.28664e-08 6.19404e-08 0 0 0.841565 -0.540155 0 0
244.664 258.048 2.6475 4.9765 6.04147 600 0 1766 7 14 -5.25356e-07 9.97558e-08 0 0 0.883772 -0.467919 0 0
237.68 264.37 2.6475 4.9765 6.04147 600 0 1728 7 14 8.68524e-08 9.11734e-08 0 0 0.843309 -0.53743 0 0
229.822 269.567 2.6475 4.9765 6.04147 600 0 1690 7 14 -3.90133e-07 1.68133e-07 0 0 0.817478 -0.575961 0 0
223.008 276.073 2.6475 4.9765 6.04147 600 0 1652 7 14 1.59602e-07 2.4542e-08 0 0 0.827534 -0.561415 0 0
214.84 280.767 2.6475 4.9765 6.04147 600 0 1614 7 14 -3.68021e-07 1.7062e-07 0 0 0.774403 -0.632693 0 0
208.16 287.411 2.6475 4.9765 6.04147 600 0 1576 7 14 2.642e-07 -1.13825e-07 0 0 0.85169 -0.524046 0 0
200.021 292.154 2.6475 4.9765 6.04147 600 0 1538 7 14 -4.28086e-07 2.72048e-07 0 0 0.782656 -0.622455 0 0
193.097 298.543 2.6475 4.9765 6.04147 600 0 1500 7 14 3.43166e-07 -4.05379e-07 0 0 0.752799 -0.658251 0 0
187.193 305.884 2.6475 4.9765 6.04147 600 0 1462 7 14 -4.22543e-07 6.46573e-07 0 0 0.722626 -0.691239 0 0
179.477 311.289 2.6475 4.9765 6.04147 600 0 1424 7 14 3.5356e-07 -2.46192e-08 0 0 0.801677 -0.597758 0 0
188.016 315.269 2.6475 4.9765 6.04147 600 0 1081 7 15 -3.25822e-07 -2.73444e-07 0 0 0.917124 -0.398602 0 0
197.43 314.916 2.6475 4.9765 6.04147 600 0 1119 7 13 2.49975e-07 6.65577e-09 0 0 0.971334 -0.23772 0 0
206.818 315.705 2.6475 4.9765 6.04147 600 0 1157 7 13 -2.10114e-07 -8.3522e-09 0 0 0.961772 -0.273851 0 0
216.233 315.376 2.6475 4.9765 6.04147 600 0 1195 7 13 1.68648e-07 -8.88728e-09 0 0 0.933681 -0.358106 0 0
225.632 314.736 2.6475 4.9765 6.04147 600 0 1233 7 13 -1.41363e-07 1.0591e-08 0 0 0.958144 -0.286286 0 0
235.018 313.919 2.6475 4.9765 6.04147 600 0 1271 7 13 1.13374e-07 -1.0021e-08 0 0 0.925085 -0.37976 0 0
244.401 313.079 2.6475 4.9765 6.04147 600 0 1309 7 13 -9.37949e-08 8.14952e-09 0 0 0.948233 -0.317575 0 0
253.791 312.312 2.6475 4.9765 6.04147 600 0 1347 7 13 7.51624e-08 -5.47637e-09 0 0 0.968726 -0.248135 0 0
263.191 311.687 2.6475 4.9765 6.04147 600 0 1385 7 13 -6.11533e-08 3.73308e-09 0 0 0.943029 -0.332709 0 0
272.601 311.243 2.6475 4.9765 6.04147 600 0 1423 7 13 4.8941e-08 -1.62948e-09 0 0 0.952979 -0.303037 0 0
282.019 311.001 2.6475 4.9765 6.04147 600 0 1461 7 13 -3.90413e-08 8.46645e-10 0 0 0.919922 -0.392101 0 0
291.44 310.958 2.6475 4.9765 6.04147 600 0 1499 7 13 3.12132e-08 3.03783e-10 0 0 0.869077 -0.494677 0 0
300.86 311.092 2.6475 4.9765 6.04147 600 0 1537 7 13 -2.43727e-08 -3.54513e-10 0 0 0.978024 -0.208491 0 0
310.277 311.363 2.6475 4.9765 6.04147 600 0 1575 7 13 1.94779e-08 7.31488e-10 0 0 0.961349 -0.275334 0 0
319.691 311.719 2.6475 4.9765 6.04147 600 0 1613 7 13 -1.48746e-08 -5.4908e-10 0 0 0.942993 -0.332813 0 0
329.104 312.107 2.6475 4.9765 6.04147 600 0 1651 7 13 1.18709e-08 4.41986e-10 0 0 0.992412 -0.122955 0 0
338.518 312.467 2.6475 4.9765 6.04147 600 0 1689 7 13 -8.85794e-09 -3.94956e-10 0 0 0.979806 -0.199949 0 0
347.935 312.752 2.6475 4.9765 6.04147 600 0 1727 7 13 7.01244e-09 4.75686e-12 0 0 0.96539 -0.260811 0 0
357.354 312.898 2.6475 4.9765 6.04147 600 0 1765 7 13 -5.10374e-09 -2.69234e-10 0 0 0.998189 -0.0601572 0 0
366.775 312.843 2.6475 4.9765 6.04147 600 0 1803 7 13 3.91759e-09 -4.49126e-10 0 0 0.983501 -0.180902 0 0
376.189 312.476 2.6475 4.9765 6.04147 600 0 1841 7 13 -2.76628e-09 -3.49171e-10 0 0 0.993231 -0.116152 0 0
385.577 311.685 2.6475 4.9765 6.04147 600 0 1879 7 15 1.88581e-09 -8.40705e-10 0 0 0.985082 -0.172085 0 0
394.905 310.368 2.6475 4.9765 6.04147 600 0 2336 7 13 -1.24967e-09 -4.21979e-10 0 0 0.942643 -0.333802 0 0
404.148 308.547 2.6475 4.9765 6.04147 600 0 2374 7 13 5.3165e-10 -4.35137e-10 0 0 0.885043 -0.465509 0 0
413.337 306.467 2.6475 4.9765 6.04147 600 0 46 7 10 0.000322559 4.82546e-05 0 0 0.882919 -0.469525 0 0
416.758 315.245 2.6475 4.9765 6.04147 600 0 2374 7 14 2.38883e-06 -9.43727e-07 0 0 0.997754 -0.0669919 0 0
422.656 307.898 2.6475 4.9765 6.04147 600 0 2031 7 15 1.84352e-06 -1.37431e-06 0 0 0.966724 -0.255823 0 0
431.993 309.21 2.6475 4.9765 6.04147 600 0 2069 7 13 4.15168e-06 -5.47627e-06 0 0 0.999796 -0.0202189 0 0
441.352 310.355 2.6475 4.9765 6.04147 600 0 2107 7 13 5.88975e-06 -6.6359e-06 0 0 0.992272 -0.124085 0 0
450.734 311.297 2.6475 4.9765 6.04147 600 0 2145 7 13 7.78888e-06 -7.25369e-06 0 0 0.98702 -0.160598 0 0
460.135 312.021 2.6475 4.9765 6.04147 600 0 2183 7 13 9.36206e-06 -7.22486e-06 0 0 0.999832 0.0183563 0 0
469.55 312.536 2.6475 4.9765 6.04147 600 0 2221 7 13 1.13506e-05 -6.56024e-06 0 0 0.997664 -0.0683098 0 0
478.974 312.866 2.6475 4.9765 6.04147 600 0 2259 7 13 1.28532e-05 -5.54025e-06 0 0 0.992857 -0.11931 0 0
488.402 313.046 2.6475 4.9765 6.04147 600 0 2297 7 13 1.5166e-05 -4.32709e-06 0 0 0.990457 0.13782 0 0
497.832 313.116 2.6475 4.9765 6.04147 600 0 2335 7 13 1.65962e-05 -3.09432e-06 0 0 0.995742 0.0921858 0 0
507.262 313.112 2.6475 4.9765 6.04147 600 0 2373 7 13 1.94133e-05 -1.94764e-06 0 0 0.992594 0.121482 0 0
516.693 313.065 2.6475 4.9765 6.04147 600 0 2411 7 13 2.06537e-05 -9.13195e-07 0 0 0.999278 0.0379999 0 0
526.125 313.002 2.6475 4.9765 6.04147 600 0 2449 7 13 2.41634e-05 1.55677e-08 0 0 0.992522 0.122063 0 0
535.556 312.941 2.6475 4.9765 6.04147 600 0 2487 7 13 2.50795e-05 1.04901e-06 0 0 0.99993 0.0118048 0 0
544.989 312.904 2.6475 4.9765 6.04147 600 0 2525 7 13 2.94877e-05 2.49824e-06 0 0 0.995189 0.0979741 0 0
554.422 312.913 2.6475 4.9765 6.04147 600 0 2563 7 13 2.99665e-05 4.79179e-06 0 0 0.998154 0.0607379 0 0
563.856 313.003 2.6475 4.9765 6.04147 600 0 2601 7 13 3.54177e-05 8.14432e-06 0 0 0.999707 0.0242173 0 0
573.289 313.217 2.6475 4.9765 6.04147 600 0 2639 7 13 3.53346e-05 1.04781e-05 0 0 0.999042 0.0437635 0 0
582.718 313.576 2.6475 4.9765 6.04147 600 0 2677 7 13 4.15641e-05 2.6022e-05 0 0 0.948711 0.316143 0 0
592.118 314.404 2.6475 4.9765 6.04147 600 0 2715 7 13 4.40091e-05 -7.44604e-06 0 0 0.925743 0.378154 0 0
601.534 315.051 2.6475 4.9765 6.04147 600 0 2753 7 13 5.1502e-05 3.11477e-06 0 0 0.931168 0.36459 0 0
610.951 315.693 2.6475 4.9765 6.04147 600 0 2791 7 13 5.10234e-05 -5.67116e-06 0 0 0.890727 0.454539 0 0
620.376 316.229 2.6475 4.9765 6.04147 600 0 2829 7 13 6.46414e-05 -9.24136e-06 0 0 0.937999 0.346638 0 0
629.81 316.627 2.6475 4.9765 6.04147 600 0 2867 7 13 5.43593e-05 9.51016e-06 0 0 0.939054 0.343771 0 0
639.242 317.096 2.6475 4.9765 6.04147 600 0 2905 7 13 9.38566e-05 -0.000134839 0 0 0.909747 0.415163 0 0
648.652 316.293 2.6475 4.9765 6.04147 600 0 2943 7 13 9.55415e-05 0.000383436 0 0 0.975397 0.220456 0 0
657.792 318.693 2.6475 4.9765 6.04147 600 0 2981 9 13 0.000266539 7.14873e-05 0 0 0.948548 0.316634 0 0
665.776 323.768 2.6475 4.9765 6.04147 0.1 0 2261 8 10 0.000167172 -3.14828e-05 0 0 0.994252 -0.107069 1 0
658.304 329.548 2.6475 4.9765 6.04147 600 0 2981 9 14 0.000575821 -8.82469e-05 0 0 0.54842 0.836203 0 0
649.38 332.636 2.6475 4.9765 6.04147 600 0 2943 7 14 -0.000234544 -0.000290818 0 0 0.755055 0.655662 0 0
640.128 330.855 2.6475 4.9765 6.04147 600 0 2905 7 14 0.0007352 0.000132797 0 0 0.501735 0.865022 0 0
630.685 330.888 2.6475 4.9765 6.04147 600 0 2867 7 14 -0.000850296 -3.32526e-05 0 0 0.589553 0.80773 0 0
621.278 330.498 2.6475 4.9765 6.04147 600 0 2829 7 14 0.000866258 3.57702e-05 0 0 0.666969 0.745086 0 0
611.837 330.138 2.6475 4.9765 6.04147 600 0 2791 7 14 -0.00104027 -4.71728e-05 0 0 0.585379 0.81076 0 0
602.427 329.707 2.6475 4.9765 6.04147 600 0 2753 7 14 0.000603349 3.12616e-05 0 0 0.611536 0.791217 0 0
592.983 329.365 2.6475 4.9765 6.04147 600 0 2715 7 14 -0.000815801 -3.43408e-05 0 0 0.686082 0.727525 0 0
583.557 328.986 2.6475 4.9765 6.04147 600 0 2677 7 14 0.000274607 1.0728e-05 0 0 0.747112 0.664699 0 0
574.112 328.603 2.6475 4.9765 6.04147 600 0 2639 7 14 -0.000423965 -1.00487e-05 0 0 0.724587 0.689183 0 0
564.673 328.271 2.6475 4.9765 6.04147 600 0 2601 7 14 0.000191844 2.78402e-05 0 0 0.777553 0.628818 0 0
555.222 328.112 2.6475 4.9765 6.04147 600 0 2563 7 14 -4.5333e-05 7.81085e-05 0 0 0.749787 0.661679 0 0
545.79 328.576 2.6475 4.9765 6.04147 600 0 2525 7 14 0.000345253 5.3618e-05 0 0 0.809012 0.587792 0 0
536.429 329.82 2.6475 4.9765 6.04147 600 0 2487 7 14 0.000262421 0.000424046 0 0 0.842084 0.539346 0 0
529.468 336.187 2.6475 4.9765 6.04147 600 0 2449 7 15 0.000504994 7.04641e-05 0 0 0.894565 0.446937 0 0
520.563 339.272 2.6475 4.9765 6.04147 600 0 2792 7 13 0.000281901 0.000290947 0 0 0.643888 0.765119 0 0
527.686 345.456 2.6475 4.9765 6.04147 600 0 2830 7 13 0.000498886 0.000288668 0 0 0.642962 0.765898 0 0
532.481 353.596 2.6475 4.9765 6.04147 600 0 2868 7 13 7.94948e-05 -3.26207e-05 0 0 0.660981 0.750403 0 0
537.774 361.429 2.6475 4.9765 6.04147 600 0 2906 7 13 0.000220843 -0.000243166 0 0 0.664719 0.747094 0 0
544.75 367.803 2.6475 4.9765 6.04147 600 0 2944 7 13 -0.000622216 0.000315785 0 0 0.681571 0.731752 0 0
547.541 376.832 2.6475 4.9765 6.04147 600 0 2982 9 13 1.66273e-05 1.76768e-05 0 0 0.689626 0.724166 0 0
547.306 386.286 2.6475 4.9765 6.04147 600 0 246 8 10 0.000198502 -5.60801e-05 0 0 0.694072 0.719905 0 0
538.493 382.854 2.6475 4.9765 6.04147 600 0 2982 9 14 0.000116678 0.000101574 0 0 0.694072 0.719905 0 0
531.384 376.632 2.6475 4.9765 6.04147 600 0 2944 7 14 0.000245907 -7.77482e-05 0 0 0.597863 0.801599 0 0
525.837 368.988 2.6475 4.9765 6.04147 600 0 2906 7 14 -1.82331e-05 0.00011888 0 0 0.58074 0.814089 0 0
519.607 361.892 2.6475 4.9765 6.04147 600 0 2868 7 14 4.96124e-05 4.70868e-05 0 0 0.569502 0.82199 0 0
513.43 354.753 2.6475 4.9765 6.04147 600 0 2830 7 14 2.06636e-05 9.64025e-05 0 0 0.617369 0.786674 0 0
506.817 348.017 2.6475 4.9765 6.04147 600 0 2792 7 14 -1.869e-07 0.000107657 0 0 0.637825 0.770182 0 0
499.5 342.058 2.6475 4.9765 6.04147 600 0 2754 7 14 1.1626e-05 0.000121702 0 0 0.670923 0.741527 0 0
491.4 337.22 2.6475 4.9765 6.04147 600 0 2297 7 15 1.29063e-05 0.000102943 0 0 0.892349 0.451346 0 0
482.666 333.654 2.6475 4.9765 6.04147 600 0 2259 7 14 3.12081e-05 8.17832e-05 0 0 0.878524 0.477698 0 0
473.542 331.262 2.6475 4.9765 6.04147 600 0 2221 7 14 3.2138e-05 5.40503e-05 0 0 0.908411 0.418079 0 0
464.227 329.785 2.6475 4.9765 6.04147 600 0 2183 7 14 3.27885e-05 3.30841e-05 0 0 0.940188 0.340657 0 0
454.834 328.939 2.6475 4.9765 6.04147 600 0 2145 7 14 3.83244e-05 1.90496e-05 0 0 0.889179 0.45756 0 0
445.415 328.487 2.6475 4.9765 6.04147 600 0 2107 7 14 2.15567e-05 9.43897e-06 0 0 0.913912 0.405911 0 0
435.989 328.264 2.6475 4.9765 6.04147 600 0 2069 7 14 4.51129e-05 4.90094e-06 0 0 0.955868 0.293797 0 0
426.561 328.16 2.6475 4.9765 6.04147 600 0 2031 7 14 4.43439e-06 1.80708e-06 0 0 0.905878 0.423539 0 0
417.134 328.111 2.6475 4.9765 6.04147 600 0 1993 7 14 6.0822e-05 8.86215e-07 0 0 0.939144 0.343523 0 0
407.707 328.085 2.6475 4.9765 6.04147 600 0 1955 7 14 -2.32786e-05 2.11729e-07 0 0 0.943068 0.3326 0 0
398.281 328.069 2.6475 4.9765 6.04147 600 0 1917 7 14 9.30082e-05 3.346e-07 0 0 0.907679 0.419666 0 0
388.854 328.063 2.6475 4.9765 6.04147 600 0 1879 7 14 -7.23873e-05 4.50218e-07 0 0 0.951031 0.309094 0 0
379.431 328.076 2.6475 4.9765 6.04147 600 0 1841 7 14 0.000154562 1.40975e-07 0 0 0.965989 0.258585 0 0
370.004 328.13 2.6475 4.9765 6.04147 600 0 1803 7 14 -0.000159769 2.98483e-06 0 0 0.893052 0.449953 0 0
360.584 328.263 2.6475 4.9765 6.04147 600 0 1765 7 14 0.000267514 -4.13961e-06 0 0 0.930587 0.366071 0 0
351.16 328.547 2.6475 4.9765 6.04147 600 0 1727 7 14 -0.000311972 1.80351e-05 0 0 0.961352 0.275321 0 0
341.76 329.111 2.6475 4.9765 6.04147 600 0 1689 7 14 0.000466018 -3.74285e-05 0 0 0.936841 0.349757 0 0
332.389 330.177 2.6475 4.9765 6.04147 600 0 1651 7 14 -0.00056809 9.26499e-05 0 0 0.965462 0.260544 0 0
323.136 331.89 2.6475 4.9765 6.04147 600 0 1613 7 15 0.000782461 -0.00023289 0 0 0.928263 0.371923 0 0
313.779 330.706 2.6475 4.9765 6.04147 600 0 1951 7 13 -0.000331951 -0.000237643 0 0 0.853302 0.521417 0 0
317.43 339.399 2.6475 4.9765 6.04147 600 0 1989 7 13 7.14977e-05 0.000542708 0 0 0.776896 0.629629 0 0
323.729 346.395 2.6475 4.9765 6.04147 600 0 2027 7 13 -0.000186472 -0.000255225 0 0 0.76348 0.645831 0 0
328.009 354.794 2.6475 4.9765 6.04147 600 0 2065 7 13 0.000165968 0.000206517 0 0 0.822713 0.568458 0 0
335.095 360.997 2.6475 4.9765 6.04147 600 0 2103 7 13 -0.000151452 -0.000139386 0 0 0.831192 0.555986 0 0
341.635 367.785 2.6475 4.9765 6.04147 600 0 2141 7 13 0.000161909 0.000158346 0 0 0.838787 0.544459 0 0
348.439 374.297 2.6475 4.9765 6.04147 600 0 2179 7 13 -0.00013593 -0.00013049 0 0 0.870538 0.492102 0 0
355.168 380.899 2.6475 4.9765 6.04147 600 0 2217 7 13 0.000187762 0.000146883 0 0 0.871953 0.489589 0 0
362.653 386.618 2.6475 4.9765 6.04147 600 0 2255 7 13 -0.000166366 -0.000126921 0 0 0.915095 0.403239 0 0
370.024 392.498 2.6475 4.9765 6.04147 600 0 2293 7 13 0.000237628 0.000175181 0 0 0.892947 0.450162 0 0
377.601 398.094 2.6475 4.9765 6.04147 600 0 2331 7 13 -0.000223331 -0.000164233 0 0 0.95082 0.309744 0 0
385.055 403.872 2.6475 4.9765 6.04147 600 0 2369 7 13 0.00022521 0.000367898 0 0 0.921767 0.387744 0 0
392.611 409.496 2.6475 4.9765 6.04147 600 0 2407 7 13 -0.000336062 -0.000248775 0 0 0.935229 0.354042 0 0
399.769 415.644 2.6475 4.9765 6.04147 600 0 2445 7 13 0.000462802 0.000376411 0 0 0.94474 0.32782 0 0
408.106 420.025 2.6475 4.9765 6.04147 600 0 2483 7 13 -0.000425794 -0.000161394 0 0 0.963709 0.266954 0 0
415.833 425.441 2.6475 4.9765 6.04147 600 0 2521 7 13 0.000335951 0.000199469 0 0 0.95231 0.305131 0 0
424.813 428.296 2.6475 4.9765 6.04147 600 0 2559 7 13 -0.000188965 -6.43419e-05 0 0 0.974543 0.2242 0 0
433.843 431.026 2.6475 4.9765 6.04147 600 0 2597 7 13 0.00019241 0.000111628 0 0 0.968974 0.247164 0 0
442.541 434.666 2.6475 4.9765 6.04147 600 0 2635 7 13 -6.54044e-05 -3.29581e-05 0 0 0.987823 0.155579 0 0
451.287 438.203 2.6475 4.9765 6.04147 600 0 2673 7 13 0.000126951 4.42609e-05 0 0 0.98506 0.17221 0 0
460.071 441.636 2.6475 4.9765 6.04147 600 0 2711 7 13 -1.11766e-05 1.09036e-05 0 0 0.992593 0.121491 0 0
468.769 445.295 2.6475 4.9765 6.04147 600 0 2749 7 13 9.41176e-05 1.53405e-05 0 0 0.989696 0.143187 0 0
477.587 448.652 2.6475 4.9765 6.04147 600 0 2787 7 13 3.07376e-05 5.79438e-06 0 0 0.995767 0.0919155 0 0
486.434 451.937 2.6475 4.9765 6.04147 600 0 2825 7 13 7.50653e-05 1.55566e-05 0 0 0.995791 0.0916561 0 0
495.332 455.086 2.6475 4.9765 6.04147 600 0 2863 7 13 5.4258e-05 -6.51715e-07 0 0 0.988086 0.153902 0 0
504.302 458.028 2.6475 4.9765 6.04147 600 0 2901 7 13 8.44655e-05 -3.0702e-05 0 0 0.999991 0.00420752 0 0
513.44 460.401 2.6475 4.9765 6.04147 600 0 2939 7 13 -1.6237e-05 0.000327138 0 0 0.99858 0.0532678 0 0
521.336 465.584 2.6475 4.9765 6.04147 600 0 2977 9 13 0.000181337 3.84028e-05 0 0 0.998571 0.0534345 0 0
526.753 473.334 2.6475 4.9765 6.04147 600 0 1087 8 10 0.00016203 4.98611e-05 0 0 0.979866 0.199654 0 0
517.62 475.792 2.6475 4.9765 6.04147 600 0 2977 9 14 0.000154932 2.58479e-05 0 0 0.979866 0.199654 0 0
508.261 474.502 2.6475 4.9765 6.04147 600 0 2939 7 14 0.000186122 -0.000201712 0 0 0.975347 0.220675 0 0
499.453 471.096 2.6475 4.9765 6.04147 600 0 2901 7 14 5.95049e-05 0.000113467 0 0 0.970965 0.239224 0 0
490.363 468.54 2.6475 4.9765 6.04147 600 0 2863 7 14 9.46209e-05 -4.47433e-06 0 0 0.940436 0.339971 0 0
481.378 465.646 2.6475 4.9765 6.04147 600 0 2825 7 14 8.23045e-05 9.4834e-06 0 0 0.930128 0.367235 0 0
472.463 462.548 2.6475 4.9765 6.04147 600 0 2787 7 14 8.5312e-05 1.78996e-05 0 0 0.94895 0.315427 0 0
463.606 459.294 2.6475 4.9765 6.04147 600 0 2749 7 14 7.34269e-05 1.7139e-05 0 0 0.890644 0.454701 0 0
454.807 455.893 2.6475 4.9765 6.04147 600 0 2711 7 14 8.29633e-05 2.25943e-05 0 0 0.925914 0.377735 0 0
446.075 452.326 2.6475 4.9765 6.04147 600 0 2673 7 14 6.62813e-05 1.84395e-05 0 0 0.879302 0.476264 0 0
437.419 448.585 2.6475 4.9765 6.04147 600 0 2635 7 14 8.276e-05 2.6847e-05 0 0 0.897664 0.440681 0 0
428.865 444.618 2.6475 4.9765 6.04147 600 0 2597 7 14 6.11326e-05 1.33091e-05 0 0 0.873402 0.487 0 0
420.543 440.192 2.6475 4.9765 6.04147 600 0 2559 7 14 9.20702e-05 1.84328e-05 0 0 0.816966 0.576686 0 0
413.07 434.448 2.6475 4.9765 6.04147 600 0 2521 7 15 7.40141e-05 -2.13156e-05 0 0 0.858522 0.512777 0 0
403.67 433.793 2.6475 4.9765 6.04147 600 0 2863 7 13 7.52708e-05 -3.01162e-05 0 0 0.776011 0.630719 0 0
400.144 425.055 2.6475 4.9765 6.04147 600 0 38 7 10 -0.000177942 -0.000190385 0 0 0.947508 0.319731 0 0
391.032 422.641 2.6475 4.9765 6.04147 600 0 2863 7 14 3.76171e-05 5.08865e-06 0 0 0.849812 0.527087 0 0
381.983 420.007 2.6475 4.9765 6.04147 600 0 2825 7 14 0.000114395 -0.000170584 0 0 0.844773 0.535126 0 0
378.975 411.074 2.6475 4.9765 6.04147 600 0 2369 7 15 -0.000261425 -8.85052e-06 0 0 0.773301 0.634039 0 0
369.832 408.761 2.6475 4.9765 6.04147 600 0 2331 7 14 -0.000129257 -0.00036424 0 0 0.815438 0.578844 0 0
362.58 402.72 2.6475 4.9765 6.04147 600 0 2293 7 14 -0.000248821 -0.000134028 0 0 0.67467 0.738119 0 0
355.004 397.082 2.6475 4.9765 6.04147 600 0 2255 7 14 -0.000166494 -0.00014176 0 0 0.706235 0.707978 0 0
347.488 391.354 2.6475 4.9765 6.04147 600 0 2217 7 14 -0.000101997 -8.50945e-05 0 0 0.560145 0.828395 0 0
339.994 385.592 2.6475 4.9765 6.04147 600 0 2179 7 14 -6.30612e-05 -4.57382e-05 0 0 0.600054 0.79996 0 0
332.49 379.84 2.6475 4.9765 6.04147 600 0 2141 7 14 -2.88411e-06 1.30668e-05 0 0 0.577553 0.816353 0 0
324.938 374.15 2.6475 4.9765 6.04147 600 0 2103 7 14 3.82584e-06 3.25518e-05 0 0 0.676057 0.73685 0 0
317.292 368.588 2.6475 4.9765 6.04147 600 0 2065 7 14 5.6774e-05 8.1793e-05 0 0 0.584427 0.811447 0 0
309.513 363.217 2.6475 4.9765 6.04147 600 0 2027 7 14 2.27549e-05 6.97782e-05 0 0 0.622169 0.782883 0 0
301.553 358.123 2.6475 4.9765 6.04147 600 0 1989 7 14 8.4464e-05 0.00011196 0 0 0.681216 0.732083 0 0
293.383 353.375 2.6475 4.9765 6.04147 600 0 1951 7 14 8.04509e-06 7.17794e-05 0 0 0.722432 0.691442 0 0
284.978 349.066 2.6475 4.9765 6.04147 600 0 1913 7 14 0.000102095 0.000114991 0 0 0.729937 0.683514 0 0
276.335 345.254 2.6475 4.9765 6.04147 600 0 1461 7 15 -2.19159e-05 5.77708e-05 0 0 0.976571 0.215195 0 0
267.469 342.009 2.6475 4.9765 6.04147 600 0 1423 7 14 0.000134792 0.000106216 0 0 0.994331 0.106329 0 0
258.403 339.367 2.6475 4.9765 6.04147 600 0 1385 7 14 -6.24846e-05 3.8746e-05 0 0 0.971961 0.235143 0 0
249.192 337.318 2.6475 4.9765 6.04147 600 0 1347 7 14 0.000206073 8.70871e-05 0 0 0.990796 0.13536 0 0
239.863 335.864 2.6475 4.9765 6.04147 600 0 1309 7 14 -0.000136293 2.251e-05 0 0 0.985847 0.167646 0 0
230.476 334.945 2.6475 4.9765 6.04147 600 0 1271 7 14 0.000314452 5.39318e-05 0 0 0.995638 0.0933051 0 0
221.046 334.516 2.6475 4.9765 6.04147 600 0 1233 7 14 -0.000267984 1.97399e-05 0 0 0.990535 0.137261 0 0
211.618 334.512 2.6475 4.9765 6.04147 600 0 1195 7 14 0.000410302 1.15282e-05 0 0 0.996746 0.08061 0 0
202.184 334.865 2.6475 4.9765 6.04147 600 0 1157 7 14 -0.000424549 3.98699e-05 0 0 0.994267 0.106927 0 0
192.782 335.529 2.6475 4.9765 6.04147 600 0 1119 7 14 0.000410311 -2.04174e-05 0 0 0.981891 0.189446 0 0
183.385 336.449 2.6475 4.9765 6.04147 600 0 1081 7 14 -0.000509472 6.93606e-05 0 0 0.999131 0.0416753 0 0
174.025 337.588 2.6475 4.9765 6.04147 600 0 1043 7 14 0.000287565 -2.1328e-05 0 0 0.970396 0.24152 0 0
164.681 338.962 2.6475 4.9765 6.04147 600 0 1005 7 14 -0.000466073 7.12648e-05 0 0 0.988495 0.15125 0 0
155.349 340.36 2.6475 4.9765 6.04147 600 0 967 7 14 0.000145185 3.82461e-05 0 0 0.995771 0.0918698 0 0
146.12 342.386 2.6475 4.9765 6.04147 600 0 929 7 14 -0.000378995 -0.000101557 0 0 0.993888 0.110391 0 0
136.699 343.054 2.6475 4.9765 6.04147 600 0 891 7 14 0.000103701 0.000314397 0 0 0.997327 -0.0730724 0 0
127.785 346.207 2.6475 4.9765 6.04147 600 0 853 7 14 -0.000405115 3.57729e-05 0 0 0.991363 0.131148 0 0
121.475 339.221 2.6475 4.9765 6.04147 600 0 815 7 14 -7.60191e-05 6.09995e-05 0 0 0.999735 -0.0230255 0 0
118.539 348.174 2.6475 4.9765 6.04147 600 0 777 7 14 0.000122526 -8.44794e-05 0 0 0.997964 -0.0637828 0 0
112.256 341.154 2.6475 4.9765 6.04147 600 0 739 7 14 -0.000134722 -9.70948e-05 0 0 0.986161 -0.165792 0 0
109.269 350.091 2.6475 4.9765 6.04147 0.1 0 0 7 15 -0.000174754 5.44261e-05 0 0 5.13135e-310 1.10671e-321 0 0
100 352 2.6475 4.9765 6.04147 0.1 0 0 7 7 0.00179931 -0.0270442 0 0 1.63042e-322 5.13135e-310 0 0
100 361 2.6475 4.9765 6.04147 0.1 0 0 7 7 -0 -0 0 0 0 3.87901e-311 0 0
100 370 2.6475 4.9765 6.04147 0.1 0 0 7 7 -0 -0 0 0 1.58101e-322 5.13021e-310 0 0
100 379 2.6475 4.9765 6.04147 0.1 0 0 7 7 -0 -0 0 0 5.13135e-310 1.58101e-322 0 0
100 388 2.6475 4.9765 6.04147 0.1 0 0 7 7 -0 -0 0 0 1.58101e-322 5.13021e-310 0 0
100 397 2.6475 4.9765 6.04147 0.1 0 0 7 7 -0 -0 0 0 1.05977e-320 0 0 0
100 406 2.6475 4.9765 6.04147 0.1 0 0 7 7 -0 -0 0 0 1.58101e-322 5.13021e-310 0 0
100 415 2.6475 4.9765 6.04147 0.1 0 0 7 7 -0 -0 0 0 5.13135e-310 1.26481e-321 0 0
100 424 2.6475 4.9765 6.04147 0.1 0 0 7 7 -0 -0 0 0 3.16202e-322 5.13021e-310 0 0
100 433 2.6475 4.9765 6.04147 0.1 0 0 7 7 -0 -0 0 0 6.83753e-310 6.32404e-322 0 0
100 442 2.6475 4.9765 6.04147 0.1 0 0 7 7 -0 -0 0 0 7.63918e-312 8.78506e-312 0 0
100 451 2.6475 4.9765 6.04147 0.1 0 0 7 7 -0 -0 0 0 1.63042e-322 5.13135e-310 0 0
100 460 2.6475 4.9765 6.04147 0.1 0 0 7 7 -0 -0 0 0 6.83753e-310 0 0 0
100 469 2.6475 4.9765 6.04147 0.1 0 0 7 7 -0 -0 0 0 1.58101e-322 5.13021e-310 0 0
100 478 2.6475 4.9765 6.04147 0.1 0 0 7 7 -0 -0 0 0 5.13135e-310 3.32012e-321 0 0
100 487 2.6475 4.9765 6.04147 0.1 0 0 7 7 -0 -0 0 0 3.16202e-322 5.13021e-310 0 0
100 496 2.6475 4.9765 6.04147 0.1 0 0 7 7 -0 -0 0 0 6.83753e-310 0 0 0
100 505 2.6475 4.9765 6.04147 0.1 0 0 7 7 -0 -0 0 0 3.11261e-321 5.13135e-310 0 0
100 514 2.6475 4.9765 6.04147 0.1 0 0 7 7 -0 -0 0 0 5.13135e-310 1.58101e-322 0 0
100 523 2.6475 4.9765 6.04147 0.1 0 0 7 7 -0 -0 0 0 3.21143e-322 5.13135e-310 0 0
100 532 2.6475 4.9765 6.04147 0.1 0 0 7 7 -0 -0 0 0 5.13135e-310 0 0 0
100 541 2.6475 4.9765 6.04147 0.1 0 0 7 7 -0 -0 0 0 1.58101e-322 5.13021e-310 0 0
100 550 2.6475 4.9765 6.04147 0.1 0 0 7 7 -0 -0 0 0 0 1.41749e-311 0 0
100 559 2.6475 4.9765 6.04147 0.1 0 0 7 7 -0 -0 0 0 3.24601e-321 5.13135e-310 0 0
100 568 2.6475 4.9765 6.04147 0.1 0 0 7 7 -0 -0 0 0 5.13135e-310 0 0 0
100 577 2.6475 4.9765 6.04147 0.1 0 0 7 7 -0 -0 0 0 3.21143e-322 5.13135e-310 0 0
100 586 2.6475 4.9765 6.04147 0.1 0 0 7 7 -0 -0 0 0 5.13135e-310 3.16202e-322 0 0
100 595 2.6475 4.9765 6.04147 0.1 0 0 7 7 -0 -0 0 0 3.32506e-321 5.13135e-310 0 0
100 604 2.6475 4.9765 6.04147 0.1 0 0 7 7 -0 -0 0 0 5.13135e-310 0 0 0
100 613 2.6475 4.9765 6.04147 0.1 0 0 7 7 -0 -0 0 0 1.58101e-322 5.13021e-310 0 0
100 622 2.6475 4.9765 6.04147 0.1 0 0 7 7 -0 -0 0 0 1.26471e-311 1.45993e-311 0 0
100 631 2.6475 4.9765 6.04147 0.1 0 0 7 7 -0 -0 0 0 5.13135e-310 5.13135e-310 0 0
100 640 2.6475 4.9765 6.04147 0.1 0 0 7 7 -0 -0 0 0 5.13135e-310 5.13135e-310 0 0
100 649 2.6475 4.9765 6.04147 0.1 0 0 7 7 -0 -0 0 0 5.13135e-310 5.13135e-310 0 0
100 658 2.6475 4.9765 6.04147 0.1 0 0 7 7 1.00682e-13 0.0266735 0 0 5.13135e-310 5.13135e-310 0 0
109.192 660.063 2.6475 4.9765 6.04147 0.1 0 0 7 15 3.39138e-15 -6.28404e-16 0 0 5.13135e-310 5.13135e-310 0 0
118.41 662.009 2.6475 4.9765 6.04147 600 0 826 7 13 -7.79064e-15 -4.13775e-15 0 0 0.990829 0.135122 0 0
127.673 663.724 2.6475 4.9765 6.04147 600 0 826 7 13 1.04257e-14 -1.97455e-15 0 0 0.997261 0.0739611 0 0
136.992 665.109 2.6475 4.9765 6.04147 600 0 864 7 13 -1.4275e-14 -6.26409e-15 0 0 0.999953 0.00965751 0 0
146.363 666.082 2.6475 4.9765 6.04147 600 0 902 7 13 1.48753e-14 -3.8474e-15 0 0 0.998407 0.0564226 0 0
155.77 666.585 2.6475 4.9765 6.04147 600 0 940 7 15 -1.97949e-14 -5.68711e-15 0 0 0.999923 -0.0123775 0 0
165.191 666.592 2.6475 4.9765 6.04147 600 0 1397 7 13 1.98019e-14 -5.64899e-15 0 0 0.996705 -0.0811164 0 0
174.599 666.101 2.6475 4.9765 6.04147 600 0 1435 7 13 -2.47909e-14 -2.87585e-15 0 0 0.925821 -0.377963 0 0
183.971 665.14 2.6475 4.9765 6.04147 600 0 1473 7 13 2.26433e-14 -7.19346e-15 0 0 0.911566 -0.411153 0 0
193.289 663.752 2.6475 4.9765 6.04147 600 0 1511 7 13 -2.99708e-14 1.38995e-15 0 0 0.841158 -0.54079 0 0
202.545 661.996 2.6475 4.9765 6.04147 600 0 1549 7 13 2.57606e-14 -8.39216e-15 0 0 0.775773 -0.631012 0 0
211.737 659.933 2.6475 4.9765 6.04147 600 0 1587 7 13 -3.27169e-14 5.43055e-15 0 0 0.833407 -0.55266 0 0
220.871 657.626 2.6475 4.9765 6.04147 600 0 1625 7 13 2.77452e-14 -9.10643e-15 0 0 0.789604 -0.613617 0 0
229.956 655.133 2.6475 4.9765 6.04147 600 0 1663 7 13 -3.45557e-14 8.50101e-15 0 0 0.844005 -0.536336 0 0
239.003 652.506 2.6475 4.9765 6.04147 600 0 1701 7 13 2.84876e-14 -9.26082e-15 0 0 0.796345 -0.604842 0 0
248.023 649.788 2.6475 4.9765 6.04147 600 0 1739 7 13 -3.61881e-14 1.05419e-14 0 0 0.85954 -0.511069 0 0
257.027 647.013 2.6475 4.9765 6.04147 600 0 1777 7 13 2.80921e-14 -8.95204e-15 0 0 0.822497 -0.568769 0 0
266.02 644.209 2.6475 4.9765 6.04147 600 0 1815 7 13 -3.356e-14 1.04014e-14 0 0 0.833765 -0.55212 0 0
275.011 641.395 2.6475 4.9765 6.04147 600 0 1853 7 13 2.57815e-14 -8.06646e-15 0 0 0.819656 -0.572856 0 0
284.002 638.581 2.6475 4.9765 6.04147 600 0 1891 7 13 -3.29823e-14 1.03407e-14 0 0 0.897046 -0.441937 0 0
292.994 635.771 2.6475 4.9765 6.04147 600 0 1929 7 13 2.243e-14 -7.02563e-15 0 0 0.864677 -0.502328 0 0
301.985 632.959 2.6475 4.9765 6.04147 600 0 1967 7 13 -3.21618e-14 9.97032e-15 0 0 0.908979 -0.416841 0 0
310.97 630.123 2.6475 4.9765 6.04147 600 0 2005 7 13 2.51622e-14 -8.30759e-15 0 0 0.87024 -0.492628 0 0
319.937 627.235 2.6475 4.9765 6.04147 600 0 2043 7 13 -3.73764e-14 1.17536e-14 0 0 0.9022 -0.431319 0 0
328.864 624.226 2.6475 4.9765 6.04147 600 0 2081 7 13 2.51604e-14 -9.44817e-15 0 0 0.826902 -0.562347 0 0
337.731 621.044 2.6475 4.9765 6.04147 600 0 2119 7 13 -3.25972e-14 1.12159e-14 0 0 0.886326 -0.463063 0 0
346.478 617.544 2.6475 4.9765 6.04147 600 0 2157 7 13 1.69604e-14 -7.80452e-15 0 0 0.836903 -0.547351 0 0
355.115 613.781 2.6475 4.9765 6.04147 600 0 2195 7 15 -2.39687e-14 9.75782e-15 0 0 0.878989 -0.476842 0 0
363.254 609.037 2.6475 4.9765 6.04147 600 0 2651 7 13 4.64906e-15 -2.27769e-15 0 0 0.684666 -0.728857 0 0
371.557 604.585 2.6475 4.9765 6.04147 600 0 2689 7 13 -6.97706e-15 1.37824e-15 0 0 0.660018 -0.75125 0 0
376.674 596.675 2.6475 4.9765 6.04147 600 0 2727 7 13 -9.4022e-16 3.78842e-15 0 0 0.650963 -0.75911 0 0
386.028 597.798 2.6475 4.9765 6.04147 600 0 75 7 10 0.000805479 0.00117989 0 0 0.755263 -0.655422 0 0
385.04 607.175 2.6475 4.9765 6.04147 600 0 2727 7 14 -0.00153716 -0.000502873 0 0 0.746797 -0.665052 0 0
392.662 612.782 2.6475 4.9765 6.04147 600 0 2689 7 14 0.000570999 0.00321388 0 0 0.744712 -0.667386 0 0
393.666 603.355 2.6475 4.9765 6.04147 600 0 2347 7 15 0.000971168 -0.00133504 0 0 0.879657 -0.475608 0 0
402.988 604.689 2.6475 4.9765 6.04147 600 0 2385 7 13 -0.000743977 -0.000111303 0 0 0.861687 -0.50744 0 0
412.249 602.861 2.6475 4.9765 6.04147 600 0 2423 7 13 0.000518489 -8.89764e-05 0 0 0.863174 -0.504907 0 0
421.53 601.259 2.6475 4.9765 6.04147 600 0 2461 7 13 -0.000568009 9.82648e-05 0 0 0.929245 -0.369463 0 0
430.814 599.579 2.6475 4.9765 6.04147 600 0 2499 7 13 0.000468059 -8.5641e-05 0 0 0.93219 -0.36197 0 0
440.078 597.883 2.6475 4.9765 6.04147 600 0 2537 7 13 -0.000474789 8.7173e-05 0 0 0.874021 -0.485888 0 0
449.346 596.127 2.6475 4.9765 6.04147 600 0 2575 7 13 0.00039418 -7.91602e-05 0 0 0.895693 -0.444673 0 0
458.578 594.263 2.6475 4.9765 6.04147 600 0 2613 7 13 -0.000366809 7.42692e-05 0 0 0.862272 -0.506445 0 0
467.786 592.23 2.6475 4.9765 6.04147 600 0 2651 7 13 0.000291763 -7.15298e-05 0 0 0.93519 -0.354146 0 0
476.933 589.98 2.6475 4.9765 6.04147 600 0 2689 7 13 -0.000254727 6.18952e-05 0 0 0.901622 -0.432526 0 0
486.027 587.492 2.6475 4.9765 6.04147 600 0 2727 7 13 0.000189968 -5.6089e-05 0 0 0.920969 -0.389636 0 0
495.069 584.847 2.6475 4.9765 6.04147 600 0 2765 7 13 -0.000158247 4.59238e-05 0 0 0.892069 -0.451899 0 0
504.102 582.15 2.6475 4.9765 6.04147 600 0 2803 7 13 0.000105375 -3.34007e-05 0 0 0.888755 -0.458382 0 0
513.1 579.357 2.6475 4.9765 6.04147 600 0 2841 7 13 -8.75864e-05 2.32132e-05 0 0 0.851366 -0.524573 0 0
521.963 576.15 2.6475 4.9765 6.04147 600 0 2879 7 13 4.33903e-05 -5.46669e-06 0 0 0.816503 -0.577342 0 0
531.043 573.634 2.6475 4.9765 6.04147 600 0 2917 7 13 -4.99431e-05 -5.4884e-05 0 0 0.811713 -0.584057 0 0
536.935 566.279 2.6475 4.9765 6.04147 600 0 2955 7 13 0.000394055 0.000261371 0 0 0.848115 -0.529813 0 0
545.777 569.564 2.6475 4.9765 6.04147 600 0 2993 9 13 0.000592792 -0.000273579 0 0 0.882968 -0.469434 0 0
554.968 571.764 2.6475 4.9765 6.04147 600 0 1603 8 10 0.000558565 -0.000156654 0 0 0.882968 -0.469434 0 0
549.793 579.673 2.6475 4.9765 6.04147 600 0 2993 9 14 0.000478518 -0.000243528 0 0 0.907551 -0.419943 0 0
543.609 586.799 2.6475 4.9765 6.04147 600 0 2955 7 14 0.00012748 -0.00046664 0 0 0.960761 -0.277377 0 0
534.288 585.409 2.6475 4.9765 6.04147 600 0 2917 7 14 0.00025479 3.1385e-05 0 0 0.94262 -0.333867 0 0
526.039 589.974 2.6475 4.9765 6.04147 600 0 2879 7 14 -0.00028516 9.41057e-05 0 0 0.977705 -0.209981 0 0
517.079 592.861 2.6475 4.9765 6.04147 600 0 2841 7 14 0.000594097 -0.000194174 0 0 0.958865 -0.283862 0 0
508.122 595.824 2.6475 4.9765 6.04147 600 0 2803 7 14 -0.000795416 0.000255387 0 0 0.99031 -0.138877 0 0
499.153 598.645 2.6475 4.9765 6.04147 600 0 2765 7 14 0.00118105 -0.000368651 0 0 0.972358 -0.233493 0 0
490.132 601.446 2.6475 4.9765 6.04147 600 0 2727 7 14 -0.00151945 0.000466311 0 0 0.988363 -0.152113 0 0
481.148 604.176 2.6475 4.9765 6.04147 600 0 2689 7 14 0.0018719 -0.000529826 0 0 0.97795 -0.208838 0 0
472.009 606.62 2.6475 4.9765 6.04147 600 0 2651 7 14 -0.0022648 0.000817471 0 0 0.995836 -0.0911633 0 0
462.942 609.032 2.6475 4.9765 6.04147 600 0 2613 7 14 0.00222548 -0.000241985 0 0 0.968029 -0.250838 0 0
453.638 610.766 2.6475 4.9765 6.04147 600 0 2575 7 14 -0.00205526 0.000349478 0 0 0.968759 -0.248002 0 0
444.354 612.231 2.6475 4.9765 6.04147 600 0 2537 7 14 0.0013386 -0.000208767 0 0 0.992323 -0.123676 0 0
434.991 613.564 2.6475 4.9765 6.04147 600 0 2499 7 14 -0.00135516 0.000186168 0 0 0.98632 -0.164844 0 0
425.659 614.84 2.6475 4.9765 6.04147 600 0 2461 7 14 0.000742647 -9.89774e-05 0 0 0.983914 -0.178642 0 0
416.296 616.171 2.6475 4.9765 6.04147 600 0 2423 7 14 -0.000958736 6.76411e-05 0 0 0.988031 -0.154257 0 0
406.91 617.053 2.6475 4.9765 6.04147 600 0 2385 7 14 0.000920173 5.91269e-05 0 0 0.97415 -0.225902 0 0
398.065 620.444 2.6475 4.9765 6.04147 600 0 2347 7 14 -0.00234705 -0.00101317 0 0 0.998858 -0.0477771 0 0
388.689 621.29 2.6475 4.9765 6.04147 600 0 2309 7 14 0.00174014 -0.0014138 0 0 0.990633 -0.136548 0 0
379.391 623.19 2.6475 4.9765 6.04147 600 0 2271 7 14 -0.00088003 0.0005669 0 0 0.999783 -0.0208379 0 0
370.623 626.72 2.6475 4.9765 6.04147 600 0 2233 7 14 0.00030744 -0.000270184 0 0 0.993723 -0.111873 0 0
361.586 629.554 2.6475 4.9765 6.04147 600 0 2195 7 14 -0.000226295 7.86195e-05 0 0 0.970775 -0.239992 0 0
352.568 632.416 2.6475 4.9765 6.04147 600 0 2157 7 14 0.000292416 -0.000118221 0 0 0.997996 -0.0632701 0 0
343.502 635.146 2.6475 4.9765 6.04147 600 0 2119 7 14 -0.000195919 5.42484e-05 0 0 0.989303 -0.145876 0 0
334.445 637.85 2.6475 4.9765 6.04147 600 0 2081 7 14 0.000705205 -0.000212039 0 0 0.996445 -0.0842405 0 0
325.369 640.545 2.6475 4.9765 6.04147 600 0 2043 7 14 -0.000671014 0.000199985 0 0 0.987139 -0.159863 0 0
316.333 643.232 2.6475 4.9765 6.04147 600 0 2005 7 14 0.00179626 -0.000534216 0 0 0.976527 -0.215397 0 0
307.247 645.937 2.6475 4.9765 6.04147 600 0 1967 7 14 -0.00213401 0.000636233 0 0 0.993953 -0.109808 0 0
298.257 648.617 2.6475 4.9765 6.04147 600 0 1929 7 14 0.00394006 -0.00117825 0 0 0.987688 -0.156437 0 0
289.147 651.351 2.6475 4.9765 6.04147 600 0 1891 7 14 -0.00478734 0.00145031 0 0 0.987978 -0.154592 0 0
280.231 654.068 2.6475 4.9765 6.04147 600 0 1853 7 14 0.00678466 -0.00210158 0 0 0.947232 -0.320549 0 0
271.111 656.927 2.6475 4.9765 6.04147 600 0 1815 7 14 -0.0077155 0.00247141 0 0 0.938375 -0.345619 0 0
262.304 659.809 2.6475 4.9765 6.04147 600 0 1777 7 14 0.00921726 -0.00311591 0 0 0.977753 -0.20976 0 0
253.232 662.946 2.6475 4.9765 6.04147 600 0 1739 7 14 -0.00981909 0.00349345 0 0 0.957156 -0.289572 0 0
244.569 666.133 2.6475 4.9765 6.04147 600 0 1701 7 14 0.0106101 -0.00404045 0 0 0.971313 -0.237804 0 0
235.601 669.631 2.6475 4.9765 6.04147 600 0 1663 7 14 -0.010929 0.00433517 0 0 0.940657 -0.339359 0 0
227.063 673.09 2.6475 4.9765 6.04147 600 0 1625 7 14 0.0112314 -0.00468787 0 0 0.956728 -0.290983 0 0
218.196 676.875 2.6475 4.9765 6.04147 600 0 1587 7 14 -0.0113261 0.00527857 0 0 0.916902 -0.399112 0 0
209.992 681.132 2.6475 4.9765 6.04147 600 0 1549 7 14 0.008781 -0.00520105 0 0 0.939873 -0.341525 0 0
202.033 686.525 2.6475 4.9765 6.04147 600 0 1511 7 14 -0.0090579 0.00407145 0 0 0.883377 -0.468663 0 0
192.781 688.497 2.6475 4.9765 6.04147 600 0 1473 7 14 0.0484542 -0.0479406 0 0 0.925062 -0.379816 0 0
185.766 696.407 2.6475 4.9765 6.04147 600 0 1435 7 14 -0.0425877 0.0485971 0 0 0.945955 -0.324298 0 0
195.508 697.998 2.6475 4.9765 6.04147 600 0 1092 7 15 -0.000623719 -0.0019956 0 0 0.998379 -0.0569118 0 0
204.089 701.935 2.6475 4.9765 6.04147 600 0 1130 7 13 -0.000158303 -6.89671e-05 0 0 0.999949 0.0100708 0 0
212.876 705.344 2.6475 4.9765 6.04147 600 0 1168 7 13 0.000158664 5.5238e-05 0 0 0.998769 -0.0496129 0 0
221.817 708.306 2.6475 4.9765 6.04147 600 0 1206 7 13 -0.000108221 -3.59321e-05 0 0 0.98563 -0.16892 0 0
230.821 711.091 2.6475 4.9765 6.04147 600 0 1244 7 13 0.000114952 3.45517e-05 0 0 0.997031 0.0770073 0 0
239.842 713.805 2.6475 4.9765 6.04147 600 0 1282 7 13 -6.90414e-05 -2.07942e-05 0 0 0.999974 -0.00714572 0 0
248.869 716.516 2.6475 4.9765 6.04147 600 0 1320 7 13 8.16478e-05 2.50247e-05 0 0 0.996404 -0.0847254 0 0
257.883 719.258 2.6475 4.9765 6.04147 600 0 1358 7 13 -3.98462e-05 -1.15574e-05 0 0 0.990483 -0.137639 0 0
266.884 722.051 2.6475 4.9765 6.04147 600 0 1396 7 13 5.82678e-05 1.91172e-05 0 0 0.984135 0.17742 0 0
275.866 724.901 2.6475 4.9765 6.04147 600 0 1434 7 13 -1.90212e-05 -5.18098e-06 0 0 0.99787 -0.0652264 0 0
284.833 727.805 2.6475 4.9765 6.04147 600 0 1472 7 13 4.28401e-05 1.47867e-05 0 0 0.995014 -0.0997389 0 0
293.785 730.751 2.6475 4.9765 6.04147 600 0 1510 7 13 -4.53777e-06 -1.01337e-06 0 0 0.979216 -0.202821 0 0
302.731 733.72 2.6475 4.9765 6.04147 600 0 1548 7 13 3.34834e-05 1.09054e-05 0 0 0.994044 -0.108981 0 0
311.679 736.682 2.6475 4.9765 6.04147 600 0 1586 7 13 5.7654e-06 4.30989e-07 0 0 0.982917 -0.184051 0 0
320.647 739.585 2.6475 4.9765 6.04147 600 0 1624 7 13 2.89805e-05 5.61522e-06 0 0 0.998868 -0.0475756 0 0
329.656 742.359 2.6475 4.9765 6.04147 600 0 1662 7 13 1.40357e-05 -2.71513e-06 0 0 0.995445 -0.0953344 0 0
338.734 744.9 2.6475 4.9765 6.04147 600 0 1700 7 13 2.85761e-05 -3.97339e-06 0 0 0.988871 -0.148775 0 0
347.908 747.074 2.6475 4.9765 6.04147 600 0 1738 7 13 2.15925e-05 -1.2889e-05 0 0 0.996222 -0.0868473 0 0
357.191 748.719 2.6475 4.9765 6.04147 600 0 1776 7 13 3.05944e-05 -1.97802e-05 0 0 0.98584 -0.167691 0 0
366.572 749.668 2.6475 4.9765 6.04147 600 0 1814 7 13 2.73739e-05 -2.9534e-05 0 0 0.964253 -0.264982 0 0
376.001 749.774 2.6475 4.9765 6.04147 600 0 1852 7 13 3.16816e-05 -3.74968e-05 0 0 0.997734 -0.0672873 0 0
385.397 748.97 2.6475 4.9765 6.04147 600 0 1890 7 15 2.96621e-05 -4.32632e-05 0 0 0.985899 -0.16734 0 0
394.674 747.276 2.6475 4.9765 6.04147 600 0 2404 7 13 3.15144e-05 -4.6216e-05 0 0 0.850379 -0.526171 0 0
403.775 744.8 2.6475 4.9765 6.04147 600 0 2442 7 13 3.17947e-05 -4.51053e-05 0 0 0.788951 -0.614456 0 0
412.686 741.705 2.6475 4.9765 6.04147 600 0 2480 7 13 3.42755e-05 -4.22547e-05 0 0 0.776422 -0.630213 0 0
421.427 738.156 2.6475 4.9765 6.04147 600 0 2518 7 13 3.70362e-05 -3.76589e-05 0 0 0.786217 -0.617951 0 0
430.042 734.307 2.6475 4.9765 6.04147 600 0 2556 7 13 4.00631e-05 -3.33148e-05 0 0 0.750701 -0.660642 0 0
438.573 730.275 2.6475 4.9765 6.04147 600 0 2594 7 13 4.31495e-05 -2.98333e-05 0 0 0.730747 -0.682649 0 0
447.057 726.14 2.6475 4.9765 6.04147 600 0 2632 7 13 4.53216e-05 -2.74187e-05 0 0 0.801311 -0.598248 0 0
455.516 721.95 2.6475 4.9765 6.04147 600 0 2670 7 13 4.74749e-05 -2.65062e-05 0 0 0.758242 -0.651973 0 0
463.961 717.733 2.6475 4.9765 6.04147 600 0 2708 7 13 4.87491e-05 -2.62156e-05 0 0 0.745626 -0.666365 0 0
472.4 713.499 2.6475 4.9765 6.04147 600 0 2746 7 13 5.04539e-05 -2.62224e-05 0 0 0.804223 -0.594327 0 0
480.837 709.257 2.6475 4.9765 6.04147 600 0 2784 7 13 5.22695e-05 -2.56009e-05 0 0 0.761013 -0.648737 0 0
489.277 705.019 2.6475 4.9765 6.04147 600 0 2822 7 13 5.29715e-05 -2.69253e-05 0 0 0.790975 -0.611849 0 0
497.718 700.778 2.6475 4.9765 6.04147 600 0 2860 7 13 5.24612e-05 -3.27435e-05 0 0 0.786594 -0.61747 0 0
506.138 696.493 2.6475 4.9765 6.04147 600 0 2898 7 13 4.75888e-05 -4.26575e-05 0 0 0.751854 -0.65933 0 0
514.5 692.092 2.6475 4.9765 6.04147 600 0 2936 7 13 0.000142095 0.000127757 0 0 0.765478 -0.643462 0 0
523.406 688.931 2.6475 4.9765 6.04147 600 0 2974 9 13 7.67059e-05 -4.61012e-05 0 0 0.825479 -0.564433 0 0
532.853 689.417 2.6475 4.9765 6.04147 600 0 596 8 10 8.84585e-05 -9.61279e-05 0 0 0.791043 -0.611761 0 0
529.181 698.129 2.6475 4.9765 6.04147 600 0 2974 9 14 0.000110182 -5.89588e-05 0 0 0.861237 -0.508203 0 0
522.043 704.314 2.6475 4.9765 6.04147 600 0 2936 7 14 -4.34321e-06 -0.000266933 0 0 0.890843 -0.454311 0 0
513.657 708.655 2.6475 4.9765 6.04147 600 0 2898 7 14 1.74866e-05 -1.96334e-05 0 0 0.864152 -0.503231 0 0
505.225 712.897 2.6475 4.9765 6.04147 600 0 2860 7 14 0.000127669 -7.11295e-05 0 0 0.899246 -0.437444 0 0
496.755 717.065 2.6475 4.9765 6.04147 600 0 2822 7 14 -4.02818e-05 2.67466e-05 0 0 0.899961 -0.43597 0 0
488.323 721.302 2.6475 4.9765 6.04147 600 0 2784 7 14 0.000142335 -7.01491e-05 0 0 0.883061 -0.469259 0 0
479.898 725.557 2.6475 4.9765 6.04147 600 0 2746 7 14 -0.00011417 6.1427e-05 0 0 0.853335 -0.521362 0 0
471.497 729.849 2.6475 4.9765 6.04147 600 0 2708 7 14 0.000147211 -7.24469e-05 0 0 0.841833 -0.539737 0 0
463.111 734.181 2.6475 4.9765 6.04147 600 0 2670 7 14 -0.000165355 8.4455e-05 0 0 0.87993 -0.475103 0 0
454.726 738.501 2.6475 4.9765 6.04147 600 0 2632 7 14 0.000197434 -9.64451e-05 0 0 0.831778 -0.555109 0 0
446.373 742.899 2.6475 4.9765 6.04147 600 0 2594 7 14 -0.000187875 0.000135942 0 0 0.862537 -0.505993 0 0
438.229 747.652 2.6475 4.9765 6.04147 600 0 2556 7 14 0.00038233 -0.000202107 0 0 0.835948 -0.548809 0 0
430.359 752.866 2.6475 4.9765 6.04147 600 0 2518 7 14 -0.000318961 0.000269329 0 0 0.798879 -0.601491 0 0
422.866 758.571 2.6475 4.9765 6.04147 600 0 2480 7 14 0.000722867 -0.000632728 0 0 0.884165 -0.467175 0 0
414.129 762.132 2.6475 4.9765 6.04147 600 0 2442 7 14 -0.000302206 -9.45031e-05 0 0 0.847775 -0.530356 0 0
421.578 767.919 2.6475 4.9765 6.04147 600 0 2042 7 15 0.000619279 0.000616846 0 0 0.973877 -0.227077 0 0
429.156 773.506 2.6475 4.9765 6.04147 600 0 2080 7 13 -0.000352851 -0.00028439 0 0 0.977614 -0.210409 0 0
437.593 777.734 2.6475 4.9765 6.04147 600 0 2118 7 13 0.000510647 0.000152857 0 0 0.96389 -0.266302 0 0
446.533 780.71 2.6475 4.9765 6.04147 600 0 2156 7 13 -0.000395508 -0.000151789 0 0 0.936348 -0.351072 0 0
455.713 782.913 2.6475 4.9765 6.04147 600 0 2194 7 13 0.000535337 8.08652e-05 0 0 0.962447 -0.271468 0 0
464.99 784.553 2.6475 4.9765 6.04147 600 0 2232 7 13 -0.000669565 -0.000122967 0 0 0.931462 -0.363837 0 0
474.368 785.683 2.6475 4.9765 6.04147 600 0 2270 7 13 0.000871849 5.90829e-05 0 0 0.921779 -0.387717 0 0
483.756 786.362 2.6475 4.9765 6.04147 600 0 2308 7 13 -0.00121508 -7.50657e-05 0 0 0.970122 -0.242619 0 0
492.028 781.812 2.6475 4.9765 6.04147 600 0 2346 7 13 0.000619302 -7.14892e-05 0 0 0.943801 -0.330516 0 0
491.848 791.227 2.6475 4.9765 6.04147 600 0 2384 7 13 0.000577898 0.000118292 0 0 0.925642 -0.3784 0 0
500.09 786.675 2.6475 4.9765 6.04147 600 0 2422 7 13 -0.000907475 -3.6593e-05 0 0 0.990208 -0.1396 0 0
509.438 788.016 2.6475 4.9765 6.04147 600 0 2460 7 13 0.00061281 5.69691e-05 0 0 0.913223 -0.40746 0 0
518.065 784.231 2.6475 4.9765 6.04147 600 0 2498 7 13 -0.000291903 0.000166913 0 0 0.870544 -0.492091 0 0
527.192 781.838 2.6475 4.9765 6.04147 600 0 2536 7 13 0.000236529 -5.56138e-05 0 0 0.809532 -0.587075 0 0
536.34 779.567 2.6475 4.9765 6.04147 600 0 2574 7 13 -0.000141484 2.94931e-05 0 0 0.774397 -0.6327 0 0
545.456 777.144 2.6475 4.9765 6.04147 600 0 2612 7 13 8.5459e-05 -3.37775e-05 0 0 0.774563 -0.632497 0 0
554.502 774.489 2.6475 4.9765 6.04147 600 0 2650 7 13 -7.7354e-05 1.40602e-05 0 0 0.87938 -0.47612 0 0
563.484 771.615 2.6475 4.9765 6.04147 600 0 2688 7 13 1.18731e-05 -1.10795e-05 0 0 0.688918 -0.724839 0 0
572.406 768.566 2.6475 4.9765 6.04147 600 0 2726 7 13 -5.81924e-05 1.70801e-05 0 0 0.77134 -0.636423 0 0
581.3 765.437 2.6475 4.9765 6.04147 600 0 2764 7 13 -2.27512e-05 9.73255e-06 0 0 0.721725 -0.69218 0 0
590.211 762.362 2.6475 4.9765 6.04147 600 0 2802 7 13 -5.38828e-05 2.44252e-05 0 0 0.669856 -0.742491 0 0
599.198 759.521 2.6475 4.9765 6.04147 600 0 2840 7 13 -4.32651e-05 1.23454e-05 0 0 0.74004 -0.672563 0 0
608.163 756.613 2.6475 4.9765 6.04147 600 0 2878 7 13 -4.86751e-05 4.04556e-05 0 0 0.685978 -0.727622 0 0
617.541 755.684 2.6475 4.9765 6.04147 600 0 2916 7 13 -5.46386e-05 -6.36256e-05 0 0 0.739579 -0.67307 0 0
623.124 748.094 2.6475 4.9765 6.04147 600 0 2954 7 13 0.000288378 0.000190542 0 0 0.698212 -0.715891 0 0
632.059 751.108 2.6475 4.9765 6.04147 600 0 2992 9 13 0.000486006 -0.000391629 0 0 0.660732 -0.750622 0 0
641.439 752.227 2.6475 4.9765 6.04147 0.1 0 2212 8 10 0.000476097 -0.000309437 0 0 0.764067 -0.645137 0 0
637.211 760.685 2.6475 4.9765 6.04147 600 0 2992 9 14 0.000400344 -0.00034635 0 0 0.942052 -0.335467 0 0
631.082 767.862 2.6475 4.9765 6.04147 600 0 2954 7 14 0.000143379 -0.00056453 0 0 0.943171 -0.332306 0 0
621.705 766.883 2.6475 4.9765 6.04147 600 0 2916 7 14 6.75545e-05 0.000130724 0 0 0.935645 -0.352942 0 0
612.963 770.41 2.6475 4.9765 6.04147 600 0 2878 7 14 -1.37183e-06 -4.20015e-05 0 0 0.934421 -0.356171 0 0
603.775 772.52 2.6475 4.9765 6.04147 600 0 2840 7 14 8.53778e-06 1.95243e-05 0 0 0.941069 -0.338214 0 0
594.799 775.398 2.6475 4.9765 6.04147 600 0 2802 7 14 9.12297e-06 5.32409e-06 0 0 0.992663 -0.120913 0 0
585.921 778.568 2.6475 4.9765 6.04147 600 0 2764 7 14 1.30976e-06 2.34435e-06 0 0 0.978818 -0.204735 0 0
577.079 781.836 2.6475 4.9765 6.04147 600 0 2726 7 14 9.75372e-06 -6.7594e-06 0 0 0.951246 -0.308432 0 0
568.196 784.989 2.6475 4.9765 6.04147 600 0 2688 7 14 -2.19197e-06 -4.51781e-06 0 0 0.940655 -0.339365 0 0
559.246 787.948 2.6475 4.9765 6.04147 600 0 2650 7 14 1.99311e-05 -1.10694e-05 0 0 0.999661 0.0260441 0 0
550.238 790.723 2.6475 4.9765 6.04147 600 0 2612 7 14 -5.9043e-06 -2.60512e-06 0 0 0.999793 -0.020357 0 0
541.176 793.316 2.6475 4.9765 6.04147 600 0 2574 7 14 4.07272e-05 -1.67108e-05 0 0 0.99995 -0.00996099 0 0
532.043 795.646 2.6475 4.9765 6.04147 600 0 2536 7 14 -2.42081e-05 -1.37339e-05 0 0 0.999126 0.0418115 0 0
522.722 797.032 2.6475 4.9765 6.04147 600 0 2498 7 14 7.60233e-05 -3.27859e-05 0 0 0.998653 -0.0518878 0 0
513.306 796.605 2.6475 4.9765 6.04147 600 0 2460 7 15 -5.60078e-05 -0.00028006 0 0 0.997624 -0.068899 0 0
505.39 801.718 2.6475 4.9765 6.04147 600 0 2890 7 13 -4.06381e-05 -6.34799e-05 0 0 0.969151 0.246468 0 0
513.772 806.019 2.6475 4.9765 6.04147 600 0 2928 7 13 7.32717e-05 6.07221e-05 0 0 0.91174 0.410768 0 0
521.879 808.771 2.10402 3.95492 4.27197 600 0 2966 7 13 1.63805e-05 -0.000142134 0 0 0.911126 0.412128 0 0
521.284 816.468 2.10402 3.95492 4.27197 600 0 2966 11 13 -0.000148447 -0.000144782 0 0 0.911068 0.412256 0 0
524.961 824.192 2.6475 4.9765 6.04147 600 0 148 8 10 -3.87191e-05 -0.00019838 0 0 0.881928 0.471383 0 0
516.415 823.681 2.10402 3.95492 4.27197 600 0 2966 11 14 -4.85125e-05 -6.64978e-06 0 0 0.881928 0.471383 0 0
508.82 823.829 2.10402 3.95492 4.80127 600 0 2966 7 14 -4.94399e-05 -3.41864e-06 0 0 0.784363 0.620302 0 0
504.439 816.599 2.6475 4.9765 6.04147 600 0 2928 7 14 -3.4528e-05 -8.42602e-06 0 0 0.819818 0.572624 0 0
495.528 813.538 2.6475 4.9765 6.04147 600 0 2890 7 14 -3.54401e-05 -2.32656e-05 0 0 0.887978 0.459885 0 0
487.087 809.35 2.6475 4.9765 6.04147 600 0 2852 7 14 -3.33292e-05 -5.83327e-06 0 0 0.881396 0.472378 0 0
478.323 805.887 2.6475 4.9765 6.04147 600 0 2308 7 15 -4.19188e-05 -9.4432e-06 0 0 0.987694 0.1564 0 0
469.42 802.797 2.6475 4.9765 6.04147 600 0 2270 7 14 -3.05734e-05 -2.78897e-06 0 0 0.960011 0.279963 0 0
460.4 800.063 2.6475 4.9765 6.04147 600 0 2232 7 14 -3.80424e-05 -5.58645e-06 0 0 0.974841 0.222901 0 0
451.313 797.557 2.6475 4.9765 6.04147 600 0 2194 7 14 -2.6627e-05 -4.20795e-06 0 0 0.985274 0.170985 0 0
442.196 795.161 2.6475 4.9765 6.04147 600 0 2156 7 14 -2.70083e-05 -6.92585e-06 0 0 0.967263 0.253775 0 0
433.076 792.771 2.6475 4.9765 6.04147 600 0 2118 7 14 -2.21478e-05 -8.13195e-06 0 0 0.981279 0.192593 0 0
423.975 790.312 2.6475 4.9765 6.04147 600 0 2080 7 14 -1.02527e-05 -6.78372e-06 0 0 0.947777 0.318935 0 0
414.904 787.741 2.6475 4.9765 6.04147 600 0 2042 7 14 -1.94861e-05 -1.06772e-05 0 0 0.971715 0.236158 0 0
405.871 785.037 2.6475 4.9765 6.04147 600 0 2004 7 14 1.2613e-05 -1.39666e-06 0 0 0.909604 0.415475 0 0
396.881 782.195 2.6475 4.9765 6.04147 600 0 1966 7 14 -2.27242e-05 -1.24919e-05 0 0 0.939687 0.342034 0 0
387.933 779.223 2.6475 4.9765 6.04147 600 0 1928 7 14 4.4618e-05 1.07693e-05 0 0 0.949274 0.314451 0 0
379.023 776.138 2.6475 4.9765 6.04147 600 0 1890 7 14 -3.91389e-05 -1.71461e-05 0 0 0.90692 0.421302 0 0
370.145 772.967 2.6475 4.9765 6.04147 600 0 1852 7 14 9.31699e-05 3.17377e-05 0 0 0.945027 0.326991 0 0
361.284 769.743 2.6475 4.9765 6.04147 600 0 1814 7 14 -8.09232e-05 -2.96055e-05 0 0 0.946755 0.321955 0 0
352.429 766.517 2.6475 4.9765 6.04147 600 0 1776 7 14 0.000173252 6.42302e-05 0 0 0.96672 0.255835 0 0
343.547 763.351 2.6475 4.9765 6.04147 600 0 1738 7 14 -0.000168284 -5.38933e-05 0 0 0.973398 0.229119 0 0
334.618 760.344 2.6475 4.9765 6.04147 600 0 1700 7 14 0.000312149 0.000105025 0 0 0.862419 0.506196 0 0
325.586 757.633 2.6475 4.9765 6.04147 600 0 1662 7 14 -0.000335323 -8.09769e-05 0 0 0.837876 0.54586 0 0
316.432 755.426 2.6475 4.9765 6.04147 600 0 1624 7 14 0.000554512 0.000115672 0 0 0.889214 0.457491 0 0
307.117 753.939 2.6475 4.9765 6.04147 600 0 1586 7 15 -0.000664471 0.000151357 0 0 0.908854 0.417115 0 0
297.799 752.614 2.6475 4.9765 6.04147 600 0 1929 7 13 0.000393923 0.000355034 0 0 0.942313 0.334734 0 0
301.312 761.349 2.6475 4.9765 6.04147 600 0 1967 7 13 2.86696e-05 -0.000581421 0 0 0.76879 0.639501 0 0
305.559 769.774 2.6475 4.9765 6.04147 600 0 2005 7 13 0.000248496 0.000467343 0 0 0.599819 0.800136 0 0
309.998 778.084 2.6475 4.9765 6.04147 600 0 2043 7 13 -8.2927e-05 -0.000188573 0 0 0.543385 0.839484 0 0
314.904 786.143 2.6475 4.9765 6.04147 600 0 2081 7 13 0.000167659 0.000241674 0 0 0.645857 0.763458 0 0
320.051 794.044 2.6475 4.9765 6.04147 600 0 2119 7 13 -1.10461e-05 -5.06312e-05 0 0 0.68128 0.732023 0 0
325.475 801.766 2.6475 4.9765 6.04147 600 0 2157 7 13 0.000112651 0.000126009 0 0 0.72361 0.690209 0 0
331.115 809.329 2.6475 4.9765 6.04147 600 0 2195 7 13 2.3044e-05 5.51497e-06 0 0 0.797442 0.603396 0 0
336.918 816.774 2.6475 4.9765 6.04147 600 0 2233 7 13 7.39008e-05 7.05713e-05 0 0 0.696654 0.717407 0 0
342.857 824.111 2.6475 4.9765 6.04147 600 0 2271 7 13 3.33314e-05 1.84498e-05 0 0 0.841238 0.540665 0 0
348.919 831.349 2.6475 4.9765 6.04147 600 0 2309 7 13 5.0304e-05 3.59812e-05 0 0 0.818759 0.574137 0 0
355.105 838.483 2.6475 4.9765 6.04147 600 0 2347 7 13 2.84782e-05 1.12582e-05 0 0 0.86377 0.503887 0 0
361.398 845.524 2.6475 4.9765 6.04147 600 0 2385 7 13 2.79881e-05 1.16455e-05 0 0 0.857966 0.513707 0 0
367.786 852.478 2.6475 4.9765 6.04147 600 0 2423 7 13 1.27419e-05 -3.1659e-06 0 0 0.86411 0.503302 0 0
374.257 859.357 2.6475 4.9765 6.04147 600 0 2461 7 13 7.75948e-06 -1.21048e-05 0 0 0.89351 0.449042 0 0
380.826 866.141 2.6475 4.9765 6.04147 600 0 2499 7 13 -2.81601e-08 -2.82752e-05 0 0 0.933122 0.359561 0 0
387.535 872.788 2.6475 4.9765 6.04147 600 0 2537 7 13 -3.49422e-06 -4.40757e-05 0 0 0.893691 0.448683 0 0
394.449 879.218 2.6475 4.9765 6.04147 600 0 2575 7 13 -9.27779e-06 -5.92445e-05 0 0 0.93912 0.343588 0 0
401.631 885.347 2.6475 4.9765 6.04147 600 0 2613 7 13 -2.76821e-05 -5.98113e-05 0 0 0.901609 0.432551 0 0
411.002 886.408 2.6475 4.9765 6.04147 600 0 2689 7 13 -3.32553e-05 -6.39857e-05 0 0 0.939353 0.342953 0 0
405.42 893.985 2.6475 4.9765 6.04147 600 0 2689 7 13 -4.02097e-05 -6.18784e-05 0 0 0.956047 0.293215 0 0
414.791 895.043 2.6475 4.9765 6.04147 600 0 2727 7 13 -4.80072e-05 -6.53835e-05 0 0 0.895 0.446067 0 0
422.843 899.961 2.6475 4.9765 6.04147 600 0 2765 7 13 -5.51357e-05 -6.6338e-05 0 0 0.957987 0.286812 0 0
431.146 904.437 2.6475 4.9765 6.04147 600 0 2803 7 13 -6.72315e-05 -6.30778e-05 0 0 0.980933 0.194349 0 0
439.682 908.448 2.6475 4.9765 6.04147 600 0 2841 7 13 -6.6794e-05 -7.34775e-05 0 0 0.982725 0.185072 0 0
448.611 911.476 2.6475 4.9765 6.04147 600 0 2879 7 13 -9.96178e-05 1.00976e-05 0 0 0.999811 0.0194363 0 0
456.918 915.932 2.6475 4.9765 6.04147 600 0 2917 7 13 -1.05063e-05 -0.000157401 0 0 0.99943 0.0337491 0 0
466.194 914.257 2.6475 4.9765 6.04147 600 0 2955 7 13 0.000115578 0.000535494 0 0 0.997895 0.0648506 0 0
471.384 922.136 2.6475 4.9765 6.04147 600 0 2993 9 13 0.000599087 0.000218271 0 0 0.992978 0.118302 0 0
476.883 929.826 2.6475 4.9765 6.04147 600 0 1109 8 10 0.000517056 0.000277046 0 0 0.962853 0.270025 0 0
467.792 932.404 2.6475 4.9765 6.04147 600 0 2993 9 14 0.000488169 0.000178133 0 0 0.962175 0.272433 0 0
458.572 934.396 2.6475 4.9765 6.04147 600 0 2955 7 14 0.000397656 -0.000237462 0 0 0.878971 0.476874 0 0
452.651 927.063 2.6475 4.9765 6.04147 600 0 2917 7 14 -2.26887e-05 9.92638e-05 0 0 0.895075 0.445916 0 0
443.474 924.92 2.6475 4.9765 6.04147 600 0 2879 7 14 5.58247e-06 -1.87715e-05 0 0 0.926463 0.376386 0 0
434.722 921.424 2.6475 4.9765 6.04147 600 0 2841 7 14 -4.19864e-06 -3.09351e-06 0 0 0.830519 0.556991 0 0
426.005 917.844 2.6475 4.9765 6.04147 600 0 2803 7 14 8.27601e-07 -8.0958e-06 0 0 0.816987 0.576656 0 0
417.504 913.776 2.6475 4.9765 6.04147 600 0 2765 7 14 -3.08529e-06 -9.90899e-06 0 0 0.864943 0.501869 0 0
409.228 909.267 2.6475 4.9765 6.04147 600 0 2727 7 14 -1.91264e-07 -7.02375e-06 0 0 0.705996 0.708215 0 0
401.143 904.424 2.6475 4.9765 6.04147 600 0 2689 7 14 5.62363e-06 -2.53776e-05 0 0 0.724968 0.688782 0 0
393.908 898.385 2.6475 4.9765 6.04147 600 0 2651 7 14 -1.76473e-06 -9.99537e-06 0 0 0.703053 0.711137 0 0
386.915 892.066 2.6475 4.9765 6.04147 600 0 2613 7 14 -4.9333e-06 -1.23082e-05 0 0 0.740435 0.672127 0 0
380.132 885.522 2.6475 4.9765 6.04147 600 0 2575 7 14 -3.63928e-06 -8.07798e-06 0 0 0.73072 0.682678 0 0
373.464 878.86 2.6475 4.9765 6.04147 600 0 2537 7 14 -6.18572e-06 -9.67515e-06 0 0 0.606786 0.794865 0 0
366.88 872.115 2.6475 4.9765 6.04147 600 0 2499 7 14 -3.71593e-06 -7.63826e-06 0 0 0.654469 0.756089 0 0
360.384 865.286 2.6475 4.9765 6.04147 600 0 2461 7 14 -4.54587e-06 -9.40108e-06 0 0 0.531016 0.847362 0 0
353.989 858.361 2.6475 4.9765 6.04147 600 0 2423 7 14 -2.56832e-06 -7.89454e-06 0 0 0.585636 0.810574 0 0
347.702 851.338 2.6475 4.9765 6.04147 600 0 2385 7 14 -3.0306e-06 -8.72139e-06 0 0 0.563584 0.826059 0 0
341.524 844.219 2.6475 4.9765 6.04147 600 0 2347 7 14 -1.7923e-06 -7.3433e-06 0 0 0.609518 0.792772 0 0
335.448 837.011 2.6475 4.9765 6.04147 600 0 2309 7 14 -2.06695e-06 -7.45596e-06 0 0 0.421712 0.90673 0 0
329.468 829.725 2.6475 4.9765 6.04147 600 0 2271 7 14 -1.43383e-06 -6.10882e-06 0 0 0.447227 0.89442 0 0
323.568 822.372 2.6475 4.9765 6.04147 600 0 2233 7 14 -1.83558e-06 -5.59744e-06 0 0 0.639354 0.768912 0 0
317.727 814.973 2.6475 4.9765 6.04147 600 0 2195 7 14 -1.84166e-06 -4.08167e-06 0 0 0.471963 0.881618 0 0
311.917 807.549 2.6475 4.9765 6.04147 600 0 2157 7 14 -2.59418e-06 -3.01834e-06 0 0 0.532661 0.846329 0 0
306.101 800.13 2.6475 4.9765 6.04147 600 0 2119 7 14 -3.21318e-06 -1.23206e-06 0 0 0.324678 0.945825 0 0
300.237 792.748 2.6475 4.9765 6.04147 600 0 2081 7 14 -4.37763e-06 3.12113e-07 0 0 0.429063 0.903274 0 0
294.275 785.446 2.6475 4.9765 6.04147 600 0 2043 7 14 -5.48155e-06 2.38946e-06 0 0 0.312228 0.950007 0 0
288.16 778.271 2.6475 4.9765 6.04147 600 0 2005 7 14 -6.90782e-06 4.30376e-06 0 0 0.314821 0.949151 0 0
281.837 771.279 2.6475 4.9765 6.04147 600 0 1967 7 14 -8.12536e-06 6.51187e-06 0 0 0.377866 0.92586 0 0
275.254 764.531 2.6475 4.9765 6.04147 600 0 1929 7 14 -9.34604e-06 8.46581e-06 0 0 0.693925 0.720047 0 0
268.369 758.09 2.6475 4.9765 6.04147 600 0 1891 7 14 -1.01216e-05 1.03868e-05 0 0 0.690209 0.72361 0 0
261.156 752.02 2.6475 4.9765 6.04147 600 0 1434 7 15 -1.06261e-05 1.18355e-05 0 0 0.895761 0.444537 0 0
253.607 746.373 2.6475 4.9765 6.04147 600 0 1396 7 14 -1.06055e-05 1.29522e-05 0 0 0.946526 0.322626 0 0
245.733 741.189 2.6475 4.9765 6.04147 600 0 1358 7 14 -1.02712e-05 1.34343e-05 0 0 0.854627 0.519243 0 0
237.561 736.488 2.6475 4.9765 6.04147 600 0 1320 7 14 -9.55707e-06 1.34781e-05 0 0 0.887379 0.46104 0 0
229.129 732.272 2.6475 4.9765 6.04147 600 0 1282 7 14 -8.72734e-06 1.30352e-05 0 0 0.92413 0.382078 0 0
220.479 728.523 2.6475 4.9765 6.04147 600 0 1244 7 14 -7.77582e-06 1.2377e-05 0 0 0.839118 0.54395 0 0
211.651 725.213 2.6475 4.9765 6.04147 600 0 1206 7 14 -6.9014e-06 1.16022e-05 0 0 0.881974 0.471298 0 0
202.681 722.311 2.6475 4.9765 6.04147 600 0 1168 7 14 -6.06313e-06 1.09387e-05 0 0 0.808302 0.588768 0 0
193.597 719.788 2.6475 4.9765 6.04147 600 0 1130 7 14 -5.3569e-06 1.04562e-05 0 0 0.86734 0.497717 0 0
184.422 717.621 2.6475 4.9765 6.04147 600 0 1092 7 14 -4.7057e-06 1.02372e-05 0 0 0.9066 0.421991 0 0
175.173 715.796 2.6475 4.9765 6.04147 600 0 1054 7 14 -4.13498e-06 1.02176e-05 0 0 0.943408 0.331635 0 0
165.863 714.306 2.6475 4.9765 6.04147 600 0 1016 7 14 -3.54793e-06 1.02109e-05 0 0 0.897755 0.440496 0 0
156.507 713.145 2.6475 4.9765 6.04147 600 0 978 7 14 -2.96688e-06 1.00773e-05 0 0 0.924162 0.382001 0 0
147.117 712.303 2.6475 4.9765 6.04147 600 0 940 7 14 -2.33838e-06 9.52965e-06 0 0 0.941578 0.336795 0 0
137.704 711.76 2.6475 4.9765 6.04147 600 0 902 7 14 -1.75787e-06 9.23422e-06 0 0 0.944046 0.329815 0 0
128.28 711.503 2.6475 4.9765 6.04147 600 0 864 7 14 -1.34575e-06 1.53082e-05 0 0 0.975962 0.217942 0 0
118.854 711.716 2.6475 4.9765 6.04147 600 0 826 7 14 -1.16034e-06 -1.44278e-06 0 0 0.976031 0.217632 0 0
114.076 703.596 2.6475 4.9765 6.04147 600 0 788 7 14 -3.48983e-06 -8.40273e-08 0 0 0.999997 -0.00261996 0 0
109.426 711.79 2.6475 4.9765 6.04147 0.1 0 0 7 15 -5.48894e-07 1.56873e-06 0 0 5.13135e-310 5.13135e-310 0 0
100 712 2.6475 4.9765 6.04147 0.1 0 0 7 7 0.000313354 -0.0266805 0 0 5.13135e-310 5.13135e-310 0 0
100 721 2.6475 4.9765 6.04147 0.1 0 0 7 7 -0 -0 0 0 5.13135e-310 5.13135e-310 0 0
100 730 2.6475 4.9765 6.04147 0.1 0 0 7 7 -0 -0 0 0 5.13135e-310 5.13135e-310 0 0
100 739 2.6475 4.9765 6.04147 0.1 0 0 7 7 -0 -0 0 0 5.13135e-310 5.13135e-310 0 0
100 748 2.6475 4.9765 6.04147 0.1 0 0 7 7 -0 -0 0 0 5.13135e-310 5.13135e-310 0 0
100 757 2.6475 4.9765 6.04147 0.1 0 0 7 7 -0 -0 0 0 5.13135e-310 5.13135e-310 0 0
100 766 2.6475 4.9765 6.04147 0.1 0 0 7 7 -0 -0 0 0 5.13135e-310 5.13135e-310 0 0
100 775 2.6475 4.9765 6.04147 0.1 0 0 7 7 -0 -0 0 0 5.13135e-310 5.13135e-310 0 0
100 784 2.6475 4.9765 6.04147 0.1 0 0 7 7 -0 -0 0 0 5.13135e-310 5.13135e-310 0 0
100 793 2.6475 4.9765 6.04147 0.1 0 0 7 7 -0 -0 0 0 5.13135e-310 5.13135e-310 0 0
100 802 2.6475 4.9765 6.04147 0.1 0 0 7 7 -0 0.0266735 0 0 5.13135e-310 5.13135e-310 0 0
662.142 366.626 5.295 9.953 12.0829 0 0 3000 16 -1 -0 -0 0 0 0.068865 0.997626 24181 -1141620256
562.701 479.696 5.295 9.953 12.0829 0 0 3000 16 -1 -2.56935e-10 4.9069e-11 0 0 0.999436 -0.0335699 24181 -1141616736
512.443 399.389 5.295 9.953 12.0829 0 0 3000 16 -1 -0 -0 0 0 0.659954 0.751306 24181 -1141613216
470.901 620.694 5.295 9.953 12.0829 0 0 3000 16 -1 -0.000144936 -0.000456172 0 0 0.997929 -0.0643242 32222 -1140445024
582.296 567.435 5.295 9.953 12.0829 0 0 3000 16 -1 -0 -0 0 0 0.597115 -0.802156 0 32
588.588 300.721 5.295 9.953 12.0829 0 0 3000 16 -1 -4.68929e-06 6.29375e-06 0 0 0.995829 -0.091242 24176 -1140989536
762.831 396.072 5.295 9.953 12.0829 0 0 3000 16 -1 -0 -0 0 0 -0.19126 0.981539 0 32
714.767 549.456 5.295 9.953 12.0829 0 0 3000 16 -1 1.01597e-10 2.81019e-10 0 0 -0.793817 -0.608156 24176 439
576.407 515.699 5.295 9.953 12.0829 0 0 3000 16 -1 -0 -0 0 0 0.999738 -0.0228796 24176 33
624.322 387.128 5.295 9.953 12.0829 0 0 3000 16 -1 -0 -0 0 0 0.0091864 0.999958 32222 -1140457536
