581.026 421.085 5.295 9.953 12.0829 0.1 0 193 3 1 -1.13857e-09 -1.73374e-09 0 0 6.95334e-310 6.95334e-310 0 0
591.953 437.724 5.295 9.953 12.0829 0.1 0 97 3 1 -1.10571e-09 -1.09472e-09 0 0 6.95334e-310 6.95334e-310 0 0
584.507 456.184 5.295 9.953 12.0829 0.1 0 92 3 1 -9.76651e-10 -2.43099e-10 0 0 6.95334e-310 6.95334e-310 0 0
582.254 475.961 5.295 9.953 12.0829 0.1 0 88 3 1 -5.94812e-10 5.46059e-10 0 0 5.13135e-310 3.16202e-322 0 0
622.038 417.35 5.295 9.953 12.0829 0.1 0 109 3 1 -6.18623e-10 -1.19139e-09 0 0 6.95334e-310 6.95334e-310 0 0
611.557 434.273 5.295 9.953 12.0829 0.1 0 77 3 1 -2.51057e-10 -4.94767e-10 0 0 6.95334e-310 6.95334e-310 0 0
607.423 456.225 5.295 9.953 12.0829 0.1 0 54 3 1 -9.89959e-10 -1.05638e-10 0 0 1.63042e-322 5.13135e-310 0 0
641.446 421.775 5.295 9.953 12.0829 0.1 0 92 3 1 -8.87597e-12 -1.96531e-09 0 0 6.95334e-310 6.95334e-310 0 0
650.843 439.323 5.295 9.953 12.0829 0.1 0 71 3 1 1.17987e-09 -1.91092e-09 0 0 6.95334e-310 6.95334e-310 0 0
630.944 438.784 5.295 9.953 12.0829 0.1 0 64 3 1 4.66651e-10 -4.50829e-10 0 0 6.95334e-310 6.95334e-310 0 0
627.216 458.337 5.295 9.953 12.0829 0.1 0 45 3 1 -5.88495e-10 -2.28459e-10 0 0 5.13135e-310 1.58101e-322 0 0
666.166 426.618 5.295 9.953 12.0829 0.1 0 99 3 1 1.83574e-09 -2.07175e-09 0 0 6.95334e-310 6.95334e-310 0 0
670.062 446.139 5.295 9.953 12.0829 0.1 0 63 3 1 9.18258e-10 -1.62149e-09 0 0 9.53547e-322 5.13135e-310 0 0
689.532 450.28 5.295 9.953 12.0829 0.1 0 87 3 1 1.19321e-09 -7.58105e-10 0 0 1.25987e-320 2.05531e-321 0 0
589.931 494.327 5.295 9.953 12.0829 0.1 0 65 3 1 -3.53026e-09 2.51732e-09 0 0 1.63042e-322 5.13135e-310 0 0
612.01 475.731 5.295 9.953 12.0829 0.1 0 42 3 1 -0 -0 0 0 6.95334e-310 6.95334e-310 0 0
628.034 488.313 5.295 9.953 12.0829 0.1 0 35 3 1 -6.45456e-10 1.03804e-09 0 0 5.13135e-310 5.13135e-310 0 0
654.738 458.843 5.295 9.953 12.0829 0.1 0 44 3 1 7.11736e-10 -8.65413e-10 0 0 6.95334e-310 6.95334e-310 0 0
640.713 472.968 5.295 9.953 12.0829 0.1 0 36 3 1 -3.66684e-11 8.77913e-12 0 0 9.34278e-321 5.13135e-310 0 0
672.848 467.106 5.295 9.953 12.0829 0.1 0 47 3 1 1.35318e-09 -1.91866e-10 0 0 6.95334e-310 6.95334e-310 0 0
658.77 481.345 5.295 9.953 12.0829 0.1 0 35 3 1 7.19819e-10 -5.9007e-10 0 0 5.13135e-310 3.30395e-311 0 0
692.548 469.956 5.295 9.953 12.0829 0.1 0 66 3 1 2.0224e-09 -4.87478e-10 0 0 2.06025e-321 5.13135e-310 0 0
609.75 496.18 5.295 9.953 12.0829 0.1 0 41 3 1 -2.45118e-09 -2.27603e-11 0 0 6.95334e-310 6.95334e-310 0 0
625.888 508.24 5.295 9.953 12.0829 0.1 0 35 3 1 2.39301e-10 -6.04e-10 0 0 9.40207e-321 5.13135e-310 0 0
645.752 497.386 5.295 9.953 12.0829 0.1 0 32 3 1 4.85887e-10 6.55878e-10 0 0 6.95334e-310 6.95334e-310 0 0
643.741 517.19 5.295 9.953 12.0829 0.1 0 34 3 1 -9.93033e-11 9.77855e-10 0 0 0 0 0 0
679.427 485.893 5.295 9.953 12.0829 0.1 0 41 3 1 2.62231e-09 -5.66207e-11 0 0 6.95334e-310 6.95334e-310 0 0
665.473 500.088 5.295 9.953 12.0829 0.1 1 1364 0 0 1.38656e-09 -3.75435e-10 0 0 0 0 0 0
699.677 488.542 5.295 9.953 12.0829 0.1 0 71 3 1 2.05885e-10 7.95293e-10 0 0 6.95334e-310 6.95334e-310 0 0
685.789 505.071 5.295 9.953 12.0829 0.1 0 48 3 1 -0 -0 0 0 0 0 0 0
600.52 513.816 5.295 9.953 12.0829 0.1 0 49 3 1 -2.30492e-09 1.03874e-09 0 0 6.95334e-310 6.95334e-310 0 0
618.556 526.747 5.295 9.953 12.0829 0.1 0 44 3 1 -1.01705e-09 -7.59463e-10 0 0 0 0 0 0
636.121 536.112 5.295 9.953 12.0829 0.1 0 43 3 1 -1.06632e-09 5.28259e-10 0 0 0 0 0 0
669.804 519.517 5.295 9.953 12.0829 0.1 0 42 3 1 -2.61047e-10 7.91822e-10 0 0 6.95334e-310 6.95334e-310 0 0
655.885 533.747 5.295 9.953 12.0829 0.1 0 41 3 1 -3.08953e-10 1.69114e-09 0 0 0 0 0 0
708.183 506.538 5.295 9.953 12.0829 0.1 0 80 3 1 5.26324e-10 1.11356e-09 0 0 6.95334e-310 6.95334e-310 0 0
725.213 520.741 5.295 9.953 12.0829 0.1 0 124 3 1 1.23823e-09 -7.18928e-10 0 0 6.95334e-310 6.95334e-310 0 0
707.999 530.736 5.295 9.953 12.0829 0.1 0 97 3 1 1.34461e-09 3.85385e-10 0 0 6.95334e-310 6.95334e-310 0 0
688.833 525.36 5.295 9.953 12.0829 0.1 0 63 3 1 8.6326e-10 -4.28656e-10 0 0 0 0 0 0
599.909 533.712 5.295 9.953 12.0829 0.1 0 73 3 1 -5.02586e-10 1.81652e-09 0 0 6.95334e-310 6.95334e-310 0 0
583.344 544.751 5.295 9.953 12.0829 0.1 0 137 3 1 -1.63736e-09 1.09112e-09 0 0 6.95334e-310 6.95334e-310 0 0
613.46 548.292 5.295 9.953 12.0829 0.1 0 76 3 1 9.83726e-10 1.0584e-09 0 0 0 0 0 0
636.934 571.37 5.295 9.953 12.0829 0.1 0 87 3 1 -4.70276e-10 2.9874e-10 0 0 0 0 0 0
645.76 553.528 5.295 9.953 12.0829 0.1 0 56 3 1 9.28692e-11 3.00832e-10 0 0 6.95334e-310 6.95334e-310 0 0
665.352 557.049 5.295 9.953 12.0829 0.1 0 61 3 1 3.98206e-10 1.7174e-10 0 0 6.95334e-310 6.95334e-310 0 0
656.526 574.891 5.295 9.953 12.0829 0.1 0 85 3 1 -2.59126e-10 2.80044e-10 0 0 6.95334e-310 6.95334e-310 0 0
646.332 591.989 5.295 9.953 12.0829 0.1 0 138 3 1 -3.56964e-10 5.98743e-10 0 0 6.95334e-310 6.95334e-310 0 0
676.214 577.826 5.295 9.953 12.0829 0.1 0 91 3 1 2.75985e-11 1.08584e-10 0 0 6.95334e-310 6.95334e-310 0 0
694.302 586.136 5.295 9.953 12.0829 0.1 0 151 3 1 2.39101e-10 1.09857e-10 0 0 0 0 0 0
674.914 539.59 5.295 9.953 12.0829 0.1 0 50 3 1 6.04002e-10 -1.84544e-10 0 0 6.95334e-310 6.95334e-310 0 0
693.951 546.223 5.295 9.953 12.0829 0.1 0 70 3 1 1.33483e-11 -1.57392e-10 0 0 6.95334e-310 6.95334e-310 0 0
692.269 566.057 5.295 9.953 12.0829 0.1 0 87 3 1 1.8923e-10 8.90166e-12 0 0 6.95334e-310 6.95334e-310 0 0
80 235 2.6475 4.9765 6.04147 0.1 0 0 7 7 -0 -0.0266735 0 0 6.22029e-321 5.13135e-310 0 0
80 244 2.6475 4.9765 6.04147 0.1 0 0 7 7 -0 -0 0 0 6.83753e-310 0 0 0
80 253 2.6475 4.9765 6.04147 0.1 0 0 7 7 -0 -0 0 0 4.93078e-321 5.13135e-310 0 0
80 262 2.6475 4.9765 6.04147 0.1 0 0 7 7 -0 -0 0 0 1.8037e-312 2.69493e-311 0 0
80 271 2.6475 4.9765 6.04147 0.1 0 0 7 7 -0 -0 0 0 1.11165e-321 5.13135e-310 0 0
80 280 2.6475 4.9765 6.04147 0.1 0 0 7 7 -0 -0 0 0 5.13135e-310 3.16202e-322 0 0
80 289 2.6475 4.9765 6.04147 0.1 0 0 7 7 -0 -0 0 0 3.16202e-322 5.13021e-310 0 0
80 298 2.6475 4.9765 6.04147 0.1 0 0 7 7 -0 -0 0 0 4.63232e-311 4.63019e-311 0 0
80 307 2.6475 4.9765 6.04147 0.1 0 0 7 7 -0 -0 0 0 3.16202e-322 5.13021e-310 0 0
80 316 2.6475 4.9765 6.04147 0.1 0 0 7 7 -0 -0 0 0 5.13135e-310 6.32404e-322 0 0
80 325 2.6475 4.9765 6.04147 0.1 0 0 7 7 -0 -0 0 0 7.5592e-321 5.13135e-310 0 0
80 334 2.6475 4.9765 6.04147 0.1 0 0 7 7 -0 -0 0 0 5.13135e-310 2.02226e-311 0 0
80 343 2.6475 4.9765 6.04147 0.1 0 0 7 7 -0 -0 0 0 2.32995e-311 5.13735e-311 0 0
80 352 2.6475 4.9765 6.04147 0.1 0 0 7 7 -0 -0 0 0 1.58101e-322 5.13021e-310 0 0
80 361 2.6475 4.9765 6.04147 0.1 0 0 7 7 -0 -0 0 0 5.13135e-310 5.13135e-310 0 0
80 370 2.6475 4.9765 6.04147 0.1 0 0 7 7 -0 -0 0 0 1.63042e-322 5.13135e-310 0 0
80 379 2.6475 4.9765 6.04147 0.1 0 0 7 7 -0 -0 0 0 5.13135e-310 0 0 0
80 388 2.6475 4.9765 6.04147 0.1 0 0 7 7 -0 -0 0 0 2.90511e-321 5.13135e-310 0 0
80 397 2.6475 4.9765 6.04147 0.1 0 0 7 7 -0 -0 0 0 5.13135e-310 0 0 0
80 406 2.6475 4.9765 6.04147 0.1 0 0 7 7 -0 -0 0 0 5.13135e-310 0 0 0
80 415 2.6475 4.9765 6.04147 0.1 0 0 7 7 -0 -0 0 0 5.13135e-310 5.13135e-310 0 0
80 424 2.6475 4.9765 6.04147 0.1 0 0 7 7 -0 -0 0 0 5.13135e-310 5.13135e-310 0 0
80 433 2.6475 4.9765 6.04147 0.1 0 0 7 7 -0 -0 0 0 5.13135e-310 5.13135e-310 0 0
80 442 2.6475 4.9765 6.04147 0.1 0 0 7 7 -0 -0 0 0 5.13135e-310 5.13135e-310 0 0
80 451 2.6475 4.9765 6.04147 0.1 0 0 7 7 -0 -0 0 0 5.13135e-310 5.13135e-310 0 0
80 460 2.6475 4.9765 6.04147 0.1 0 0 7 7 -0 -0 0 0 5.13135e-310 5.13135e-310 0 0
80 469 2.6475 4.9765 6.04147 0.1 0 0 7 7 -0 -0 0 0 0 5.13135e-310 0 0
80 478 2.6475 4.9765 6.04147 0.1 0 0 7 7 -0 -0 0 0 -nan 1.26481e-321 0 0
80 487 2.6475 4.9765 6.04147 0.1 0 0 7 7 -0 -0 0 0 6.83753e-310 0 0 0
80 496 2.6475 4.9765 6.04147 0.1 0 0 7 7 -0 -0 0 0 1.63042e-322 5.13135e-310 0 0
80 505 2.6475 4.9765 6.04147 0.1 0 0 7 7 -0 -0 0 0 5.13135e-310 3.16202e-322 0 0
80 514 2.6475 4.9765 6.04147 0.1 0 0 7 7 -0 -0 0 0 1.58101e-322 5.13021e-310 0 0
80 523 2.6475 4.9765 6.04147 0.1 0 0 7 7 -0 -0 0 0 4.92303e-311 5.63178e-311 0 0
80 532 2.6475 4.9765 6.04147 0.1 0 0 7 7 -0 -0 0 0 1.58101e-322 5.13021e-310 0 0
80 541 2.6475 4.9765 6.04147 0.1 0 0 7 7 -0 -0 0 0 5.13135e-310 3.16202e-322 0 0
80 550 2.6475 4.9765 6.04147 0.1 0 0 7 7 -0 -0 0 0 1.63042e-322 5.13135e-310 0 0
80 559 2.6475 4.9765 6.04147 0.1 0 0 7 7 -0 -0 0 0 5.13135e-310 3.79442e-321 0 0
80 568 2.6475 4.9765 6.04147 0.1 0 0 7 7 -0 -0 0 0 5.13135e-310 0 0 0
80 577 2.6475 4.9765 6.04147 0.1 0 0 7 7 -0 -0 0 0 0 5.13135e-310 0 0
80 586 2.6475 4.9765 6.04147 0.1 0 0 7 7 -0 -0 0 0 1.35127e-320 5.13135e-310 0 0
80 595 2.6475 4.9765 6.04147 0.1 0 0 7 7 -0 -0 0 0 5.13135e-310 5.77395e-311 0 0
80 604 2.6475 4.9765 6.04147 0.1 0 0 7 7 -0 -0 0 0 3.21143e-322 5.13135e-310 0 0
80 613 2.6475 4.9765 6.04147 0.1 0 0 7 7 -0 -0 0 0 0 0 0 0
80 622 2.6475 4.9765 6.04147 0.1 0 0 7 7 -0 -0 0 0 1.35325e-320 0 0 0
80 631 2.6475 4.9765 6.04147 0.1 0 0 7 7 -0 -0 0 0 0 5.13135e-310 0 0
80 640 2.6475 4.9765 6.04147 0.1 0 0 7 7 -0 -0 0 0 -nan 1.26481e-321 0 0
80 649 2.6475 4.9765 6.04147 0.1 0 0 7 7 -0 -0 0 0 5.13135e-310 5.13135e-310 0 0
80 658 2.6475 4.9765 6.04147 0.1 0 0 7 7 -0 -0 0 0 5.13135e-310 5.13135e-310 0 0
80 667 2.6475 4.9765 6.04147 0.1 0 0 7 7 -0 -0 0 0 5.13135e-310 5.13135e-310 0 0
80 676 2.6475 4.9765 6.04147 0.1 0 0 7 7 -0 -0 0 0 5.13135e-310 5.13135e-310 0 0
80 685 2.6475 4.9765 6.04147 0.1 0 0 7 7 -0 -0 0 0 5.13135e-310 5.13135e-310 0 0
80 694 2.6475 4.9765 6.04147 0.1 0 0 7 7 -0 -0 0 0 5.13135e-310 5.13135e-310 0 0
80 703 2.6475 4.9765 6.04147 0.1 0 0 7 7 -0 -0 0 0 5.13135e-310 5.13135e-310 0 0
80 712 2.6475 4.9765 6.04147 0.1 0 0 7 7 -0 -0 0 0 5.13135e-310 5.13135e-310 0 0
80 721 2.6475 4.9765 6.04147 0.1 0 0 7 7 -0 -0 0 0 5.13135e-310 5.13135e-310 0 0
80 730 2.6475 4.9765 6.04147 0.1 0 0 7 7 -0 -0 0 0 5.13135e-310 5.13135e-310 0 0
80 739 2.6475 4.9765 6.04147 0.1 0 0 7 7 -0 -0 0 0 5.13135e-310 5.13135e-310 0 0
80 748 2.6475 4.9765 6.04147 0.1 0 0 7 7 -0 -0 0 0 5.13135e-310 5.13021e-310 0 0
80 757 2.6475 4.9765 6.04147 0.1 0 0 7 7 -0 -0 0 0 2.52517e-311 3.19785e-311 0 0
80 766 2.6475 4.9765 6.04147 0.1 0 0 7 7 -0 -0 0 0 3.16202e-322 5.13021e-310 0 0
80 775 2.6475 4.9765 6.04147 0.1 0 0 7 7 -0 0.0266735 0 0 7.46943e-312 1.22439e-311 0 0
100 208 2.6475 4.9765 6.04147 0.1 0 0 7 7 -0 -0.0266735 0 0 3.16202e-322 5.13021e-310 0 0
100 217 2.6475 4.9765 6.04147 0.1 0 0 7 7 -0 -0 0 0 6.83753e-310 6.32404e-322 0 0
100 226 2.6475 4.9765 6.04147 0.1 0 0 7 7 -0 -0 0 0 7.62343e-321 5.13135e-310 0 0
100 235 2.6475 4.9765 6.04147 0.1 0 0 7 7 -0 -0 0 0 6.83753e-310 3.16202e-322 0 0
100 244 2.6475 4.9765 6.04147 0.1 0 0 7 7 -0 -0 0 0 7.65308e-321 5.13135e-310 0 0
100 253 2.6475 4.9765 6.04147 0.1 0 0 7 7 -0 -0 0 0 5.13135e-310 3.28909e-311 0 0
100 262 2.6475 4.9765 6.04147 0.1 0 0 7 7 -0 -0 0 0 1.63042e-322 5.13135e-310 0 0
100 271 2.6475 4.9765 6.04147 0.1 0 0 7 7 -0 -0 0 0 5.13135e-310 3.30819e-311 0 0
100 280 2.6475 4.9765 6.04147 0.1 0 0 7 7 -0 -0 0 0 3.16202e-322 5.13021e-310 0 0
100 289 2.6475 4.9765 6.04147 0.1 0 0 7 7 -0 -0 0 0 5.13135e-310 3.16202e-322 0 0
100 298 2.6475 4.9765 6.04147 0.1 0 0 7 7 -0.0118187 0.0219413 0 0 1.58101e-322 5.13021e-310 0 0
109.311 301.812 2.6475 4.9765 6.04147 0.1 0 0 7 15 0.0216564 0.0109745 0 0 4.03604e-311 3.16202e-322 0 0
111.303 310.38 2.6475 4.9765 6.04147 600 0 739 7 13 -0.00505202 -0.00270657 0 0 0.998883 -0.0472415 0 0
117.991 303.97 2.6475 4.9765 6.04147 600 0 777 7 13 -0.00562209 0.000628894 0 0 0.993817 -0.111034 0 0
120.481 313.074 2.6475 4.9765 6.04147 600 0 815 7 13 0.000853001 -0.00439292 0 0 0.990881 -0.134741 0 0
127.544 306.733 2.6475 4.9765 6.04147 600 0 853 7 13 0.0092162 0.001928 0 0 0.962347 -0.271823 0 0
136.498 308.382 2.6475 4.9765 6.04147 600 0 891 7 13 -0.00996912 -0.00159031 0 0 0.989832 -0.142245 0 0
146.172 307.059 2.6475 4.9765 6.04147 600 0 929 7 15 0.00032291 3.14531e-05 0 0 0.938168 -0.346179 0 0
155.188 304.012 2.6475 4.9765 6.04147 600 0 1386 7 13 0.00329704 -0.000294906 0 0 0.796032 -0.605254 0 0
164.414 303.638 2.6475 4.9765 6.04147 600 0 1424 7 13 -0.00374729 0.00337602 0 0 0.733565 -0.67962 0 0
167.263 294.31 2.6475 4.9765 6.04147 600 0 1462 7 13 0.00811568 -0.00485667 0 0 0.704087 -0.710113 0 0
176.598 292.315 2.6475 4.9765 6.04147 600 0 1500 9 13 -0.00792517 0.00176714 0 0 0.691326 -0.722543 0 0
186.138 290.73 2.6475 4.9765 6.04147 600 0 114 8 10 0.000695815 0.00816001 0 0 0.717602 -0.696454 0 0
184.745 300.082 2.6475 4.9765 6.04147 600 0 1500 9 14 0.000716709 -0.00533255 0 0 0.716924 -0.697151 0 0
183.251 309.703 2.6475 4.9765 6.04147 600 0 1462 7 14 -0.00112734 0.000366467 0 0 0.722626 -0.691239 0 0
174.099 312.123 2.6475 4.9765 6.04147 600 0 1424 7 14 -0.00320985 -0.00401632 0 0 0.801677 -0.597758 0 0
180.74 318.883 2.6475 4.9765 6.04147 600 0 1081 7 15 -0.000714426 3.65224e-05 0 0 0.917124 -0.398602 0 0
190.208 318.492 2.6475 4.9765 6.04147 600 0 1119 7 13 0.00401624 -0.000108982 0 0 0.971334 -0.23772 0 0
199.773 317.748 2.6475 4.9765 6.04147 600 0 1157 7 13 0.00977341 -0.0007361 0 0 0.961772 -0.273851 0 0
208.523 317.1 2.6475 4.9765 6.04147 600 0 1195 7 13 -0.0156762 0.00139457 0 0 0.933681 -0.358106 0 0
218.911 316.024 2.6475 4.9765 6.04147 600 0 1233 7 13 0.0166056 -0.00181432 0 0 0.958144 -0.286286 0 0
227.212 315.099 2.6475 4.9765 6.04147 600 0 1271 7 13 -0.0273535 0.00364268 0 0 0.925085 -0.37976 0 0
238.205 313.545 2.6475 4.9765 6.04147 600 0 1309 7 13 0.0274153 -0.00369369 0 0 0.948233 -0.317575 0 0
246.529 312.599 2.6475 4.9765 6.04147 600 0 1347 7 13 -0.0155286 0.00244328 0 0 0.968726 -0.248135 0 0
256.438 310.525 2.6475 4.9765 6.04147 600 0 1385 7 13 0.00727693 -0.0013188 0 0 0.943029 -0.332709 0 0
265.461 311.119 2.6475 4.9765 6.04147 600 0 1423 7 13 -0.00402167 0.0027306 0 0 0.952979 -0.303037 0 0
272.716 304.739 2.6475 4.9765 6.04147 600 0 1461 7 13 0.00352169 -0.00249174 0 0 0.919922 -0.392101 0 0
280.288 310.317 2.6475 4.9765 6.04147 600 0 1499 9 13 0.000569485 0.000282082 0 0 0.90419 -0.427131 0 0
288.116 315.626 2.6475 4.9765 6.04147 0.1 0 761 8 10 0.00101971 7.8014e-05 0 0 0.997664 -0.0683059 0 0
280.487 321.221 2.6475 4.9765 6.04147 600 0 1499 9 14 0.000356941 3.77496e-05 0 0 0.997692 -0.0678965 0 0
274.688 328.637 2.6475 4.9765 6.04147 600 0 1461 7 14 0.00136032 7.56185e-05 0 0 0.976571 0.215195 0 0
266.389 323.922 2.6475 4.9765 6.04147 600 0 1423 7 14 -0.0031037 -0.000454088 0 0 0.994331 0.106329 0 0
257.115 324.421 2.6475 4.9765 6.04147 600 0 1385 7 14 0.0020814 -9.69774e-05 0 0 0.971961 0.235143 0 0
247.802 326.911 2.6475 4.9765 6.04147 600 0 1347 7 14 -0.00398134 0.000639824 0 0 0.990796 0.13536 0 0
238.682 328.388 2.6475 4.9765 6.04147 600 0 1309 7 14 0.00395875 -0.000643863 0 0 0.985847 0.167646 0 0
229.051 329.575 2.6475 4.9765 6.04147 600 0 1271 7 14 -0.00375896 0.000490982 0 0 0.995638 0.0933051 0 0
219.885 330.771 2.6475 4.9765 6.04147 600 0 1233 7 14 0.00389569 -0.000507905 0 0 0.990535 0.137261 0 0
210.251 331.973 2.6475 4.9765 6.04147 600 0 1195 7 14 -0.00407514 0.000426138 0 0 0.996746 0.08061 0 0
201.062 332.93 2.6475 4.9765 6.04147 600 0 1157 7 14 0.00387211 -0.000406861 0 0 0.994267 0.106927 0 0
191.396 333.702 2.6475 4.9765 6.04147 600 0 1119 7 14 -0.00365237 0.000222443 0 0 0.981891 0.189446 0 0
182.143 334.272 2.6475 4.9765 6.04147 600 0 1081 7 14 0.00324959 -0.000210358 0 0 0.999131 0.0416753 0 0
172.513 334.684 2.6475 4.9765 6.04147 600 0 1043 7 14 -0.00240003 0.000116965 0 0 0.970396 0.24152 0 0
163.186 335.127 2.6475 4.9765 6.04147 600 0 1005 7 14 0.00196858 -0.000104668 0 0 0.988495 0.15125 0 0
153.645 335.48 2.6475 4.9765 6.04147 600 0 967 7 14 -0.000889842 0.000183834 0 0 0.995771 0.0918698 0 0
144.3 336.575 2.6475 4.9765 6.04147 600 0 929 7 14 0.000663714 -0.000143418 0 0 0.993888 0.110391 0 0
134.852 337.192 2.6475 4.9765 6.04147 600 0 891 7 14 0.000201159 0.000415889 0 0 0.997327 -0.0730724 0 0
126.268 341.364 2.6475 4.9765 6.04147 600 0 853 7 14 -0.00297901 7.36077e-06 0 0 0.991363 0.131148 0 0
119.013 335.542 2.6475 4.9765 6.04147 600 0 815 7 14 0.000774556 0.0017798 0 0 0.999735 -0.0230255 0 0
117.538 344.751 2.6475 4.9765 6.04147 600 0 777 7 14 0.000585402 -0.00164429 0 0 0.997964 -0.0637828 0 0
110.199 338.908 2.6475 4.9765 6.04147 600 0 739 7 14 8.93748e-05 0.00115454 0 0 0.986161 -0.165792 0 0
108.694 348.138 2.6475 4.9765 6.04147 0.1 0 0 7 15 0.00119306 -0.00120145 0 0 5.13135e-310 1.10671e-321 0 0
100 352 2.6475 4.9765 6.04147 0.1 0 0 7 7 0.00133062 -0.0272609 0 0 1.63042e-322 5.13135e-310 0 0
100 361 2.6475 4.9765 6.04147 0.1 0 0 7 7 -0 -0 0 0 0 3.87901e-311 0 0
100 370 2.6475 4.9765 6.04147 0.1 0 0 7 7 -0 -0 0 0 1.58101e-322 5.13021e-310 0 0
100 379 2.6475 4.9765 6.04147 0.1 0 0 7 7 -0 -0 0 0 5.13135e-310 1.58101e-322 0 0
100 388 2.6475 4.9765 6.04147 0.1 0 0 7 7 -0 -0 0 0 1.58101e-322 5.13021e-310 0 0
100 397 2.6475 4.9765 6.04147 0.1 0 0 7 7 -0 -0 0 0 1.05977e-320 0 0 0
100 406 2.6475 4.9765 6.04147 0.1 0 0 7 7 -0 -0 0 0 1.58101e-322 5.13021e-310 0 0
100 415 2.6475 4.9765 6.04147 0.1 0 0 7 7 -0 -0 0 0 5.13135e-310 1.26481e-321 0 0
100 424 2.6475 4.9765 6.04147 0.1 0 0 7 7 -0 -0 0 0 3.16202e-322 5.13021e-310 0 0
100 433 2.6475 4.9765 6.04147 0.1 0 0 7 7 -0 -0 0 0 6.83753e-310 6.32404e-322 0 0
100 442 2.6475 4.9765 6.04147 0.1 0 0 7 7 -0 -0 0 0 7.63918e-312 8.78506e-312 0 0
100 451 2.6475 4.9765 6.04147 0.1 0 0 7 7 -0 -0 0 0 1.63042e-322 5.13135e-310 0 0
100 460 2.6475 4.9765 6.04147 0.1 0 0 7 7 -0 -0 0 0 6.83753e-310 0 0 0
100 469 2.6475 4.9765 6.04147 0.1 0 0 7 7 -0 -0 0 0 1.58101e-322 5.13021e-310 0 0
100 478 2.6475 4.9765 6.04147 0.1 0 0 7 7 -0 -0 0 0 5.13135e-310 3.32012e-321 0 0
100 487 2.6475 4.9765 6.04147 0.1 0 0 7 7 -0 -0 0 0 3.16202e-322 5.13021e-310 0 0
100 496 2.6475 4.9765 6.04147 0.1 0 0 7 7 -0 -0 0 0 6.83753e-310 0 0 0
100 505 2.6475 4.9765 6.04147 0.1 0 0 7 7 -0 -0 0 0 3.11261e-321 5.13135e-310 0 0
100 514 2.6475 4.9765 6.04147 0.1 0 0 7 7 -0 -0 0 0 5.13135e-310 1.58101e-322 0 0
100 523 2.6475 4.9765 6.04147 0.1 0 0 7 7 -0 -0 0 0 3.21143e-322 5.13135e-310 0 0
100 532 2.6475 4.9765 6.04147 0.1 0 0 7 7 -0 -0 0 0 5.13135e-310 0 0 0
100 541 2.6475 4.9765 6.04147 0.1 0 0 7 7 -0 -0 0 0 1.58101e-322 5.13021e-310 0 0
100 550 2.6475 4.9765 6.04147 0.1 0 0 7 7 -0 -0 0 0 0 1.41749e-311 0 0
100 559 2.6475 4.9765 6.04147 0.1 0 0 7 7 -0 -0 0 0 3.24601e-321 5.13135e-310 0 0
100 568 2.6475 4.9765 6.04147 0.1 0 0 7 7 -0 -0 0 0 5.13135e-310 0 0 0
100 577 2.6475 4.9765 6.04147 0.1 0 0 7 7 -0 -0 0 0 3.21143e-322 5.13135e-310 0 0
100 586 2.6475 4.9765 6.04147 0.1 0 0 7 7 -0 -0 0 0 5.13135e-310 3.16202e-322 0 0
100 595 2.6475 4.9765 6.04147 0.1 0 0 7 7 -0 -0 0 0 3.32506e-321 5.13135e-310 0 0
100 604 2.6475 4.9765 6.04147 0.1 0 0 7 7 -0 -0 0 0 5.13135e-310 0 0 0
100 613 2.6475 4.9765 6.04147 0.1 0 0 7 7 -0 -0 0 0 1.58101e-322 5.13021e-310 0 0
100 622 2.6475 4.9765 6.04147 0.1 0 0 7 7 -0 -0 0 0 1.26471e-311 1.45993e-311 0 0
100 631 2.6475 4.9765 6.04147 0.1 0 0 7 7 -0 -0 0 0 5.13135e-310 5.13135e-310 0 0
100 640 2.6475 4.9765 6.04147 0.1 0 0 7 7 -0 -0 0 0 5.13135e-310 5.13135e-310 0 0
100 649 2.6475 4.9765 6.04147 0.1 0 0 7 7 -0 -0 0 0 5.13135e-310 5.13135e-310 0 0
100 658 2.6475 4.9765 6.04147 0.1 0 0 7 7 0.00133094 0.0275375 0 0 5.13135e-310 5.13135e-310 0 0
107.931 663.146 2.6475 4.9765 6.04147 0.1 0 0 7 15 -9.56006e-05 -0.000108923 0 0 5.13135e-310 5.13135e-310 0 0
116.013 668.083 2.6475 4.9765 6.04147 600 0 826 7 13 0.000275445 5.48982e-05 0 0 0.990829 0.135122 0 0
124.333 672.542 2.6475 4.9765 6.04147 600 0 826 7 13 -0.000275772 -0.000278311 0 0 0.997261 0.0739611 0 0
133.043 676.289 2.6475 4.9765 6.04147 600 0 864 7 13 0.00048033 -1.10457e-05 0 0 0.999953 0.00965751 0 0
142.07 679.027 2.6475 4.9765 6.04147 600 0 902 7 13 -0.000370128 -0.000300642 0 0 0.998407 0.0564226 0 0
151.427 680.557 2.6475 4.9765 6.04147 600 0 940 7 15 0.00037818 -0.000187287 0 0 0.999923 -0.0123775 0 0
160.865 680.736 2.6475 4.9765 6.04147 600 0 1397 7 13 -0.000260629 -0.000186167 0 0 0.996705 -0.0811164 0 0
170.266 679.753 2.6475 4.9765 6.04147 600 0 1435 7 13 -0.000367783 -5.26368e-05 0 0 0.925821 -0.377963 0 0
179.748 678.012 2.6475 4.9765 6.04147 600 0 1473 9 13 0.00509747 0.0001541 0 0 0.908046 -0.418871 0 0
188.94 678.065 2.6475 4.9765 6.04147 600 0 103 8 10 -0.00622731 0.00383733 0 0 0.874807 -0.484471 0 0
185.71 687.197 2.6475 4.9765 6.04147 600 0 1473 9 14 -0.00683307 0.00802986 0 0 0.925248 -0.379362 0 0
177.845 691.45 2.6475 4.9765 6.04147 600 0 1435 7 14 0.0143646 -0.000155829 0 0 0.945955 -0.324298 0 0
185.458 696.24 2.6475 4.9765 6.04147 600 0 1092 7 15 -0.00168154 -0.00940337 0 0 0.998379 -0.0569118 0 0
193.575 701.273 2.6475 4.9765 6.04147 600 0 1130 7 13 -0.00590833 -0.00296972 0 0 0.999949 0.0100708 0 0
202.915 703.909 2.6475 4.9765 6.04147 600 0 1168 7 13 0.00226727 0.00061639 0 0 0.998769 -0.0496129 0 0
211.946 706.268 2.6475 4.9765 6.04147 600 0 1206 7 13 -0.000547817 -0.000146059 0 0 0.98563 -0.16892 0 0
221.113 708.536 2.6475 4.9765 6.04147 600 0 1244 7 13 -9.2777e-05 -2.09651e-05 0 0 0.997031 0.0770073 0 0
230.271 710.966 2.6475 4.9765 6.04147 600 0 1282 7 13 0.00128179 0.000368913 0 0 0.999974 -0.00714572 0 0
239.276 713.541 2.6475 4.9765 6.04147 600 0 1320 7 13 -0.00110261 -0.000315458 0 0 0.996404 -0.0847254 0 0
248.427 716.153 2.6475 4.9765 6.04147 600 0 1358 7 13 0.00127153 0.000300949 0 0 0.990483 -0.137639 0 0
257.531 718.391 2.6475 4.9765 6.04147 600 0 1396 7 13 -0.00101897 -0.00024759 0 0 0.984135 0.17742 0 0
266.747 720.714 2.6475 4.9765 6.04147 600 0 1434 7 13 0.00078758 0.000460016 0 0 0.99787 -0.0652264 0 0
275.337 724.557 2.6475 4.9765 6.04147 600 0 1472 9 13 -0.000295853 -0.00020942 0 0 0.995474 -0.0950293 0 0
281.468 731.786 2.6475 4.9765 6.04147 0.1 0 712 8 10 0.000272549 0.000232837 0 0 0.986901 0.161326 0 0
272.583 735.07 2.6475 4.9765 6.04147 600 0 1472 9 14 -0.000290078 2.20487e-05 0 0 0.895983 0.444089 0 0
263.184 734.335 2.6475 4.9765 6.04147 600 0 1434 7 14 0.000519213 -0.00010391 0 0 0.895761 0.444537 0 0
253.938 732.228 2.6475 4.9765 6.04147 600 0 1396 7 14 -0.000578832 -0.000139679 0 0 0.946526 0.322626 0 0
244.77 730.086 2.6475 4.9765 6.04147 600 0 1358 7 14 0.000622536 0.000103349 0 0 0.854627 0.519243 0 0
235.63 727.532 2.6475 4.9765 6.04147 600 0 1320 7 14 -0.00063717 -0.000184519 0 0 0.887379 0.46104 0 0
226.577 724.964 2.6475 4.9765 6.04147 600 0 1282 7 14 0.000680059 0.00022179 0 0 0.92413 0.382078 0 0
217.369 722.657 2.6475 4.9765 6.04147 600 0 1244 7 14 -0.000649139 -0.000145154 0 0 0.839118 0.54395 0 0
208.22 720.47 2.6475 4.9765 6.04147 600 0 1206 7 14 0.000747454 0.000171606 0 0 0.881974 0.471298 0 0
199.009 718.184 2.6475 4.9765 6.04147 600 0 1168 7 14 -0.000604128 -0.000175549 0 0 0.808302 0.588768 0 0
189.923 715.76 2.6475 4.9765 6.04147 600 0 1130 7 14 0.000770655 0.000201415 0 0 0.86734 0.497717 0 0
180.775 713.256 2.6475 4.9765 6.04147 600 0 1092 7 14 -0.000553001 -0.000149472 0 0 0.9066 0.421991 0 0
171.704 710.788 2.6475 4.9765 6.04147 600 0 1054 7 14 0.000752135 0.00022205 0 0 0.943408 0.331635 0 0
162.463 708.671 2.6475 4.9765 6.04147 600 0 1016 7 14 -0.000569364 -0.000108436 0 0 0.897755 0.440496 0 0
153.26 706.772 2.6475 4.9765 6.04147 600 0 978 7 14 0.00071099 0.00016849 0 0 0.924162 0.382001 0 0
143.856 705.612 2.6475 4.9765 6.04147 600 0 940 7 14 -0.000606612 -9.35093e-05 0 0 0.941578 0.336795 0 0
134.577 704.264 2.6475 4.9765 6.04147 600 0 902 7 14 0.00120042 5.84618e-05 0 0 0.944046 0.329815 0 0
125.18 706.092 2.6475 4.9765 6.04147 600 0 864 7 14 -0.00348569 -0.000880213 0 0 0.975962 0.217942 0 0
116.136 703.471 2.6475 4.9765 6.04147 600 0 826 7 14 -0.00184051 0.0022937 0 0 0.976031 0.217632 0 0
107.322 700.541 2.6475 4.9765 6.04147 600 0 788 7 14 0.0032653 0.00446345 0 0 0.999997 -0.00261996 0 0
109.219 709.482 2.6475 4.9765 6.04147 0.1 0 0 7 15 0.00326566 -0.00619734 0 0 5.13135e-310 5.13135e-310 0 0
100 712 2.6475 4.9765 6.04147 0.1 0 0 7 7 -0.00153766 -0.026286 0 0 5.13135e-310 5.13135e-310 0 0
100 721 2.6475 4.9765 6.04147 0.1 0 0 7 7 -0 -0 0 0 5.13135e-310 5.13135e-310 0 0
100 730 2.6475 4.9765 6.04147 0.1 0 0 7 7 -0 -0 0 0 5.13135e-310 5.13135e-310 0 0
100 739 2.6475 4.9765 6.04147 0.1 0 0 7 7 -0 -0 0 0 5.13135e-310 5.13135e-310 0 0
100 748 2.6475 4.9765 6.04147 0.1 0 0 7 7 -0 -0 0 0 5.13135e-310 5.13135e-310 0 0
100 757 2.6475 4.9765 6.04147 0.1 0 0 7 7 -0 -0 0 0 5.13135e-310 5.13135e-310 0 0
100 766 2.6475 4.9765 6.04147 0.1 0 0 7 7 -0 -0 0 0 5.13135e-310 5.13135e-310 0 0
100 775 2.6475 4.9765 6.04147 0.1 0 0 7 7 -0 -0 0 0 5.13135e-310 5.13135e-310 0 0
100 784 2.6475 4.9765 6.04147 0.1 0 0 7 7 -0 -0 0 0 5.13135e-310 5.13135e-310 0 0
100 793 2.6475 4.9765 6.04147 0.1 0 0 7 7 -0 -0 0 0 5.13135e-310 5.13135e-310 0 0
100 802 2.6475 4.9765 6.04147 0.1 0 0 7 7 -0 0.0266735 0 0 5.13135e-310 5.13135e-310 0 0
662.142 366.626 5.295 9.953 12.0829 0 0 1500 16 -1 -0 -0 0 0 -0.0645187 0.997916 24181 -1141620256
562.701 479.696 5.295 9.953 12.0829 0 0 1500 16 -1 -1.06682e-09 2.03749e-10 0 0 0.998609 -0.052722 24181 -1141616736
512.443 399.389 5.295 9.953 12.0829 0 0 1500 16 -1 -0 -0 0 0 0.931894 0.36273 24181 -1141613216
477.539 625.207 5.295 9.953 12.0829 0 0 1500 16 -1 -0 -0 0 0 0.95345 -0.301552 32222 -1140445024
582.296 567.435 5.295 9.953 12.0829 0 0 1500 16 -1 -0 -0 0 0 0.578314 -0.815814 0 32
573.735 317.016 5.295 9.953 12.0829 0 0 1500 16 -1 -0 -0 0 0 0.706539 0.707674 24176 -1140989536
762.831 396.072 5.295 9.953 12.0829 0 0 1500 16 -1 -0 -0 0 0 -0.384813 0.922994 0 32
714.767 549.456 5.295 9.953 12.0829 0 0 1500 16 -1 4.25728e-10 1.17749e-09 0 0 -0.793928 -0.608012 24176 439
576.407 515.699 5.295 9.953 12.0829 0 0 1500 16 -1 -0 -0 0 0 0.999824 -0.0187869 24176 33
624.322 387.128 5.295 9.953 12.0829 0 0 1500 16 -1 -0 -0 0 0 0.0125319 0.999921 32222 -1140457536
