581.026 421.085 5.295 9.953 12.0829 0.1 0 193 3 1 -3.97478e-10 -6.05261e-10 0 0 6.95334e-310 6.95334e-310 0 0
591.952 437.723 5.295 9.953 12.0829 0.1 0 97 3 1 -3.85638e-10 -3.82397e-10 0 0 6.95334e-310 6.95334e-310 0 0
584.506 456.184 5.295 9.953 12.0829 0.1 0 92 3 1 -3.40962e-10 -8.51938e-11 0 0 6.95334e-310 6.95334e-310 0 0
582.254 475.962 5.295 9.953 12.0829 0.1 0 88 3 1 -2.07792e-10 1.90387e-10 0 0 5.13135e-310 3.16202e-322 0 0
622.038 417.349 5.295 9.953 12.0829 0.1 0 109 3 1 -2.16655e-10 -4.16266e-10 0 0 6.95334e-310 6.95334e-310 0 0
611.557 434.272 5.295 9.953 12.0829 0.1 0 77 3 1 -8.71942e-11 -1.72281e-10 0 0 6.95334e-310 6.95334e-310 0 0
607.423 456.225 5.295 9.953 12.0829 0.1 0 54 3 1 -3.4282e-10 -3.65815e-11 0 0 1.63042e-322 5.13135e-310 0 0
641.446 421.774 5.295 9.953 12.0829 0.1 0 92 3 1 -3.26221e-12 -6.87681e-10 0 0 6.95334e-310 6.95334e-310 0 0
650.843 439.322 5.295 9.953 12.0829 0.1 0 71 3 1 4.11677e-10 -6.68198e-10 0 0 6.95334e-310 6.95334e-310 0 0
630.944 438.784 5.295 9.953 12.0829 0.1 0 64 3 1 1.62821e-10 -1.55223e-10 0 0 6.95334e-310 6.95334e-310 0 0
627.216 458.337 5.295 9.953 12.0829 0.1 0 45 3 1 -2.03794e-10 -7.80271e-11 0 0 5.13135e-310 1.58101e-322 0 0
666.167 426.618 5.295 9.953 12.0829 0.1 0 99 3 1 6.39949e-10 -7.25002e-10 0 0 6.95334e-310 6.95334e-310 0 0
670.063 446.139 5.295 9.953 12.0829 0.1 0 63 3 1 3.22152e-10 -5.67263e-10 0 0 9.53547e-322 5.13135e-310 0 0
689.533 450.28 5.295 9.953 12.0829 0.1 0 87 3 1 4.18669e-10 -2.65223e-10 0 0 1.25987e-320 2.05531e-321 0 0
589.93 494.328 5.295 9.953 12.0829 0.1 0 65 3 1 -1.23432e-09 8.79381e-10 0 0 1.63042e-322 5.13135e-310 0 0
612.01 475.731 5.295 9.953 12.0829 0.1 0 42 3 1 -0 -0 0 0 6.95334e-310 6.95334e-310 0 0
628.034 488.314 5.295 9.953 12.0829 0.1 0 35 3 1 -2.2538e-10 3.62761e-10 0 0 5.13135e-310 5.13135e-310 0 0
654.738 458.843 5.295 9.953 12.0829 0.1 0 44 3 1 2.4914e-10 -3.03046e-10 0 0 6.95334e-310 6.95334e-310 0 0
640.713 472.968 5.295 9.953 12.0829 0.1 0 36 3 1 -1.19093e-11 3.5395e-12 0 0 9.34278e-321 5.13135e-310 0 0
672.848 467.106 5.295 9.953 12.0829 0.1 0 47 3 1 4.72896e-10 -6.68564e-11 0 0 6.95334e-310 6.95334e-310 0 0
658.771 481.345 5.295 9.953 12.0829 0.1 1 2313 0 0 2.47295e-10 -2.00708e-10 0 0 5.13135e-310 3.30395e-311 0 0
692.549 469.956 5.295 9.953 12.0829 0.1 0 66 3 1 7.06756e-10 -1.70187e-10 0 0 2.06025e-321 5.13135e-310 0 0
609.749 496.18 5.295 9.953 12.0829 0.1 0 41 3 1 -8.5715e-10 -9.3146e-12 0 0 6.95334e-310 6.95334e-310 0 0
625.888 508.24 5.295 9.953 12.0829 0.1 0 35 3 1 8.1361e-11 -2.05346e-10 0 0 9.40207e-321 5.13135e-310 0 0
645.752 497.386 5.295 9.953 12.0829 0.1 1 1649 0 0 1.70005e-10 2.29376e-10 0 0 6.95334e-310 6.95334e-310 0 0
643.741 517.19 5.295 9.953 12.0829 0.1 0 34 3 1 -3.47246e-11 3.4191e-10 0 0 0 0 0 0
679.428 485.893 5.295 9.953 12.0829 0.1 0 41 3 1 9.1593e-10 -1.95081e-11 0 0 6.95334e-310 6.95334e-310 0 0
665.473 500.088 5.295 9.953 12.0829 0.1 1 1364 0 0 4.84753e-10 -1.30508e-10 0 0 0 0 0 0
699.677 488.542 5.295 9.953 12.0829 0.1 0 71 3 1 7.19898e-11 2.78164e-10 0 0 6.95334e-310 6.95334e-310 0 0
685.789 505.071 5.295 9.953 12.0829 0.1 0 48 3 1 -0 -0 0 0 0 0 0 0
600.519 513.816 5.295 9.953 12.0829 0.1 0 49 3 1 -8.06505e-10 3.61722e-10 0 0 6.95334e-310 6.95334e-310 0 0
618.556 526.746 5.295 9.953 12.0829 0.1 0 44 3 1 -3.52912e-10 -2.60468e-10 0 0 0 0 0 0
636.12 536.112 5.295 9.953 12.0829 0.1 0 43 3 1 -3.70376e-10 1.83423e-10 0 0 0 0 0 0
669.804 519.517 5.295 9.953 12.0829 0.1 1 2060 0 0 -9.13627e-11 2.75615e-10 0 0 6.95334e-310 6.95334e-310 0 0
655.885 533.747 5.295 9.953 12.0829 0.1 0 41 3 1 -1.08344e-10 5.8717e-10 0 0 0 0 0 0
708.183 506.539 5.295 9.953 12.0829 0.1 0 80 3 1 1.84063e-10 3.89425e-10 0 0 6.95334e-310 6.95334e-310 0 0
725.213 520.741 5.295 9.953 12.0829 0.1 0 124 3 1 4.29307e-10 -2.49268e-10 0 0 6.95334e-310 6.95334e-310 0 0
707.999 530.736 5.295 9.953 12.0829 0.1 0 97 3 1 4.66059e-10 1.33581e-10 0 0 6.95334e-310 6.95334e-310 0 0
688.833 525.36 5.295 9.953 12.0829 0.1 0 63 3 1 2.98499e-10 -1.46741e-10 0 0 0 0 0 0
599.908 533.713 5.295 9.953 12.0829 0.1 0 73 3 1 -1.71059e-10 6.34227e-10 0 0 6.95334e-310 6.95334e-310 0 0
583.344 544.751 5.295 9.953 12.0829 0.1 0 137 3 1 -5.67685e-10 3.78284e-10 0 0 6.95334e-310 6.95334e-310 0 0
613.461 548.293 5.295 9.953 12.0829 0.1 0 76 3 1 3.46269e-10 3.72535e-10 0 0 0 0 0 0
636.934 571.37 5.295 9.953 12.0829 0.1 0 87 3 1 -1.65241e-10 1.0031e-10 0 0 0 0 0 0
645.76 553.528 5.295 9.953 12.0829 0.1 0 56 3 1 3.11097e-11 1.03024e-10 0 0 6.95334e-310 6.95334e-310 0 0
665.352 557.049 5.295 9.953 12.0829 0.1 0 61 3 1 1.35874e-10 5.84001e-11 0 0 6.95334e-310 6.95334e-310 0 0
656.526 574.891 5.295 9.953 12.0829 0.1 0 85 3 1 -9.06137e-11 9.60982e-11 0 0 6.95334e-310 6.95334e-310 0 0
646.332 591.989 5.295 9.953 12.0829 0.1 0 138 3 1 -1.234e-10 2.06982e-10 0 0 6.95334e-310 6.95334e-310 0 0
676.214 577.826 5.295 9.953 12.0829 0.1 0 91 3 1 1.04456e-11 3.84506e-11 0 0 6.95334e-310 6.95334e-310 0 0
694.302 586.136 5.295 9.953 12.0829 0.1 0 151 3 1 8.51344e-11 3.91156e-11 0 0 0 0 0 0
674.914 539.59 5.295 9.953 12.0829 0.1 0 50 3 1 2.07613e-10 -6.41328e-11 0 0 6.95334e-310 6.95334e-310 0 0
693.951 546.223 5.295 9.953 12.0829 0.1 0 70 3 1 4.70925e-12 -5.55297e-11 0 0 6.95334e-310 6.95334e-310 0 0
692.269 566.057 5.295 9.953 12.0829 0.1 0 87 3 1 6.70764e-11 2.91048e-12 0 0 6.95334e-310 6.95334e-310 0 0
80 235 2.6475 4.9765 6.04147 0.1 0 0 7 7 -0 -0.0266735 0 0 6.22029e-321 5.13135e-310 0 0
80 244 2.6475 4.9765 6.04147 0.1 0 0 7 7 -0 -0 0 0 6.83753e-310 0 0 0
80 253 2.6475 4.9765 6.04147 0.1 0 0 7 7 -0 -0 0 0 4.93078e-321 5.13135e-310 0 0
80 262 2.6475 4.9765 6.04147 0.1 0 0 7 7 -0 -0 0 0 1.8037e-312 2.69493e-311 0 0
80 271 2.6475 4.9765 6.04147 0.1 0 0 7 7 -0 -0 0 0 1.11165e-321 5.13135e-310 0 0
80 280 2.6475 4.9765 6.04147 0.1 0 0 7 7 -0 -0 0 0 5.13135e-310 3.16202e-322 0 0
80 289 2.6475 4.9765 6.04147 0.1 0 0 7 7 -0 -0 0 0 3.16202e-322 5.13021e-310 0 0
80 298 2.6475 4.9765 6.04147 0.1 0 0 7 7 -0 -0 0 0 4.63232e-311 4.63019e-311 0 0
80 307 2.6475 4.9765 6.04147 0.1 0 0 7 7 -0 -0 0 0 3.16202e-322 5.13021e-310 0 0
80 316 2.6475 4.9765 6.04147 0.1 0 0 7 7 -0 -0 0 0 5.13135e-310 6.32404e-322 0 0
80 325 2.6475 4.9765 6.04147 0.1 0 0 7 7 -0 -0 0 0 7.5592e-321 5.13135e-310 0 0
80 334 2.6475 4.9765 6.04147 0.1 0 0 7 7 -0 -0 0 0 5.13135e-310 2.02226e-311 0 0
80 343 2.6475 4.9765 6.04147 0.1 0 0 7 7 -0 -0 0 0 2.32995e-311 5.13735e-311 0 0
80 352 2.6475 4.9765 6.04147 0.1 0 0 7 7 -0 -0 0 0 1.58101e-322 5.13021e-310 0 0
80 361 2.6475 4.9765 6.04147 0.1 0 0 7 7 -0 -0 0 0 5.13135e-310 5.13135e-310 0 0
80 370 2.6475 4.9765 6.04147 0.1 0 0 7 7 -0 -0 0 0 1.63042e-322 5.13135e-310 0 0
80 379 2.6475 4.9765 6.04147 0.1 0 0 7 7 -0 -0 0 0 5.13135e-310 0 0 0
80 388 2.6475 4.9765 6.04147 0.1 0 0 7 7 -0 -0 0 0 2.90511e-321 5.13135e-310 0 0
80 397 2.6475 4.9765 6.04147 0.1 0 0 7 7 -0 -0 0 0 5.13135e-310 0 0 0
80 406 2.6475 4.9765 6.04147 0.1 0 0 7 7 -0 -0 0 0 5.13135e-310 0 0 0
80 415 2.6475 4.9765 6.04147 0.1 0 0 7 7 -0 -0 0 0 5.13135e-310 5.13135e-310 0 0
80 424 2.6475 4.9765 6.04147 0.1 0 0 7 7 -0 -0 0 0 5.13135e-310 5.13135e-310 0 0
80 433 2.6475 4.9765 6.04147 0.1 0 0 7 7 -0 -0 0 0 5.13135e-310 5.13135e-310 0 0
80 442 2.6475 4.9765 6.04147 0.1 0 0 7 7 -0 -0 0 0 5.13135e-310 5.13135e-310 0 0
80 451 2.6475 4.9765 6.04147 0.1 0 0 7 7 -0 -0 0 0 5.13135e-310 5.13135e-310 0 0
80 460 2.6475 4.9765 6.04147 0.1 0 0 7 7 -0 -0 0 0 5.13135e-310 5.13135e-310 0 0
80 469 2.6475 4.9765 6.04147 0.1 0 0 7 7 -0 -0 0 0 0 5.13135e-310 0 0
80 478 2.6475 4.9765 6.04147 0.1 0 0 7 7 -0 -0 0 0 -nan 1.26481e-321 0 0
80 487 2.6475 4.9765 6.04147 0.1 0 0 7 7 -0 -0 0 0 6.83753e-310 0 0 0
80 496 2.6475 4.9765 6.04147 0.1 0 0 7 7 -0 -0 0 0 1.63042e-322 5.13135e-310 0 0
80 505 2.6475 4.9765 6.04147 0.1 0 0 7 7 -0 -0 0 0 5.13135e-310 3.16202e-322 0 0
80 514 2.6475 4.9765 6.04147 0.1 0 0 7 7 -0 -0 0 0 1.58101e-322 5.13021e-310 0 0
80 523 2.6475 4.9765 6.04147 0.1 0 0 7 7 -0 -0 0 0 4.92303e-311 5.63178e-311 0 0
80 532 2.6475 4.9765 6.04147 0.1 0 0 7 7 -0 -0 0 0 1.58101e-322 5.13021e-310 0 0
80 541 2.6475 4.9765 6.04147 0.1 0 0 7 7 -0 -0 0 0 5.13135e-310 3.16202e-322 0 0
80 550 2.6475 4.9765 6.04147 0.1 0 0 7 7 -0 -0 0 0 1.63042e-322 5.13135e-310 0 0
80 559 2.6475 4.9765 6.04147 0.1 0 0 7 7 -0 -0 0 0 5.13135e-310 3.79442e-321 0 0
80 568 2.6475 4.9765 6.04147 0.1 0 0 7 7 -0 -0 0 0 5.13135e-310 0 0 0
80 577 2.6475 4.9765 6.04147 0.1 0 0 7 7 -0 -0 0 0 0 5.13135e-310 0 0
80 586 2.6475 4.9765 6.04147 0.1 0 0 7 7 -0 -0 0 0 1.35127e-320 5.13135e-310 0 0
80 595 2.6475 4.9765 6.04147 0.1 0 0 7 7 -0 -0 0 0 5.13135e-310 5.77395e-311 0 0
80 604 2.6475 4.9765 6.04147 0.1 0 0 7 7 -0 -0 0 0 3.21143e-322 5.13135e-310 0 0
80 613 2.6475 4.9765 6.04147 0.1 0 0 7 7 -0 -0 0 0 0 0 0 0
80 622 2.6475 4.9765 6.04147 0.1 0 0 7 7 -0 -0 0 0 1.35325e-320 0 0 0
80 631 2.6475 4.9765 6.04147 0.1 0 0 7 7 -0 -0 0 0 0 5.13135e-310 0 0
80 640 2.6475 4.9765 6.04147 0.1 0 0 7 7 -0 -0 0 0 -nan 1.26481e-321 0 0
80 649 2.6475 4.9765 6.04147 0.1 0 0 7 7 -0 -0 0 0 5.13135e-310 5.13135e-310 0 0
80 658 2.6475 4.9765 6.04147 0.1 0 0 7 7 -0 -0 0 0 5.13135e-310 5.13135e-310 0 0
80 667 2.6475 4.9765 6.04147 0.1 0 0 7 7 -0 -0 0 0 5.13135e-310 5.13135e-310 0 0
80 676 2.6475 4.9765 6.04147 0.1 0 0 7 7 -0 -0 0 0 5.13135e-310 5.13135e-310 0 0
80 685 2.6475 4.9765 6.04147 0.1 0 0 7 7 -0 -0 0 0 5.13135e-310 5.13135e-310 0 0
80 694 2.6475 4.9765 6.04147 0.1 0 0 7 7 -0 -0 0 0 5.13135e-310 5.13135e-310 0 0
80 703 2.6475 4.9765 6.04147 0.1 0 0 7 7 -0 -0 0 0 5.13135e-310 5.13135e-310 0 0
80 712 2.6475 4.9765 6.04147 0.1 0 0 7 7 -0 -0 0 0 5.13135e-310 5.13135e-310 0 0
80 721 2.6475 4.9765 6.04147 0.1 0 0 7 7 -0 -0 0 0 5.13135e-310 5.13135e-310 0 0
80 730 2.6475 4.9765 6.04147 0.1 0 0 7 7 -0 -0 0 0 5.13135e-310 5.13135e-310 0 0
80 739 2.6475 4.9765 6.04147 0.1 0 0 7 7 -0 -0 0 0 5.13135e-310 5.13135e-310 0 0
80 748 2.6475 4.9765 6.04147 0.1 0 0 7 7 -0 -0 0 0 5.13135e-310 5.13021e-310 0 0
80 757 2.6475 4.9765 6.04147 0.1 0 0 7 7 -0 -0 0 0 2.52517e-311 3.19785e-311 0 0
80 766 2.6475 4.9765 6.04147 0.1 0 0 7 7 -0 -0 0 0 3.16202e-322 5.13021e-310 0 0
80 775 2.6475 4.9765 6.04147 0.1 0 0 7 7 -0 0.0266735 0 0 7.46943e-312 1.22439e-311 0 0
100 208 2.6475 4.9765 6.04147 0.1 0 0 7 7 -0 -0.0266735 0 0 3.16202e-322 5.13021e-310 0 0
100 217 2.6475 4.9765 6.04147 0.1 0 0 7 7 -0 -0 0 0 6.83753e-310 6.32404e-322 0 0
100 226 2.6475 4.9765 6.04147 0.1 0 0 7 7 -0 -0 0 0 7.62343e-321 5.13135e-310 0 0
100 235 2.6475 4.9765 6.04147 0.1 0 0 7 7 -0 -0 0 0 6.83753e-310 3.16202e-322 0 0
100 244 2.6475 4.9765 6.04147 0.1 0 0 7 7 -0 -0 0 0 7.65308e-321 5.13135e-310 0 0
100 253 2.6475 4.9765 6.04147 0.1 0 0 7 7 -0 -0 0 0 5.13135e-310 3.28909e-311 0 0
100 262 2.6475 4.9765 6.04147 0.1 0 0 7 7 -0 -0 0 0 1.63042e-322 5.13135e-310 0 0
100 271 2.6475 4.9765 6.04147 0.1 0 0 7 7 -0 -0 0 0 5.13135e-310 3.30819e-311 0 0
100 280 2.6475 4.9765 6.04147 0.1 0 0 7 7 -0 -0 0 0 3.16202e-322 5.13021e-310 0 0
100 289 2.6475 4.9765 6.04147 0.1 0 0 7 7 -0 -0 0 0 5.13135e-310 3.16202e-322 0 0
100 298 2.6475 4.9765 6.04147 0.1 0 0 7 7 -0.0389243 0.0248693 0 0 1.58101e-322 5.13021e-310 0 0
109.837 298.596 2.6475 4.9765 6.04147 0.1 0 0 7 15 0.0511667 0.00965753 0 0 4.03604e-311 3.16202e-322 0 0
114.017 306.576 2.6475 4.9765 6.04147 600 0 739 7 13 -0.00142199 -0.016151 0 0 0.998883 -0.0472415 0 0
118.743 298.664 2.6475 4.9765 6.04147 600 0 777 7 13 -0.0144758 0.0164416 0 0 0.993817 -0.111034 0 0
123.464 306.799 2.6475 4.9765 6.04147 600 0 815 7 13 0.00168438 -0.016221 0 0 0.990881 -0.134741 0 0
128.524 298.785 2.6475 4.9765 6.04147 600 0 853 7 13 0.0114139 0.00729093 0 0 0.962347 -0.271823 0 0
137.6 297.926 2.6475 4.9765 6.04147 600 0 891 7 13 -0.0296407 0.00531738 0 0 0.989832 -0.142245 0 0
147.461 295.736 2.6475 4.9765 6.04147 600 0 929 7 15 0.0228089 -0.00526745 0 0 0.938168 -0.346179 0 0
156.045 293.299 2.6475 4.9765 6.04147 600 0 1386 7 13 -0.00581841 0.00189994 0 0 0.796032 -0.605254 0 0
165.039 290.037 2.6475 4.9765 6.04147 600 0 1424 7 13 0.00498127 -0.00193214 0 0 0.733565 -0.67962 0 0
173.584 286.332 2.6475 4.9765 6.04147 600 0 1462 7 13 -0.0024783 0.00111913 0 0 0.704087 -0.710113 0 0
182.088 282.099 2.6475 4.9765 6.04147 600 0 1500 7 13 0.00200333 -0.00106664 0 0 0.588383 -0.808582 0 0
190.303 277.57 2.6475 4.9765 6.04147 600 0 1538 7 13 -0.00145718 0.00080993 0 0 0.674313 -0.738446 0 0
198.449 272.731 2.6475 4.9765 6.04147 600 0 1576 7 13 0.00116188 -0.000721663 0 0 0.655608 -0.755101 0 0
206.424 267.743 2.6475 4.9765 6.04147 600 0 1614 7 13 -0.000765921 0.000474048 0 0 0.578064 -0.815991 0 0
214.369 262.61 2.6475 4.9765 6.04147 600 0 1652 7 13 0.00063891 -0.000422089 0 0 0.549456 -0.835523 0 0
222.246 257.437 2.6475 4.9765 6.04147 600 0 1690 7 13 -0.000330575 0.00021545 0 0 0.508002 -0.861356 0 0
230.135 252.233 2.6475 4.9765 6.04147 600 0 1728 7 13 0.00028783 -0.000187129 0 0 0.672463 -0.740131 0 0
238.023 247.055 2.6475 4.9765 6.04147 600 0 1766 7 13 -0.000110635 7.82e-05 0 0 0.595532 -0.803332 0 0
245.948 241.915 2.6475 4.9765 6.04147 600 0 1804 7 13 0.000110477 -6.32351e-05 0 0 0.636146 -0.771568 0 0
253.906 236.833 2.6475 4.9765 6.04147 600 0 1842 7 13 -2.56076e-05 2.62436e-05 0 0 0.645439 -0.763811 0 0
261.91 231.82 2.6475 4.9765 6.04147 600 0 1880 7 13 3.9213e-05 -1.36177e-05 0 0 0.597809 -0.801638 0 0
269.96 226.882 2.6475 4.9765 6.04147 600 0 1918 7 13 -2.33222e-06 1.36967e-05 0 0 0.736235 -0.676725 0 0
278.063 222.029 2.6475 4.9765 6.04147 600 0 1956 7 13 1.32749e-05 5.4957e-06 0 0 0.653525 -0.756905 0 0
286.221 217.271 2.6475 4.9765 6.04147 600 0 1994 7 13 6.14329e-07 1.51313e-05 0 0 0.758743 -0.65139 0 0
294.443 212.624 2.6475 4.9765 6.04147 600 0 2032 7 13 2.45371e-06 1.57379e-05 0 0 0.708051 -0.706162 0 0
302.735 208.102 2.6475 4.9765 6.04147 600 0 2070 7 13 -1.72258e-06 2.0752e-05 0 0 0.764019 -0.645193 0 0
311.106 203.73 2.6475 4.9765 6.04147 600 0 2108 7 13 -3.61477e-06 2.39207e-05 0 0 0.696379 -0.717674 0 0
319.564 199.53 2.6475 4.9765 6.04147 600 0 2146 7 13 -4.88766e-06 2.66466e-05 0 0 0.695163 -0.718852 0 0
328.117 195.527 2.6475 4.9765 6.04147 600 0 2184 7 13 -7.44208e-06 3.01775e-05 0 0 0.800624 -0.599167 0 0
336.771 191.75 2.6475 4.9765 6.04147 600 0 2222 7 13 -6.68027e-06 3.14465e-05 0 0 0.724058 -0.689739 0 0
345.531 188.225 2.6475 4.9765 6.04147 600 0 2260 7 13 -8.62076e-06 3.36034e-05 0 0 0.784199 -0.620509 0 0
354.398 184.98 2.6475 4.9765 6.04147 600 0 2298 7 13 -4.88494e-06 3.62925e-05 0 0 0.725404 -0.688323 0 0
363.38 182.069 2.6475 4.9765 6.04147 600 0 2336 7 13 -1.10022e-05 1.73782e-05 0 0 0.813231 -0.58194 0 0
372.406 179.3 2.6475 4.9765 6.04147 600 0 2374 7 13 2.98504e-05 0.000133331 0 0 0.753263 -0.65772 0 0
381.757 178.001 2.6475 4.9765 6.04147 600 0 2412 7 13 -2.64561e-05 -0.000297709 0 0 0.850698 -0.525655 0 0
390.186 173.744 2.6475 4.9765 6.04147 600 0 2450 7 13 0.000353777 0.000440589 0 0 0.800186 -0.599752 0 0
399.632 173.952 2.6475 4.9765 6.04147 600 0 2488 9 13 0.000366121 4.82602e-05 0 0 0.892504 -0.451039 0 0
408.664 176.779 2.6475 4.9765 6.04147 600 0 1114 8 10 0.000401719 -5.81208e-05 0 0 0.964189 -0.265218 0 0
402.959 184.304 2.6475 4.9765 6.04147 600 0 2488 9 14 0.000489729 6.89568e-06 0 0 0.964189 -0.265218 0 0
397.367 191.897 2.6475 4.9765 6.04147 600 0 2450 7 14 5.20245e-05 -0.000312646 0 0 0.999793 -0.0203692 0 0
387.943 191.843 2.6475 4.9765 6.04147 600 0 2412 7 14 5.30803e-05 9.26759e-06 0 0 0.997007 -0.0773138 0 0
378.539 192.461 2.6475 4.9765 6.04147 600 0 2374 7 14 4.77029e-05 3.15338e-05 0 0 0.994582 -0.103952 0 0
370.184 196.819 2.6475 4.9765 6.04147 600 0 2336 7 14 1.98108e-05 -4.03841e-05 0 0 0.98962 -0.143709 0 0
360.763 196.7 2.6475 4.9765 6.04147 600 0 2298 7 14 5.68408e-06 1.56138e-05 0 0 0.980284 -0.197594 0 0
351.725 199.364 2.6475 4.9765 6.04147 600 0 2260 7 14 1.96915e-05 9.11928e-07 0 0 0.981163 -0.193184 0 0
343.341 203.662 2.6475 4.9765 6.04147 600 0 2222 7 14 -5.33599e-06 1.20143e-06 0 0 0.960333 -0.278856 0 0
334.815 207.671 2.6475 4.9765 6.04147 600 0 2184 7 14 1.64855e-05 -1.04562e-05 0 0 0.950959 -0.309316 0 0
325.875 210.646 2.6475 4.9765 6.04147 600 0 2146 7 14 -4.49486e-06 9.39376e-06 0 0 0.950394 -0.311047 0 0
318.01 215.833 2.6475 4.9765 6.04147 600 0 2108 7 14 1.29764e-05 -1.15419e-05 0 0 0.929888 -0.367842 0 0
309.242 219.28 2.6475 4.9765 6.04147 600 0 2070 7 14 -7.71055e-06 8.13053e-06 0 0 0.939226 -0.3433 0 0
301.389 224.484 2.6475 4.9765 6.04147 600 0 2032 7 14 1.20793e-05 -9.01003e-06 0 0 0.953912 -0.300087 0 0
293.015 228.802 2.6475 4.9765 6.04147 600 0 1994 7 14 -8.24968e-06 7.06396e-06 0 0 0.909164 -0.416438 0 0
285.304 234.215 2.6475 4.9765 6.04147 600 0 1956 7 14 1.05775e-05 -7.85819e-06 0 0 0.921146 -0.389218 0 0
277.246 239.096 2.6475 4.9765 6.04147 600 0 1918 7 14 -7.85797e-06 4.97189e-06 0 0 0.887613 -0.46059 0 0
269.249 244.077 2.6475 4.9765 6.04147 600 0 1880 7 14 9.13232e-06 -5.95219e-06 0 0 0.830307 -0.557306 0 0
260.964 248.562 2.6475 4.9765 6.04147 600 0 1842 7 14 -6.01801e-06 3.72523e-06 0 0 0.883776 -0.46791 0 0
252.857 253.361 2.6475 4.9765 6.04147 600 0 1804 7 14 7.15646e-06 -4.28077e-06 0 0 0.841565 -0.540155 0 0
244.673 258.028 2.6475 4.9765 6.04147 600 0 1766 7 14 -3.30885e-06 3.63359e-06 0 0 0.883772 -0.467919 0 0
237.648 264.305 2.6475 4.9765 6.04147 600 0 1728 7 14 4.26819e-06 -4.06008e-06 0 0 0.843309 -0.53743 0 0
229.845 269.584 2.6475 4.9765 6.04147 600 0 1690 7 14 -2.2814e-06 2.45573e-06 0 0 0.817478 -0.575961 0 0
222.993 276.049 2.6475 4.9765 6.04147 600 0 1652 7 14 3.03642e-06 -3.00084e-06 0 0 0.827534 -0.561415 0 0
214.866 280.815 2.6475 4.9765 6.04147 600 0 1614 7 14 -1.79076e-06 1.87773e-06 0 0 0.774403 -0.632693 0 0
208.096 287.366 2.6475 4.9765 6.04147 600 0 1576 7 14 2.63249e-06 -2.38282e-06 0 0 0.85169 -0.524046 0 0
200.058 292.28 2.6475 4.9765 6.04147 600 0 1538 7 14 -2.15049e-06 1.76413e-06 0 0 0.782656 -0.622455 0 0
192.976 298.493 2.6475 4.9765 6.04147 600 0 1500 7 14 2.84211e-06 -2.9098e-06 0 0 0.752799 -0.658251 0 0
187.057 305.823 2.6475 4.9765 6.04147 600 0 1462 7 14 -2.07925e-06 3.43125e-06 0 0 0.722626 -0.691239 0 0
179.403 311.316 2.6475 4.9765 6.04147 600 0 1424 7 14 3.08692e-06 1.6716e-07 0 0 0.801677 -0.597758 0 0
187.987 315.198 2.6475 4.9765 6.04147 600 0 1081 7 15 -5.27774e-07 -2.18128e-06 0 0 0.917124 -0.398602 0 0
197.408 315.137 2.6475 4.9765 6.04147 600 0 1119 7 13 2.78198e-06 2.72984e-07 0 0 0.971334 -0.23772 0 0
206.812 315.697 2.6475 4.9765 6.04147 600 0 1157 7 13 3.2201e-07 -4.1944e-07 0 0 0.961772 -0.273851 0 0
216.228 315.385 2.6475 4.9765 6.04147 600 0 1195 7 13 2.14436e-06 -3.17434e-07 0 0 0.933681 -0.358106 0 0
225.627 314.737 2.6475 4.9765 6.04147 600 0 1233 7 13 7.53257e-07 -1.89844e-07 0 0 0.958144 -0.286286 0 0
235.013 313.92 2.6475 4.9765 6.04147 600 0 1271 7 13 1.72095e-06 -1.74699e-07 0 0 0.925085 -0.37976 0 0
244.396 313.079 2.6475 4.9765 6.04147 600 0 1309 7 13 9.61978e-07 -4.5711e-09 0 0 0.948233 -0.317575 0 0
253.786 312.311 2.6475 4.9765 6.04147 600 0 1347 7 13 1.4411e-06 5.88498e-08 0 0 0.968726 -0.248135 0 0
263.186 311.684 2.6475 4.9765 6.04147 600 0 1385 7 13 1.02078e-06 1.80527e-07 0 0 0.943029 -0.332709 0 0
272.597 311.239 2.6475 4.9765 6.04147 600 0 1423 7 13 1.22426e-06 2.43681e-07 0 0 0.952979 -0.303037 0 0
282.015 310.997 2.6475 4.9765 6.04147 600 0 1461 7 13 9.76735e-07 2.92889e-07 0 0 0.919922 -0.392101 0 0
291.436 310.954 2.6475 4.9765 6.04147 600 0 1499 7 13 1.03074e-06 2.96198e-07 0 0 0.869077 -0.494677 0 0
300.856 311.089 2.6475 4.9765 6.04147 600 0 1537 7 13 8.69509e-07 2.58641e-07 0 0 0.978024 -0.208491 0 0
310.274 311.361 2.6475 4.9765 6.04147 600 0 1575 7 13 8.48727e-07 1.85976e-07 0 0 0.961349 -0.275334 0 0
319.688 311.718 2.6475 4.9765 6.04147 600 0 1613 7 13 7.29329e-07 8.76095e-08 0 0 0.942993 -0.332813 0 0
329.102 312.106 2.6475 4.9765 6.04147 600 0 1651 7 13 6.71178e-07 -2.60034e-08 0 0 0.992412 -0.122955 0 0
338.516 312.468 2.6475 4.9765 6.04147 600 0 1689 7 13 5.67574e-07 -1.41327e-07 0 0 0.979806 -0.199949 0 0
347.933 312.752 2.6475 4.9765 6.04147 600 0 1727 7 13 4.88206e-07 -2.77759e-07 0 0 0.96539 -0.260811 0 0
357.353 312.899 2.6475 4.9765 6.04147 600 0 1765 7 13 3.87414e-07 -4.40758e-07 0 0 0.998189 -0.0601572 0 0
366.775 312.842 2.6475 4.9765 6.04147 600 0 1803 7 13 2.91881e-07 -6.8127e-07 0 0 0.983501 -0.180902 0 0
376.189 312.478 2.6475 4.9765 6.04147 600 0 1841 7 13 1.78503e-07 -9.58314e-07 0 0 0.993231 -0.116152 0 0
385.577 311.691 2.6475 4.9765 6.04147 600 0 1879 7 15 5.91067e-08 -1.19223e-06 0 0 0.985082 -0.172085 0 0
394.908 310.384 2.6475 4.9765 6.04147 600 0 2336 7 13 -4.25171e-08 -1.17534e-06 0 0 0.942643 -0.333802 0 0
404.153 308.57 2.6475 4.9765 6.04147 600 0 2374 7 13 -4.91861e-08 -6.78118e-07 0 0 0.885043 -0.465509 0 0
413.337 306.467 2.6475 4.9765 6.04147 600 0 46 7 10 0.000220423 7.42324e-05 0 0 0.882919 -0.469525 0 0
415.443 315.649 2.6475 4.9765 6.04147 600 0 2374 7 14 1.05386e-05 -3.44761e-06 0 0 0.997754 -0.0669919 0 0
422.347 309.239 2.6475 4.9765 6.04147 600 0 2031 7 15 -9.00899e-07 -7.82984e-06 0 0 0.966724 -0.255823 0 0
431.531 311.365 2.6475 4.9765 6.04147 600 0 2069 7 13 1.82862e-05 -2.16827e-05 0 0 0.999796 -0.0202189 0 0
440.873 312.63 2.6475 4.9765 6.04147 600 0 2107 7 13 2.46324e-06 -1.57426e-05 0 0 0.992272 -0.124085 0 0
450.273 313.347 2.6475 4.9765 6.04147 600 0 2145 7 13 2.52632e-05 -1.02075e-05 0 0 0.98702 -0.160598 0 0
459.695 313.68 2.6475 4.9765 6.04147 600 0 2183 7 13 5.03761e-06 -7.4579e-06 0 0 0.999832 0.0183563 0 0
469.123 313.776 2.6475 4.9765 6.04147 600 0 2221 7 13 3.17143e-05 -4.9324e-06 0 0 0.997664 -0.0683098 0 0
478.551 313.723 2.6475 4.9765 6.04147 600 0 2259 7 13 1.12817e-05 -3.44786e-06 0 0 0.992857 -0.11931 0 0
487.979 313.577 2.6475 4.9765 6.04147 600 0 2297 7 13 3.64518e-05 -1.06165e-07 0 0 0.990457 0.13782 0 0
497.408 313.443 2.6475 4.9765 6.04147 600 0 2335 7 13 2.07969e-05 -3.80536e-06 0 0 0.995742 0.0921858 0 0
506.836 313.227 2.6475 4.9765 6.04147 600 0 2373 7 13 4.08468e-05 4.4183e-05 0 0 0.992594 0.121482 0 0
516.239 313.964 2.6475 4.9765 6.04147 600 0 2411 7 13 5.27268e-05 -0.000195923 0 0 0.999278 0.0379999 0 0
525.215 311.064 2.6475 4.9765 6.04147 600 0 2449 7 13 0.000275202 0.000459273 0 0 0.992522 0.122063 0 0
534.024 314.459 2.6475 4.9765 6.04147 600 0 2487 9 13 0.000487534 -9.2927e-05 0 0 0.991079 0.133273 0 0
542.117 319.354 2.6475 4.9765 6.04147 0.1 0 1761 8 10 0.000456942 -3.80871e-05 0 0 0.994252 -0.107069 1 0
534.755 325.3 2.6475 4.9765 6.04147 600 0 2487 9 14 0.000413697 -8.97891e-05 0 0 0.858742 0.512408 0 0
526.064 328.998 2.6475 4.9765 6.04147 600 0 2449 7 14 0.000208249 -0.000558967 0 0 0.894565 0.446937 0 0
516.8 327.185 2.6475 4.9765 6.04147 600 0 2411 7 14 6.63066e-05 0.000158649 0 0 0.828241 0.560372 0 0
507.364 327.319 2.6475 4.9765 6.04147 600 0 2373 7 14 5.2775e-05 -7.2776e-06 0 0 0.869635 0.493696 0 0
497.928 327.36 2.6475 4.9765 6.04147 600 0 2335 7 14 5.71231e-05 1.60623e-05 0 0 0.828187 0.560451 0 0
488.498 327.667 2.6475 4.9765 6.04147 600 0 2297 7 14 4.0983e-05 -7.73836e-06 0 0 0.892349 0.451346 0 0
479.067 327.862 2.6475 4.9765 6.04147 600 0 2259 7 14 5.04874e-05 -5.22321e-06 0 0 0.878524 0.477698 0 0
469.635 327.976 2.6475 4.9765 6.04147 600 0 2221 7 14 3.23794e-05 -1.22686e-06 0 0 0.908411 0.418079 0 0
460.204 328.072 2.6475 4.9765 6.04147 600 0 2183 7 14 4.51518e-05 -1.0705e-06 0 0 0.940188 0.340657 0 0
450.774 328.154 2.6475 4.9765 6.04147 600 0 2145 7 14 2.63134e-05 -1.70273e-06 0 0 0.889179 0.45756 0 0
441.344 328.199 2.6475 4.9765 6.04147 600 0 2107 7 14 4.00336e-05 -1.79617e-06 0 0 0.913912 0.405911 0 0
431.915 328.2 2.6475 4.9765 6.04147 600 0 2069 7 14 2.28517e-05 -1.21318e-06 0 0 0.955868 0.293797 0 0
422.487 328.166 2.6475 4.9765 6.04147 600 0 2031 7 14 3.51556e-05 -3.94885e-07 0 0 0.905878 0.423539 0 0
413.059 328.114 2.6475 4.9765 6.04147 600 0 1993 7 14 2.15535e-05 1.44004e-07 0 0 0.939144 0.343523 0 0
403.632 328.063 2.6475 4.9765 6.04147 600 0 1955 7 14 3.05639e-05 5.05085e-07 0 0 0.943068 0.3326 0 0
394.206 328.026 2.6475 4.9765 6.04147 600 0 1917 7 14 2.18802e-05 4.57771e-07 0 0 0.907679 0.419666 0 0
384.78 328.005 2.6475 4.9765 6.04147 600 0 1879 7 14 2.62055e-05 2.86858e-07 0 0 0.951031 0.309094 0 0
375.355 327.997 2.6475 4.9765 6.04147 600 0 1841 7 14 2.35065e-05 9.92066e-08 0 0 0.965989 0.258585 0 0
365.93 327.992 2.6475 4.9765 6.04147 600 0 1803 7 14 2.17196e-05 1.3988e-07 0 0 0.893052 0.449953 0 0
356.506 327.997 2.6475 4.9765 6.04147 600 0 1765 7 14 2.65612e-05 6.21047e-07 0 0 0.930587 0.366071 0 0
347.083 328.056 2.6475 4.9765 6.04147 600 0 1727 7 14 1.63859e-05 2.34675e-06 0 0 0.961352 0.275321 0 0
337.665 328.356 2.6475 4.9765 6.04147 600 0 1689 7 14 3.17815e-05 4.9962e-06 0 0 0.936841 0.349757 0 0
328.316 329.538 2.6475 4.9765 6.04147 600 0 1651 7 14 8.54293e-06 2.11336e-06 0 0 0.965462 0.260544 0 0
319.051 331.247 2.6475 4.9765 6.04147 600 0 1613 7 15 3.89281e-05 -4.50965e-06 0 0 0.928263 0.371923 0 0
309.735 332.654 2.6475 4.9765 6.04147 600 0 1951 7 13 1.01169e-05 -8.00258e-06 0 0 0.853302 0.521417 0 0
315.611 340.019 2.6475 4.9765 6.04147 600 0 1989 7 13 2.15252e-05 1.67372e-05 0 0 0.776896 0.629629 0 0
322.535 346.407 2.6475 4.9765 6.04147 600 0 2027 7 13 -3.64288e-06 3.78445e-06 0 0 0.76348 0.645831 0 0
327.709 354.281 2.6475 4.9765 6.04147 600 0 2065 7 13 2.15456e-05 1.25121e-05 0 0 0.822713 0.568458 0 0
334.657 360.645 2.6475 4.9765 6.04147 600 0 2103 7 13 3.81759e-06 7.62137e-06 0 0 0.831192 0.555986 0 0
341.231 367.395 2.6475 4.9765 6.04147 600 0 2141 7 13 1.69074e-05 1.41912e-05 0 0 0.838787 0.544459 0 0
348 373.949 2.6475 4.9765 6.04147 600 0 2179 7 13 6.01304e-06 1.04837e-05 0 0 0.870538 0.492102 0 0
354.513 380.759 2.6475 4.9765 6.04147 600 0 2217 7 13 2.93349e-05 4.65309e-07 0 0 0.871953 0.489589 0 0
362.203 386.206 2.6475 4.9765 6.04147 600 0 2255 7 13 9.20232e-06 1.89718e-05 0 0 0.915095 0.403239 0 0
369.439 392.244 2.6475 4.9765 6.04147 600 0 2293 7 13 2.8204e-05 4.38105e-06 0 0 0.892947 0.450162 0 0
377.219 397.563 2.6475 4.9765 6.04147 600 0 2331 7 13 7.39046e-06 3.06742e-05 0 0 0.95082 0.309744 0 0
384.315 403.766 2.6475 4.9765 6.04147 600 0 2369 7 13 4.64797e-05 -9.82885e-06 0 0 0.921767 0.387744 0 0
392.415 408.586 2.6475 4.9765 6.04147 600 0 2407 7 13 5.71091e-05 -2.7641e-05 0 0 0.935229 0.354042 0 0
401.348 411.597 2.6475 4.9765 6.04147 600 0 2445 7 13 -6.85944e-05 0.000349495 0 0 0.94474 0.32782 0 0
404.817 420.368 2.6475 4.9765 6.04147 600 0 2483 9 13 0.000412291 0.000160334 0 0 0.920978 0.389616 0 0
407.335 429.471 2.6475 4.9765 6.04147 600 0 587 8 10 0.000210973 0.000214377 0 0 0.903856 0.427838 0 0
397.899 428.754 2.6475 4.9765 6.04147 600 0 2483 9 14 0.000226365 5.15574e-06 0 0 0.747873 0.663842 0 0
389.214 425.025 2.6475 4.9765 6.04147 600 0 2445 7 14 0.00032385 -0.000238249 0 0 0.802664 0.596431 0 0
382.083 418.827 2.6475 4.9765 6.04147 600 0 2407 7 14 -2.08018e-05 0.000157905 0 0 0.844342 0.535805 0 0
374.236 413.568 2.6475 4.9765 6.04147 600 0 2369 7 14 7.82427e-05 -9.6559e-06 0 0 0.773301 0.634039 0 0
366.671 407.914 2.6475 4.9765 6.04147 600 0 2331 7 14 6.15602e-05 1.85329e-05 0 0 0.815438 0.578844 0 0
359.243 402.083 2.6475 4.9765 6.04147 600 0 2293 7 14 4.85538e-05 1.25008e-05 0 0 0.67467 0.738119 0 0
351.95 396.086 2.6475 4.9765 6.04147 600 0 2255 7 14 4.9654e-05 2.22619e-05 0 0 0.706235 0.707978 0 0
344.762 389.964 2.6475 4.9765 6.04147 600 0 2217 7 14 3.34178e-05 1.71613e-05 0 0 0.560145 0.828395 0 0
337.642 383.767 2.6475 4.9765 6.04147 600 0 2179 7 14 3.6322e-05 2.78812e-05 0 0 0.600054 0.79996 0 0
330.546 377.543 2.6475 4.9765 6.04147 600 0 2141 7 14 2.04314e-05 2.22515e-05 0 0 0.577553 0.816353 0 0
323.422 371.352 2.6475 4.9765 6.04147 600 0 2103 7 14 2.32597e-05 3.37485e-05 0 0 0.676057 0.73685 0 0
316.207 365.268 2.6475 4.9765 6.04147 600 0 2065 7 14 7.85654e-06 3.04386e-05 0 0 0.584427 0.811447 0 0
308.827 359.388 2.6475 4.9765 6.04147 600 0 2027 7 14 9.93e-06 4.15378e-05 0 0 0.622169 0.782883 0 0
301.206 353.824 2.6475 4.9765 6.04147 600 0 1989 7 14 -2.88663e-06 4.04901e-05 0 0 0.681216 0.732083 0 0
293.281 348.704 2.6475 4.9765 6.04147 600 0 1951 7 14 -4.19094e-07 4.85795e-05 0 0 0.722432 0.691442 0 0
285.014 344.159 2.6475 4.9765 6.04147 600 0 1913 7 14 -8.74464e-06 4.77733e-05 0 0 0.729937 0.683514 0 0
276.404 340.302 2.6475 4.9765 6.04147 600 0 1461 7 15 -5.21123e-06 5.03025e-05 0 0 0.976571 0.215195 0 0
267.491 337.21 2.6475 4.9765 6.04147 600 0 1423 7 14 -9.16049e-06 4.70508e-05 0 0 0.994331 0.106329 0 0
258.344 334.903 2.6475 4.9765 6.04147 600 0 1385 7 14 -5.71714e-06 4.36819e-05 0 0 0.971961 0.235143 0 0
249.04 333.339 2.6475 4.9765 6.04147 600 0 1347 7 14 -7.40886e-06 3.76878e-05 0 0 0.990796 0.13536 0 0
239.65 332.433 2.6475 4.9765 6.04147 600 0 1309 7 14 -5.39165e-06 3.1709e-05 0 0 0.985847 0.167646 0 0
230.223 332.077 2.6475 4.9765 6.04147 600 0 1271 7 14 -6.43722e-06 2.5686e-05 0 0 0.995638 0.0933051 0 0
220.789 332.162 2.6475 4.9765 6.04147 600 0 1233 7 14 -5.53743e-06 2.05949e-05 0 0 0.990535 0.137261 0 0
211.365 332.591 2.6475 4.9765 6.04147 600 0 1195 7 14 -6.19395e-06 1.66132e-05 0 0 0.996746 0.08061 0 0
201.957 333.291 2.6475 4.9765 6.04147 600 0 1157 7 14 -5.49733e-06 1.36981e-05 0 0 0.994267 0.106927 0 0
192.567 334.207 2.6475 4.9765 6.04147 600 0 1119 7 14 -5.84092e-06 1.18942e-05 0 0 0.981891 0.189446 0 0
183.196 335.305 2.6475 4.9765 6.04147 600 0 1081 7 14 -4.64706e-06 1.08087e-05 0 0 0.999131 0.0416753 0 0
173.846 336.565 2.6475 4.9765 6.04147 600 0 1043 7 14 -5.15046e-06 1.06254e-05 0 0 0.970396 0.24152 0 0
164.518 337.979 2.6475 4.9765 6.04147 600 0 1005 7 14 -2.67367e-06 1.03861e-05 0 0 0.988495 0.15125 0 0
155.214 339.547 2.6475 4.9765 6.04147 600 0 967 7 14 -4.60591e-06 1.1444e-05 0 0 0.995771 0.0918698 0 0
145.938 341.277 2.6475 4.9765 6.04147 600 0 929 7 14 1.29864e-06 1.22326e-05 0 0 0.993888 0.110391 0 0
136.7 343.193 2.6475 4.9765 6.04147 600 0 891 7 14 -3.79371e-06 2.28144e-05 0 0 0.997327 -0.0730724 0 0
127.534 345.432 2.6475 4.9765 6.04147 600 0 853 7 14 5.91162e-06 1.39975e-06 0 0 0.991363 0.131148 0 0
121.027 338.619 2.6475 4.9765 6.04147 600 0 815 7 14 -1.75349e-06 -3.93031e-06 0 0 0.999735 -0.0230255 0 0
118.364 347.656 2.6475 4.9765 6.04147 600 0 777 7 14 -1.17594e-05 1.26978e-06 0 0 0.997964 -0.0637828 0 0
111.87 340.832 2.6475 4.9765 6.04147 600 0 739 7 14 -1.81458e-07 3.39982e-07 0 0 0.986161 -0.165792 0 0
109.191 349.863 2.6475 4.9765 6.04147 0.1 0 0 7 15 3.51612e-06 -5.13988e-06 0 0 5.13135e-310 1.10671e-321 0 0
100 352 2.6475 4.9765 6.04147 0.1 0 0 7 7 0.000602302 -0.0268136 0 0 1.63042e-322 5.13135e-310 0 0
100 361 2.6475 4.9765 6.04147 0.1 0 0 7 7 -0 -0 0 0 0 3.87901e-311 0 0
100 370 2.6475 4.9765 6.04147 0.1 0 0 7 7 -0 -0 0 0 1.58101e-322 5.13021e-310 0 0
100 379 2.6475 4.9765 6.04147 0.1 0 0 7 7 -0 -0 0 0 5.13135e-310 1.58101e-322 0 0
100 388 2.6475 4.9765 6.04147 0.1 0 0 7 7 -0 -0 0 0 1.58101e-322 5.13021e-310 0 0
100 397 2.6475 4.9765 6.04147 0.1 0 0 7 7 -0 -0 0 0 1.05977e-320 0 0 0
100 406 2.6475 4.9765 6.04147 0.1 0 0 7 7 -0 -0 0 0 1.58101e-322 5.13021e-310 0 0
100 415 2.6475 4.9765 6.04147 0.1 0 0 7 7 -0 -0 0 0 5.13135e-310 1.26481e-321 0 0
100 424 2.6475 4.9765 6.04147 0.1 0 0 7 7 -0 -0 0 0 3.16202e-322 5.13021e-310 0 0
100 433 2.6475 4.9765 6.04147 0.1 0 0 7 7 -0 -0 0 0 6.83753e-310 6.32404e-322 0 0
100 442 2.6475 4.9765 6.04147 0.1 0 0 7 7 -0 -0 0 0 7.63918e-312 8.78506e-312 0 0
100 451 2.6475 4.9765 6.04147 0.1 0 0 7 7 -0 -0 0 0 1.63042e-322 5.13135e-310 0 0
100 460 2.6475 4.9765 6.04147 0.1 0 0 7 7 -0 -0 0 0 6.83753e-310 0 0 0
100 469 2.6475 4.9765 6.04147 0.1 0 0 7 7 -0 -0 0 0 1.58101e-322 5.13021e-310 0 0
100 478 2.6475 4.9765 6.04147 0.1 0 0 7 7 -0 -0 0 0 5.13135e-310 3.32012e-321 0 0
100 487 2.6475 4.9765 6.04147 0.1 0 0 7 7 -0 -0 0 0 3.16202e-322 5.13021e-310 0 0
100 496 2.6475 4.9765 6.04147 0.1 0 0 7 7 -0 -0 0 0 6.83753e-310 0 0 0
100 505 2.6475 4.9765 6.04147 0.1 0 0 7 7 -0 -0 0 0 3.11261e-321 5.13135e-310 0 0
100 514 2.6475 4.9765 6.04147 0.1 0 0 7 7 -0 -0 0 0 5.13135e-310 1.58101e-322 0 0
100 523 2.6475 4.9765 6.04147 0.1 0 0 7 7 -0 -0 0 0 3.21143e-322 5.13135e-310 0 0
100 532 2.6475 4.9765 6.04147 0.1 0 0 7 7 -0 -0 0 0 5.13135e-310 0 0 0
100 541 2.6475 4.9765 6.04147 0.1 0 0 7 7 -0 -0 0 0 1.58101e-322 5.13021e-310 0 0
100 550 2.6475 4.9765 6.04147 0.1 0 0 7 7 -0 -0 0 0 0 1.41749e-311 0 0
100 559 2.6475 4.9765 6.04147 0.1 0 0 7 7 -0 -0 0 0 3.24601e-321 5.13135e-310 0 0
100 568 2.6475 4.9765 6.04147 0.1 0 0 7 7 -0 -0 0 0 5.13135e-310 0 0 0
100 577 2.6475 4.9765 6.04147 0.1 0 0 7 7 -0 -0 0 0 3.21143e-322 5.13135e-310 0 0
100 586 2.6475 4.9765 6.04147 0.1 0 0 7 7 -0 -0 0 0 5.13135e-310 3.16202e-322 0 0
100 595 2.6475 4.9765 6.04147 0.1 0 0 7 7 -0 -0 0 0 3.32506e-321 5.13135e-310 0 0
100 604 2.6475 4.9765 6.04147 0.1 0 0 7 7 -0 -0 0 0 5.13135e-310 0 0 0
100 613 2.6475 4.9765 6.04147 0.1 0 0 7 7 -0 -0 0 0 1.58101e-322 5.13021e-310 0 0
100 622 2.6475 4.9765 6.04147 0.1 0 0 7 7 -0 -0 0 0 1.26471e-311 1.45993e-311 0 0
100 631 2.6475 4.9765 6.04147 0.1 0 0 7 7 -0 -0 0 0 5.13135e-310 5.13135e-310 0 0
100 640 2.6475 4.9765 6.04147 0.1 0 0 7 7 -0 -0 0 0 5.13135e-310 5.13135e-310 0 0
100 649 2.6475 4.9765 6.04147 0.1 0 0 7 7 -0 -0 0 0 5.13135e-310 5.13135e-310 0 0
100 658 2.6475 4.9765 6.04147 0.1 0 0 7 7 0.000189441 0.0267346 0 0 5.13135e-310 5.13135e-310 0 0
108.971 660.891 2.6475 4.9765 6.04147 0.1 0 0 7 15 -6.2915e-06 -5.68582e-06 0 0 5.13135e-310 5.13135e-310 0 0
117.994 663.618 2.6475 4.9765 6.04147 600 0 826 7 13 1.34588e-05 -3.47496e-06 0 0 0.990829 0.135122 0 0
127.107 666.022 2.6475 4.9765 6.04147 600 0 826 7 13 -2.35299e-05 -1.5488e-05 0 0 0.997261 0.0739611 0 0
136.331 667.962 2.6475 4.9765 6.04147 600 0 864 7 13 3.41988e-05 -6.19488e-06 0 0 0.999953 0.00965751 0 0
145.657 669.321 2.6475 4.9765 6.04147 600 0 902 7 13 -5.54073e-05 -1.88198e-05 0 0 0.998407 0.0564226 0 0
155.057 670.025 2.6475 4.9765 6.04147 600 0 940 7 15 7.25194e-05 -1.08022e-05 0 0 0.999923 -0.0123775 0 0
164.48 670.049 2.6475 4.9765 6.04147 600 0 1397 7 13 -0.00011339 -8.04768e-06 0 0 0.996705 -0.0811164 0 0
173.887 669.416 2.6475 4.9765 6.04147 600 0 1435 7 13 0.000142743 -2.58924e-05 0 0 0.925821 -0.377963 0 0
183.227 668.188 2.6475 4.9765 6.04147 600 0 1473 7 13 -0.000212031 2.55363e-05 0 0 0.911566 -0.411153 0 0
192.496 666.449 2.6475 4.9765 6.04147 600 0 1511 7 13 0.00026278 -6.35248e-05 0 0 0.841158 -0.54079 0 0
201.664 664.301 2.6475 4.9765 6.04147 600 0 1549 7 13 -0.000371231 8.94389e-05 0 0 0.775773 -0.631012 0 0
210.771 661.833 2.6475 4.9765 6.04147 600 0 1587 7 13 0.000454666 -0.000133659 0 0 0.833407 -0.55266 0 0
219.788 659.146 2.6475 4.9765 6.04147 600 0 1625 7 13 -0.000615326 0.000187399 0 0 0.789604 -0.613617 0 0
228.792 656.302 2.6475 4.9765 6.04147 600 0 1663 7 13 0.000742682 -0.00023989 0 0 0.844005 -0.536336 0 0
237.728 653.388 2.6475 4.9765 6.04147 600 0 1701 7 13 -0.000964876 0.000316592 0 0 0.796345 -0.604842 0 0
246.704 650.423 2.6475 4.9765 6.04147 600 0 1739 7 13 0.00114332 -0.000377558 0 0 0.85954 -0.511069 0 0
255.617 647.48 2.6475 4.9765 6.04147 600 0 1777 7 13 -0.00142028 0.000466654 0 0 0.822497 -0.568769 0 0
264.613 644.538 2.6475 4.9765 6.04147 600 0 1815 7 13 0.0016462 -0.000534163 0 0 0.833765 -0.55212 0 0
273.533 641.662 2.6475 4.9765 6.04147 600 0 1853 7 13 -0.00194454 0.000621758 0 0 0.819656 -0.572856 0 0
282.569 638.794 2.6475 4.9765 6.04147 600 0 1891 7 13 0.00219512 -0.000690722 0 0 0.897046 -0.441937 0 0
291.5 636.005 2.6475 4.9765 6.04147 600 0 1929 7 13 -0.00246003 0.000762437 0 0 0.864677 -0.502328 0 0
300.574 633.212 2.6475 4.9765 6.04147 600 0 1967 7 13 0.00268872 -0.000821621 0 0 0.908979 -0.416841 0 0
309.516 630.498 2.6475 4.9765 6.04147 600 0 2005 7 13 -0.00286615 0.000864428 0 0 0.87024 -0.492628 0 0
318.62 627.769 2.6475 4.9765 6.04147 600 0 2043 7 13 0.00301025 -0.00089679 0 0 0.9022 -0.431319 0 0
327.574 625.117 2.6475 4.9765 6.04147 600 0 2081 7 13 -0.00306462 0.000903543 0 0 0.826902 -0.562347 0 0
336.697 622.44 2.6475 4.9765 6.04147 600 0 2119 7 13 0.00306294 -0.000896542 0 0 0.886326 -0.463063 0 0
345.662 619.822 2.6475 4.9765 6.04147 600 0 2157 7 13 -0.00297655 0.00086871 0 0 0.836903 -0.547351 0 0
354.785 617.161 2.6475 4.9765 6.04147 600 0 2195 7 13 0.0027922 -0.0008131 0 0 0.878989 -0.476842 0 0
363.761 614.552 2.6475 4.9765 6.04147 600 0 2233 7 13 -0.0025613 0.000737442 0 0 0.842931 -0.538022 0 0
372.886 611.953 2.6475 4.9765 6.04147 600 0 2271 7 13 0.00220418 -0.000614233 0 0 0.927923 -0.372773 0 0
381.925 609.501 2.6475 4.9765 6.04147 600 0 2309 7 13 -0.00183107 0.000475004 0 0 0.905243 -0.424893 0 0
391.117 607.247 2.6475 4.9765 6.04147 600 0 2347 7 13 0.0013424 -0.000345036 0 0 0.879657 -0.475608 0 0
400.168 604.743 2.6475 4.9765 6.04147 600 0 2385 7 13 -0.000836834 0.000136613 0 0 0.861687 -0.50744 0 0
409.604 604.873 2.6475 4.9765 6.04147 600 0 2423 7 13 0.000424019 -0.000127986 0 0 0.863174 -0.504907 0 0
415.22 597.312 2.6475 4.9765 6.04147 600 0 2461 7 13 0.000441932 0.000342134 0 0 0.929245 -0.369463 0 0
424.021 600.714 2.6475 4.9765 6.04147 600 0 2499 9 13 0.000697781 -0.000142856 0 0 0.942735 -0.333542 0 0
433.052 603.511 2.6475 4.9765 6.04147 600 0 1103 8 10 0.00064279 -9.38705e-05 0 0 0.942735 -0.333542 0 0
427.379 611.064 2.6475 4.9765 6.04147 600 0 2499 9 14 0.000593216 -0.00014888 0 0 0.983254 -0.182241 0 0
423.488 619.653 2.6475 4.9765 6.04147 600 0 2461 7 14 -6.35944e-05 -0.000436367 0 0 0.983914 -0.178642 0 0
414.828 615.931 2.6475 4.9765 6.04147 600 0 2423 7 14 -0.00032333 0.000213418 0 0 0.988031 -0.154257 0 0
405.616 617.961 2.6475 4.9765 6.04147 600 0 2385 7 14 -0.000296222 0.00018071 0 0 0.97415 -0.225902 0 0
396.725 621.135 2.6475 4.9765 6.04147 600 0 2347 7 14 -0.000394689 -0.000311249 0 0 0.998858 -0.0477771 0 0
387.276 621.068 2.6475 4.9765 6.04147 600 0 2309 7 14 -0.000339361 0.000674353 0 0 0.990633 -0.136548 0 0
378.555 624.735 2.6475 4.9765 6.04147 600 0 2271 7 14 -0.00046385 5.01592e-05 0 0 0.999783 -0.0208379 0 0
369.615 627.867 2.6475 4.9765 6.04147 600 0 2233 7 14 -0.000392978 -2.86513e-05 0 0 0.993723 -0.111873 0 0
360.491 630.441 2.6475 4.9765 6.04147 600 0 2195 7 14 -0.000190632 8.01287e-06 0 0 0.970775 -0.239992 0 0
351.319 632.869 2.6475 4.9765 6.04147 600 0 2157 7 14 -0.000119089 0.000100724 0 0 0.997996 -0.0632701 0 0
342.205 635.508 2.6475 4.9765 6.04147 600 0 2119 7 14 0.000143076 -3.51888e-05 0 0 0.989303 -0.145876 0 0
333.094 638.17 2.6475 4.9765 6.04147 600 0 2081 7 14 -3.01606e-05 2.56354e-05 0 0 0.996445 -0.0842405 0 0
324.014 640.881 2.6475 4.9765 6.04147 600 0 2043 7 14 0.000669076 -0.000183976 0 0 0.987139 -0.159863 0 0
314.942 643.663 2.6475 4.9765 6.04147 600 0 2005 7 14 -0.000200549 5.10248e-05 0 0 0.976527 -0.215397 0 0
305.91 646.389 2.6475 4.9765 6.04147 600 0 1967 7 14 0.00190465 -0.000577325 0 0 0.993953 -0.109808 0 0
296.794 649.049 2.6475 4.9765 6.04147 600 0 1929 7 14 -0.0015172 0.000440531 0 0 0.987688 -0.156437 0 0
287.821 651.656 2.6475 4.9765 6.04147 600 0 1891 7 14 0.00454545 -0.00135073 0 0 0.987978 -0.154592 0 0
278.621 654.428 2.6475 4.9765 6.04147 600 0 1853 7 14 -0.00796094 0.0024317 0 0 0.947232 -0.320549 0 0
269.978 657.084 2.6475 4.9765 6.04147 600 0 1815 7 14 0.0184858 -0.00585699 0 0 0.938375 -0.345619 0 0
260.465 660.136 2.6475 4.9765 6.04147 600 0 1777 7 14 -0.0222622 0.00740514 0 0 0.977753 -0.20976 0 0
252.183 663.04 2.6475 4.9765 6.04147 600 0 1739 7 14 0.0324527 -0.0118548 0 0 0.957156 -0.289572 0 0
242.506 666.631 2.6475 4.9765 6.04147 600 0 1701 7 14 -0.0310651 0.0118028 0 0 0.971313 -0.237804 0 0
234.08 670.086 2.6475 4.9765 6.04147 600 0 1663 7 14 0.0155813 -0.0064085 0 0 0.940657 -0.339359 0 0
224.951 673.873 2.6475 4.9765 6.04147 600 0 1625 7 14 -0.0147184 0.00641067 0 0 0.956728 -0.290983 0 0
216.684 677.701 2.6475 4.9765 6.04147 600 0 1587 7 14 0.0113398 -0.00471894 0 0 0.916902 -0.399112 0 0
207.575 680.919 2.6475 4.9765 6.04147 600 0 1549 7 14 -0.00513523 0.00212628 0 0 0.939873 -0.341525 0 0
200.972 687.508 2.6475 4.9765 6.04147 600 0 1511 7 14 0.000315109 -0.00047892 0 0 0.883377 -0.468663 0 0
191.512 688.667 2.6475 4.9765 6.04147 600 0 1473 7 14 -0.00464889 0.00415083 0 0 0.925062 -0.379816 0 0
184.135 695.467 2.6475 4.9765 6.04147 600 0 1435 7 14 0.00552685 -0.00422669 0 0 0.945955 -0.324298 0 0
193.277 697.92 2.6475 4.9765 6.04147 600 0 1092 7 15 0.00519506 0.00261273 0 0 0.998379 -0.0569118 0 0
201.912 701.667 2.6475 4.9765 6.04147 600 0 1130 7 13 -0.00410728 -0.00191093 0 0 0.999949 0.0100708 0 0
210.85 704.937 2.6475 4.9765 6.04147 600 0 1168 7 13 -0.00177574 -0.000648037 0 0 0.998769 -0.0496129 0 0
219.866 707.87 2.6475 4.9765 6.04147 600 0 1206 7 13 0.00119112 0.000359553 0 0 0.98563 -0.16892 0 0
228.856 710.584 2.6475 4.9765 6.04147 600 0 1244 7 13 -0.00181077 -0.00054077 0 0 0.997031 0.0770073 0 0
237.949 713.243 2.6475 4.9765 6.04147 600 0 1282 7 13 0.00155185 0.000453744 0 0 0.999974 -0.00714572 0 0
246.963 715.878 2.6475 4.9765 6.04147 600 0 1320 7 13 -0.00107969 -0.00031639 0 0 0.996404 -0.0847254 0 0
256.027 718.576 2.6475 4.9765 6.04147 600 0 1358 7 13 0.000918845 0.000279635 0 0 0.990483 -0.137639 0 0
265.027 721.326 2.6475 4.9765 6.04147 600 0 1396 7 13 -0.000571772 -0.00017298 0 0 0.984135 0.17742 0 0
274.038 724.161 2.6475 4.9765 6.04147 600 0 1434 7 13 0.000496861 0.000162312 0 0 0.99787 -0.0652264 0 0
283.005 727.059 2.6475 4.9765 6.04147 600 0 1472 7 13 -0.00026541 -8.24538e-05 0 0 0.995014 -0.0997389 0 0
291.968 730.026 2.6475 4.9765 6.04147 600 0 1510 7 13 0.000252336 8.79658e-05 0 0 0.979216 -0.202821 0 0
300.904 733.041 2.6475 4.9765 6.04147 600 0 1548 7 13 -0.000101053 -3.11565e-05 0 0 0.994044 -0.108981 0 0
309.835 736.101 2.6475 4.9765 6.04147 600 0 1586 7 13 0.000127176 4.58021e-05 0 0 0.982917 -0.184051 0 0
318.753 739.184 2.6475 4.9765 6.04147 600 0 1624 7 13 -2.1306e-05 -7.40697e-06 0 0 0.998868 -0.0475756 0 0
327.675 742.267 2.6475 4.9765 6.04147 600 0 1662 7 13 7.16485e-05 2.01964e-05 0 0 0.995445 -0.0953344 0 0
336.612 745.303 2.6475 4.9765 6.04147 600 0 1700 7 13 1.70005e-05 -6.58627e-06 0 0 0.988871 -0.148775 0 0
345.594 748.21 2.6475 4.9765 6.04147 600 0 1738 7 13 5.50885e-05 -8.79687e-06 0 0 0.996222 -0.0868473 0 0
354.658 750.853 2.6475 4.9765 6.04147 600 0 1776 7 13 4.13192e-05 -3.45217e-05 0 0 0.98584 -0.167691 0 0
363.843 753.041 2.6475 4.9765 6.04147 600 0 1814 7 13 6.00276e-05 -6.14022e-05 0 0 0.964253 -0.264982 0 0
373.172 754.506 2.6475 4.9765 6.04147 600 0 1852 7 13 6.02122e-05 -9.826e-05 0 0 0.997734 -0.0672873 0 0
382.606 754.963 2.6475 4.9765 6.04147 600 0 1890 7 15 6.68647e-05 -0.00015454 0 0 0.985899 -0.16734 0 0
392.005 754.019 2.6475 4.9765 6.04147 600 0 2404 7 13 6.42378e-05 -0.000175521 0 0 0.850379 -0.526171 0 0
401.17 751.719 2.6475 4.9765 6.04147 600 0 2442 7 13 4.77182e-05 -0.000248485 0 0 0.788951 -0.614456 0 0
409.782 747.824 2.6475 4.9765 6.04147 600 0 2480 9 13 0.000129428 -7.01172e-05 0 0 0.775468 -0.631387 0 0
419.08 746.077 2.6475 4.9765 6.04147 600 0 96 8 10 0.000110824 -0.000174357 0 0 0.801715 -0.597706 0 0
417.591 755.395 2.6475 4.9765 6.04147 600 0 2480 9 14 0.000217905 -0.000158024 0 0 0.776925 -0.629593 0 0
410.904 762.041 2.6475 4.9765 6.04147 600 0 2442 7 14 0.000237438 -0.000139308 0 0 0.847775 -0.530356 0 0
416.864 769.339 2.6475 4.9765 6.04147 600 0 2042 7 15 4.97816e-05 1.3719e-05 0 0 0.973877 -0.227077 0 0
424.518 774.835 2.6475 4.9765 6.04147 600 0 2080 7 13 5.36157e-05 -1.36669e-05 0 0 0.977614 -0.210409 0 0
433.377 778.052 2.6475 4.9765 6.04147 600 0 2118 7 13 4.71578e-05 5.2401e-06 0 0 0.96389 -0.266302 0 0
442.4 780.777 2.6475 4.9765 6.04147 600 0 2156 7 13 2.12697e-05 -2.9022e-06 0 0 0.936348 -0.351072 0 0
451.525 783.137 2.6475 4.9765 6.04147 600 0 2194 7 13 2.67605e-05 -3.31783e-06 0 0 0.962447 -0.271468 0 0
460.738 785.131 2.6475 4.9765 6.04147 600 0 2232 7 13 -1.25528e-05 -1.03974e-05 0 0 0.931462 -0.363837 0 0
470.011 786.826 2.6475 4.9765 6.04147 600 0 2270 7 13 1.01634e-05 -3.76715e-05 0 0 0.921779 -0.387717 0 0
479.435 786.998 2.6475 4.9765 6.04147 600 0 2308 7 13 -4.32192e-05 3.82922e-05 0 0 0.970122 -0.242619 0 0
488.285 783.76 2.6475 4.9765 6.04147 600 0 2346 7 13 -5.12504e-05 -5.11507e-05 0 0 0.943801 -0.330516 0 0
486.669 793.038 2.6475 4.9765 6.04147 600 0 2384 7 13 3.57952e-05 -2.14899e-05 0 0 0.925642 -0.3784 0 0
495.518 789.797 2.6475 4.9765 6.04147 600 0 2422 7 13 -9.6446e-06 -0.000115472 0 0 0.990208 -0.1396 0 0
502.714 783.708 2.6475 4.9765 6.04147 600 0 2460 7 13 0.000425502 0.000391775 0 0 0.913223 -0.40746 0 0
511.441 787.296 2.6475 4.9765 6.04147 600 0 2498 9 13 0.000650484 -0.000160372 0 0 0.899034 -0.437879 0 0
520.451 790.165 2.6475 4.9765 6.04147 0.1 0 1712 8 10 0.000624101 -7.42921e-05 0 0 0.945691 -0.325068 0 0
514.718 797.673 2.6475 4.9765 6.04147 600 0 2498 9 14 0.00053883 -0.000138021 0 0 0.994085 -0.108601 0 0
509.862 805.758 2.6475 4.9765 6.04147 600 0 2460 7 14 0.000121389 -0.000389378 0 0 0.997624 -0.068899 0 0
500.676 803.656 2.6475 4.9765 6.04147 600 0 2422 7 14 2.22737e-05 4.13215e-05 0 0 0.978596 0.205789 0 0
491.525 805.903 2.6475 4.9765 6.04147 600 0 2384 7 14 8.27228e-06 -1.62202e-05 0 0 0.989442 0.144932 0 0
482.109 806.247 2.6475 4.9765 6.04147 600 0 2346 7 14 7.22707e-06 -4.7494e-05 0 0 0.965245 0.261349 0 0
474.542 800.633 2.6475 4.9765 6.04147 600 0 2308 7 14 -7.38092e-05 6.3002e-05 0 0 0.987694 0.1564 0 0
465.2 801.881 2.6475 4.9765 6.04147 600 0 2270 7 14 -9.13552e-05 -7.81215e-05 0 0 0.960011 0.279963 0 0
456.091 799.456 2.6475 4.9765 6.04147 600 0 2232 7 14 -0.000105692 -1.10132e-05 0 0 0.974841 0.222901 0 0
446.872 797.477 2.6475 4.9765 6.04147 600 0 2194 7 14 -9.55095e-05 -3.87029e-05 0 0 0.985274 0.170985 0 0
437.739 795.128 2.6475 4.9765 6.04147 600 0 2156 7 14 -9.0764e-05 -2.7631e-05 0 0 0.967263 0.253775 0 0
428.621 792.707 2.6475 4.9765 6.04147 600 0 2118 7 14 -8.19515e-05 -3.1149e-05 0 0 0.981279 0.192593 0 0
419.538 790.153 2.6475 4.9765 6.04147 600 0 2080 7 14 -6.92752e-05 -3.12186e-05 0 0 0.947777 0.318935 0 0
410.496 787.452 2.6475 4.9765 6.04147 600 0 2042 7 14 -5.75618e-05 -3.15316e-05 0 0 0.971715 0.236158 0 0
401.502 784.587 2.6475 4.9765 6.04147 600 0 2004 7 14 -3.93857e-05 -2.87712e-05 0 0 0.909604 0.415475 0 0
392.564 781.552 2.6475 4.9765 6.04147 600 0 1966 7 14 -2.64445e-05 -2.48831e-05 0 0 0.939687 0.342034 0 0
383.68 778.356 2.6475 4.9765 6.04147 600 0 1928 7 14 -3.41669e-06 -1.41221e-05 0 0 0.949274 0.314451 0 0
374.843 775.034 2.6475 4.9765 6.04147 600 0 1890 7 14 7.11795e-06 -6.25376e-06 0 0 0.90692 0.421302 0 0
366.04 771.625 2.6475 4.9765 6.04147 600 0 1852 7 14 3.60563e-05 1.21357e-05 0 0 0.945027 0.326991 0 0
357.244 768.198 2.6475 4.9765 6.04147 600 0 1814 7 14 3.98999e-05 1.83441e-05 0 0 0.946755 0.321955 0 0
348.438 764.801 2.6475 4.9765 6.04147 600 0 1776 7 14 7.8166e-05 3.89114e-05 0 0 0.96672 0.255835 0 0
339.593 761.512 2.6475 4.9765 6.04147 600 0 1738 7 14 6.89864e-05 3.87322e-05 0 0 0.973398 0.229119 0 0
330.685 758.405 2.6475 4.9765 6.04147 600 0 1700 7 14 0.000119874 5.3153e-05 0 0 0.862419 0.506196 0 0
321.71 755.503 2.6475 4.9765 6.04147 600 0 1662 7 14 8.31283e-05 7.34145e-05 0 0 0.837876 0.54586 0 0
312.456 753.697 2.6475 4.9765 6.04147 600 0 1624 7 14 0.000154785 1.24397e-05 0 0 0.889214 0.457491 0 0
303.379 751.153 2.6475 4.9765 6.04147 600 0 1586 7 15 8.51369e-05 8.98986e-05 0 0 0.908854 0.417115 0 0
293.957 751.073 2.6475 4.9765 6.04147 600 0 1929 7 13 0.000131097 4.95627e-05 0 0 0.942313 0.334734 0 0
298.599 759.271 2.6475 4.9765 6.04147 600 0 1967 7 13 7.02208e-05 4.03337e-05 0 0 0.76879 0.639501 0 0
303.72 767.183 2.6475 4.9765 6.04147 600 0 2005 7 13 2.85591e-05 8.27866e-05 0 0 0.599819 0.800136 0 0
308.101 775.529 2.6475 4.9765 6.04147 600 0 2043 7 13 5.55016e-05 5.61605e-05 0 0 0.543385 0.839484 0 0
313.096 783.525 2.6475 4.9765 6.04147 600 0 2081 7 13 -1.04804e-05 3.90011e-05 0 0 0.645857 0.763458 0 0
317.371 791.929 2.6475 4.9765 6.04147 600 0 2119 7 13 9.08091e-05 2.63088e-05 0 0 0.68128 0.732023 0 0
323.008 799.487 2.6475 4.9765 6.04147 600 0 2157 7 13 -7.93665e-06 -2.57942e-05 0 0 0.72361 0.690209 0 0
328.826 806.91 2.6475 4.9765 6.04147 600 0 2195 7 13 2.24597e-05 4.23827e-05 0 0 0.797442 0.603396 0 0
334.495 814.444 2.6475 4.9765 6.04147 600 0 2233 7 13 -3.74452e-05 -7.61374e-05 0 0 0.696654 0.717407 0 0
340.504 821.712 2.6475 4.9765 6.04147 600 0 2271 7 13 5.10069e-06 8.11761e-06 0 0 0.841238 0.540665 0 0
346.486 828.998 2.6475 4.9765 6.04147 600 0 2309 7 13 -8.62189e-05 -8.26986e-05 0 0 0.818759 0.574137 0 0
352.022 836.629 2.6475 4.9765 6.04147 600 0 2347 7 13 -1.36705e-07 -4.15194e-05 0 0 0.86377 0.503887 0 0
358.422 843.548 2.6475 4.9765 6.04147 600 0 2385 7 13 -8.48562e-05 -8.279e-05 0 0 0.857966 0.513707 0 0
364.319 850.898 2.6475 4.9765 6.04147 600 0 2423 7 13 -3.785e-05 -6.42899e-05 0 0 0.86411 0.503302 0 0
373.575 852.653 2.6475 4.9765 6.04147 600 0 2461 7 13 -0.000165599 0.000495303 0 0 0.89351 0.449042 0 0
370.875 861.692 2.6475 4.9765 6.04147 600 0 2499 9 13 0.000308597 0.000641527 0 0 0.889602 0.456737 0 0
372.185 871.049 2.6475 4.9765 6.04147 600 0 609 8 10 0.000467685 0.000603842 0 0 0.767019 0.641624 0 0
362.895 869.326 2.6475 4.9765 6.04147 600 0 2499 9 14 0.000637175 -1.2411e-05 0 0 0.691506 0.722371 0 0
354.202 865.653 2.6475 4.9765 6.04147 600 0 2461 7 14 0.000525248 -1.48739e-05 0 0 0.531016 0.847362 0 0
353.457 856.263 2.6475 4.9765 6.04147 600 0 2423 7 14 0.000213539 0.000371958 0 0 0.585636 0.810574 0 0
345.563 851.093 2.6475 4.9765 6.04147 600 0 2385 7 14 -0.000524413 -0.000550757 0 0 0.563584 0.826059 0 0
339.79 843.68 2.6475 4.9765 6.04147 600 0 2347 7 14 0.000756168 0.000943587 0 0 0.609518 0.792772 0 0
333.793 836.362 2.6475 4.9765 6.04147 600 0 2309 7 14 -0.0010383 -0.00130359 0 0 0.421712 0.90673 0 0
328.022 828.974 2.6475 4.9765 6.04147 600 0 2271 7 14 0.00119677 0.00154715 0 0 0.447227 0.89442 0 0
322.259 821.447 2.6475 4.9765 6.04147 600 0 2233 7 14 -0.00136323 -0.00179642 0 0 0.639354 0.768912 0 0
316.623 813.971 2.6475 4.9765 6.04147 600 0 2195 7 14 0.00143554 0.00191531 0 0 0.471963 0.881618 0 0
310.956 806.359 2.6475 4.9765 6.04147 600 0 2157 7 14 -0.0014874 -0.00200606 0 0 0.532661 0.846329 0 0
305.393 798.832 2.6475 4.9765 6.04147 600 0 2119 7 14 0.00148312 0.00200323 0 0 0.324678 0.945825 0 0
299.738 791.211 2.6475 4.9765 6.04147 600 0 2081 7 14 -0.00145677 -0.00194038 0 0 0.429063 0.903274 0 0
294.082 783.75 2.6475 4.9765 6.04147 600 0 2043 7 14 0.00140033 0.00181408 0 0 0.312228 0.950007 0 0
288.196 776.313 2.6475 4.9765 6.04147 600 0 2005 7 14 -0.00134397 -0.00163707 0 0 0.314821 0.949151 0 0
282.143 769.159 2.6475 4.9765 6.04147 600 0 1967 7 14 0.00124132 0.00141715 0 0 0.377866 0.92586 0 0
275.709 762.206 2.6475 4.9765 6.04147 600 0 1929 7 14 -0.00117693 -0.00119478 0 0 0.693925 0.720047 0 0
268.966 755.679 2.6475 4.9765 6.04147 600 0 1891 7 14 0.00102175 0.000949775 0 0 0.690209 0.72361 0 0
261.765 749.543 2.6475 4.9765 6.04147 600 0 1434 7 15 -0.000956546 -0.000745932 0 0 0.895761 0.444537 0 0
254.211 743.952 2.6475 4.9765 6.04147 600 0 1396 7 14 0.000761901 0.000549226 0 0 0.946526 0.322626 0 0
246.242 738.873 2.6475 4.9765 6.04147 600 0 1358 7 14 -0.000704205 -0.000397749 0 0 0.854627 0.519243 0 0
237.984 734.362 2.6475 4.9765 6.04147 600 0 1320 7 14 0.000507178 0.000281214 0 0 0.887379 0.46104 0 0
229.432 730.358 2.6475 4.9765 6.04147 600 0 1282 7 14 -0.000467138 -0.000184708 0 0 0.92413 0.382078 0 0
220.696 726.839 2.6475 4.9765 6.04147 600 0 1244 7 14 0.000301362 0.000133276 0 0 0.839118 0.54395 0 0
211.784 723.731 2.6475 4.9765 6.04147 600 0 1206 7 14 -0.000283646 -7.61924e-05 0 0 0.881974 0.471298 0 0
202.766 720.994 2.6475 4.9765 6.04147 600 0 1168 7 14 0.000160525 6.20425e-05 0 0 0.808302 0.588768 0 0
193.644 718.58 2.6475 4.9765 6.04147 600 0 1130 7 14 -0.000161868 -2.50605e-05 0 0 0.86734 0.497717 0 0
184.454 716.472 2.6475 4.9765 6.04147 600 0 1092 7 14 7.62191e-05 3.20388e-05 0 0 0.9066 0.421991 0 0
175.195 714.663 2.6475 4.9765 6.04147 600 0 1054 7 14 -8.92814e-05 4.52726e-07 0 0 0.943408 0.331635 0 0
165.884 713.166 2.6475 4.9765 6.04147 600 0 1016 7 14 3.15688e-05 2.26864e-05 0 0 0.897755 0.440496 0 0
156.522 712 2.6475 4.9765 6.04147 600 0 978 7 14 -4.87965e-05 1.43536e-05 0 0 0.924162 0.382001 0 0
147.125 711.19 2.6475 4.9765 6.04147 600 0 940 7 14 1.19074e-05 2.18298e-05 0 0 0.941578 0.336795 0 0
137.701 710.752 2.6475 4.9765 6.04147 600 0 902 7 14 -2.74322e-05 2.02892e-05 0 0 0.944046 0.329815 0 0
128.268 710.683 2.6475 4.9765 6.04147 600 0 864 7 14 7.83102e-06 1.78728e-05 0 0 0.975962 0.217942 0 0
118.837 710.925 2.6475 4.9765 6.04147 600 0 826 7 14 -1.91071e-05 7.45544e-06 0 0 0.976031 0.217632 0 0
113.71 703.021 2.6475 4.9765 6.04147 600 0 788 7 14 2.17108e-06 1.19247e-05 0 0 0.999997 -0.00261996 0 0
109.415 711.406 2.6475 4.9765 6.04147 0.1 0 0 7 15 6.76236e-06 1.57355e-06 0 0 5.13135e-310 5.13135e-310 0 0
100 712 2.6475 4.9765 6.04147 0.1 0 0 7 7 0.000552319 -0.0267084 0 0 5.13135e-310 5.13135e-310 0 0
100 721 2.6475 4.9765 6.04147 0.1 0 0 7 7 -0 -0 0 0 5.13135e-310 5.13135e-310 0 0
100 730 2.6475 4.9765 6.04147 0.1 0 0 7 7 -0 -0 0 0 5.13135e-310 5.13135e-310 0 0
100 739 2.6475 4.9765 6.04147 0.1 0 0 7 7 -0 -0 0 0 5.13135e-310 5.13135e-310 0 0
100 748 2.6475 4.9765 6.04147 0.1 0 0 7 7 -0 -0 0 0 5.13135e-310 5.13135e-310 0 0
100 757 2.6475 4.9765 6.04147 0.1 0 0 7 7 -0 -0 0 0 5.13135e-310 5.13135e-310 0 0
100 766 2.6475 4.9765 6.04147 0.1 0 0 7 7 -0 -0 0 0 5.13135e-310 5.13135e-310 0 0
100 775 2.6475 4.9765 6.04147 0.1 0 0 7 7 -0 -0 0 0 5.13135e-310 5.13135e-310 0 0
100 784 2.6475 4.9765 6.04147 0.1 0 0 7 7 -0 -0 0 0 5.13135e-310 5.13135e-310 0 0
100 793 2.6475 4.9765 6.04147 0.1 0 0 7 7 -0 -0 0 0 5.13135e-310 5.13135e-310 0 0
100 802 2.6475 4.9765 6.04147 0.1 0 0 7 7 -0 0.0266735 0 0 5.13135e-310 5.13135e-310 0 0
662.142 366.626 5.295 9.953 12.0829 0 0 2500 16 -1 -0 -0 0 0 -0.0160937 0.99987 24181 -1141620256
562.701 479.696 5.295 9.953 12.0829 0 0 2500 16 -1 -3.7257e-10 7.11534e-11 0 0 0.999517 -0.0310644 24181 -1141616736
512.443 399.389 5.295 9.953 12.0829 0 0 2500 16 -1 -0 -0 0 0 0.813919 0.580979 24181 -1141613216
477.539 625.207 5.295 9.953 12.0829 0 0 2500 16 -1 -0 -0 0 0 0.936063 -0.351832 32222 -1140445024
582.296 567.435 5.295 9.953 12.0829 0 0 2500 16 -1 -0 -0 0 0 0.573557 -0.819166 0 32
573.735 317.016 5.295 9.953 12.0829 0 0 2500 16 -1 -0 -0 0 0 0.831006 0.556264 24176 -1140989536
762.831 396.072 5.295 9.953 12.0829 0 0 2500 16 -1 -0 -0 0 0 -0.333142 0.942877 0 32
714.767 549.456 5.295 9.953 12.0829 0 0 2500 16 -1 1.47603e-10 4.08266e-10 0 0 -0.79373 -0.60827 24176 439
576.407 515.699 5.295 9.953 12.0829 0 0 2500 16 -1 -0 -0 0 0 0.999836 -0.018132 24176 33
624.322 387.128 5.295 9.953 12.0829 0 0 2500 16 -1 -0 -0 0 0 0.0296995 0.999559 32222 -1140457536
