581.028 421.088 5.295 9.953 12.0829 0.1 0 193 3 1 -1.26865e-08 -1.9317e-08 0 0 6.95334e-310 6.95334e-310 0 0
591.955 437.725 5.295 9.953 12.0829 0.1 0 97 3 1 -1.2368e-08 -1.21729e-08 0 0 6.95334e-310 6.95334e-310 0 0
584.508 456.184 5.295 9.953 12.0829 0.1 0 92 3 1 -1.08816e-08 -2.67456e-09 0 0 6.95334e-310 6.95334e-310 0 0
582.255 475.961 5.295 9.953 12.0829 0.1 0 88 3 1 -6.61746e-09 6.10606e-09 0 0 5.13135e-310 3.16202e-322 0 0
622.039 417.352 5.295 9.953 12.0829 0.1 0 109 3 1 -6.81332e-09 -1.32338e-08 0 0 6.95334e-310 6.95334e-310 0 0
611.557 434.273 5.295 9.953 12.0829 0.1 0 77 3 1 -2.8601e-09 -5.57243e-09 0 0 6.95334e-310 6.95334e-310 0 0
607.425 456.225 5.295 9.953 12.0829 0.1 0 54 3 1 -1.14796e-08 -1.22517e-09 0 0 1.63042e-322 5.13135e-310 0 0
641.446 421.778 5.295 9.953 12.0829 0.1 0 92 3 1 -7.86502e-11 -2.17139e-08 0 0 6.95334e-310 6.95334e-310 0 0
650.84 439.326 5.295 9.953 12.0829 0.1 0 71 3 1 1.31786e-08 -2.11642e-08 0 0 6.95334e-310 6.95334e-310 0 0
630.944 438.785 5.295 9.953 12.0829 0.1 0 64 3 1 5.21847e-09 -5.37452e-09 0 0 6.95334e-310 6.95334e-310 0 0
627.217 458.338 5.295 9.953 12.0829 0.1 0 45 3 1 -6.8216e-09 -2.8261e-09 0 0 5.13135e-310 1.58101e-322 0 0
666.163 426.622 5.295 9.953 12.0829 0.1 0 99 3 1 2.05836e-08 -2.28624e-08 0 0 6.95334e-310 6.95334e-310 0 0
670.061 446.142 5.295 9.953 12.0829 0.1 0 63 3 1 1.0027e-08 -1.79166e-08 0 0 9.53547e-322 5.13135e-310 0 0
689.53 450.282 5.295 9.953 12.0829 0.1 0 87 3 1 1.30211e-08 -8.37359e-09 0 0 1.25987e-320 2.05531e-321 0 0
589.937 494.323 5.295 9.953 12.0829 0.1 0 65 3 1 -3.91358e-08 2.79875e-08 0 0 1.63042e-322 5.13135e-310 0 0
612.01 475.731 5.295 9.953 12.0829 0.1 0 42 3 1 -0 -0 0 0 6.95334e-310 6.95334e-310 0 0
628.036 488.312 5.295 9.953 12.0829 0.1 0 35 3 1 -7.20343e-09 1.15255e-08 0 0 5.13135e-310 5.13135e-310 0 0
654.737 458.845 5.295 9.953 12.0829 0.1 0 44 3 1 7.84281e-09 -9.52742e-09 0 0 6.95334e-310 6.95334e-310 0 0
640.713 472.968 5.295 9.953 12.0829 0.1 0 36 3 1 -5.45441e-10 1.98211e-11 0 0 9.34278e-321 5.13135e-310 0 0
672.845 467.106 5.295 9.953 12.0829 0.1 0 47 3 1 1.50264e-08 -2.16955e-09 0 0 6.95334e-310 6.95334e-310 0 0
658.769 481.346 5.295 9.953 12.0829 0.1 0 35 3 1 8.64858e-09 -7.40579e-09 0 0 5.13135e-310 3.30395e-311 0 0
692.545 469.957 5.295 9.953 12.0829 0.1 0 66 3 1 2.24556e-08 -5.43457e-09 0 0 2.06025e-321 5.13135e-310 0 0
609.754 496.18 5.295 9.953 12.0829 0.1 0 41 3 1 -2.716e-08 -6.03786e-11 0 0 6.95334e-310 6.95334e-310 0 0
625.887 508.241 5.295 9.953 12.0829 0.1 0 35 3 1 2.97565e-09 -7.51298e-09 0 0 9.40207e-321 5.13135e-310 0 0
645.751 497.385 5.295 9.953 12.0829 0.1 0 32 3 1 5.36258e-09 7.26279e-09 0 0 6.95334e-310 6.95334e-310 0 0
643.741 517.188 5.295 9.953 12.0829 0.1 0 34 3 1 -1.1003e-09 1.084e-08 0 0 0 0 0 0
679.423 485.893 5.295 9.953 12.0829 0.1 0 41 3 1 2.92186e-08 -6.85379e-10 0 0 6.95334e-310 6.95334e-310 0 0
665.471 500.089 5.295 9.953 12.0829 0.1 0 35 3 1 1.5378e-08 -4.28882e-09 0 0 0 0 0 0
699.677 488.54 5.295 9.953 12.0829 0.1 0 71 3 1 2.28142e-09 8.79663e-09 0 0 6.95334e-310 6.95334e-310 0 0
685.789 505.071 5.295 9.953 12.0829 0.1 0 48 3 1 -0 -0 0 0 0 0 0 0
600.524 513.814 5.295 9.953 12.0829 0.1 0 49 3 1 -2.54678e-08 1.17236e-08 0 0 6.95334e-310 6.95334e-310 0 0
618.558 526.748 5.295 9.953 12.0829 0.1 0 44 3 1 -1.16691e-08 -9.14326e-09 0 0 0 0 0 0
636.123 536.111 5.295 9.953 12.0829 0.1 0 43 3 1 -1.22134e-08 6.09332e-09 0 0 0 0 0 0
669.805 519.515 5.295 9.953 12.0829 0.1 0 42 3 1 -2.90437e-09 8.97609e-09 0 0 6.95334e-310 6.95334e-310 0 0
655.886 533.744 5.295 9.953 12.0829 0.1 0 41 3 1 -3.40065e-09 1.93999e-08 0 0 0 0 0 0
708.182 506.536 5.295 9.953 12.0829 0.1 0 80 3 1 5.82428e-09 1.2323e-08 0 0 6.95334e-310 6.95334e-310 0 0
725.211 520.742 5.295 9.953 12.0829 0.1 0 124 3 1 1.43015e-08 -8.30185e-09 0 0 6.95334e-310 6.95334e-310 0 0
707.996 530.735 5.295 9.953 12.0829 0.1 0 97 3 1 1.55416e-08 4.45374e-09 0 0 6.95334e-310 6.95334e-310 0 0
688.831 525.36 5.295 9.953 12.0829 0.1 0 63 3 1 1.00727e-08 -5.22112e-09 0 0 0 0 0 0
599.91 533.709 5.295 9.953 12.0829 0.1 0 73 3 1 -6.22473e-09 2.02657e-08 0 0 6.95334e-310 6.95334e-310 0 0
583.347 544.749 5.295 9.953 12.0829 0.1 0 137 3 1 -1.88285e-08 1.255e-08 0 0 6.95334e-310 6.95334e-310 0 0
613.459 548.291 5.295 9.953 12.0829 0.1 0 76 3 1 1.05767e-08 1.13827e-08 0 0 0 0 0 0
636.935 571.37 5.295 9.953 12.0829 0.1 0 87 3 1 -5.2195e-09 3.82037e-09 0 0 0 0 0 0
645.76 553.527 5.295 9.953 12.0829 0.1 0 56 3 1 1.20536e-09 3.65396e-09 0 0 6.95334e-310 6.95334e-310 0 0
665.351 557.048 5.295 9.953 12.0829 0.1 0 61 3 1 4.85756e-09 2.12197e-09 0 0 6.95334e-310 6.95334e-310 0 0
656.526 574.89 5.295 9.953 12.0829 0.1 0 85 3 1 -2.92413e-09 3.36801e-09 0 0 6.95334e-310 6.95334e-310 0 0
646.333 591.987 5.295 9.953 12.0829 0.1 0 138 3 1 -4.18809e-09 7.02467e-09 0 0 6.95334e-310 6.95334e-310 0 0
676.214 577.825 5.295 9.953 12.0829 0.1 0 91 3 1 2.24763e-10 1.17304e-09 0 0 6.95334e-310 6.95334e-310 0 0
694.302 586.136 5.295 9.953 12.0829 0.1 0 151 3 1 2.53062e-09 1.16274e-09 0 0 0 0 0 0
674.913 539.591 5.295 9.953 12.0829 0.1 0 50 3 1 7.21437e-09 -2.11827e-09 0 0 6.95334e-310 6.95334e-310 0 0
693.951 546.223 5.295 9.953 12.0829 0.1 0 70 3 1 1.46066e-10 -1.72197e-09 0 0 6.95334e-310 6.95334e-310 0 0
692.269 566.057 5.295 9.953 12.0829 0.1 0 87 3 1 2.03627e-09 1.223e-10 0 0 6.95334e-310 6.95334e-310 0 0
80 235 2.6475 4.9765 6.04147 0.1 0 0 7 7 -0 -0.0266735 0 0 6.22029e-321 5.13135e-310 0 0
80 244 2.6475 4.9765 6.04147 0.1 0 0 7 7 -0 -0 0 0 6.83753e-310 0 0 0
80 253 2.6475 4.9765 6.04147 0.1 0 0 7 7 -0 -0 0 0 4.93078e-321 5.13135e-310 0 0
80 262 2.6475 4.9765 6.04147 0.1 0 0 7 7 -0 -0 0 0 1.8037e-312 2.69493e-311 0 0
80 271 2.6475 4.9765 6.04147 0.1 0 0 7 7 -0 -0 0 0 1.11165e-321 5.13135e-310 0 0
80 280 2.6475 4.9765 6.04147 0.1 0 0 7 7 -0 -0 0 0 5.13135e-310 3.16202e-322 0 0
80 289 2.6475 4.9765 6.04147 0.1 0 0 7 7 -0 -0 0 0 3.16202e-322 5.13021e-310 0 0
80 298 2.6475 4.9765 6.04147 0.1 0 0 7 7 -0 -0 0 0 4.63232e-311 4.63019e-311 0 0
80 307 2.6475 4.9765 6.04147 0.1 0 0 7 7 -0 -0 0 0 3.16202e-322 5.13021e-310 0 0
80 316 2.6475 4.9765 6.04147 0.1 0 0 7 7 -0 -0 0 0 5.13135e-310 6.32404e-322 0 0
80 325 2.6475 4.9765 6.04147 0.1 0 0 7 7 -0 -0 0 0 7.5592e-321 5.13135e-310 0 0
80 334 2.6475 4.9765 6.04147 0.1 0 0 7 7 -0 -0 0 0 5.13135e-310 2.02226e-311 0 0
80 343 2.6475 4.9765 6.04147 0.1 0 0 7 7 -0 -0 0 0 2.32995e-311 5.13735e-311 0 0
80 352 2.6475 4.9765 6.04147 0.1 0 0 7 7 -0 -0 0 0 1.58101e-322 5.13021e-310 0 0
80 361 2.6475 4.9765 6.04147 0.1 0 0 7 7 -0 -0 0 0 5.13135e-310 5.13135e-310 0 0
80 370 2.6475 4.9765 6.04147 0.1 0 0 7 7 -0 -0 0 0 1.63042e-322 5.13135e-310 0 0
80 379 2.6475 4.9765 6.04147 0.1 0 0 7 7 -0 -0 0 0 5.13135e-310 0 0 0
80 388 2.6475 4.9765 6.04147 0.1 0 0 7 7 -0 -0 0 0 2.90511e-321 5.13135e-310 0 0
80 397 2.6475 4.9765 6.04147 0.1 0 0 7 7 -0 -0 0 0 5.13135e-310 0 0 0
80 406 2.6475 4.9765 6.04147 0.1 0 0 7 7 -0 -0 0 0 5.13135e-310 0 0 0
80 415 2.6475 4.9765 6.04147 0.1 0 0 7 7 -0 -0 0 0 5.13135e-310 5.13135e-310 0 0
80 424 2.6475 4.9765 6.04147 0.1 0 0 7 7 -0 -0 0 0 5.13135e-310 5.13135e-310 0 0
80 433 2.6475 4.9765 6.04147 0.1 0 0 7 7 -0 -0 0 0 5.13135e-310 5.13135e-310 0 0
80 442 2.6475 4.9765 6.04147 0.1 0 0 7 7 -0 -0 0 0 5.13135e-310 5.13135e-310 0 0
80 451 2.6475 4.9765 6.04147 0.1 0 0 7 7 -0 -0 0 0 5.13135e-310 5.13135e-310 0 0
80 460 2.6475 4.9765 6.04147 0.1 0 0 7 7 -0 -0 0 0 5.13135e-310 5.13135e-310 0 0
80 469 2.6475 4.9765 6.04147 0.1 0 0 7 7 -0 -0 0 0 0 5.13135e-310 0 0
80 478 2.6475 4.9765 6.04147 0.1 0 0 7 7 -0 -0 0 0 -nan 1.26481e-321 0 0
80 487 2.6475 4.9765 6.04147 0.1 0 0 7 7 -0 -0 0 0 6.83753e-310 0 0 0
80 496 2.6475 4.9765 6.04147 0.1 0 0 7 7 -0 -0 0 0 1.63042e-322 5.13135e-310 0 0
80 505 2.6475 4.9765 6.04147 0.1 0 0 7 7 -0 -0 0 0 5.13135e-310 3.16202e-322 0 0
80 514 2.6475 4.9765 6.04147 0.1 0 0 7 7 -0 -0 0 0 1.58101e-322 5.13021e-310 0 0
80 523 2.6475 4.9765 6.04147 0.1 0 0 7 7 -0 -0 0 0 4.92303e-311 5.63178e-311 0 0
80 532 2.6475 4.9765 6.04147 0.1 0 0 7 7 -0 -0 0 0 1.58101e-322 5.13021e-310 0 0
80 541 2.6475 4.9765 6.04147 0.1 0 0 7 7 -0 -0 0 0 5.13135e-310 3.16202e-322 0 0
80 550 2.6475 4.9765 6.04147 0.1 0 0 7 7 -0 -0 0 0 1.63042e-322 5.13135e-310 0 0
80 559 2.6475 4.9765 6.04147 0.1 0 0 7 7 -0 -0 0 0 5.13135e-310 3.79442e-321 0 0
80 568 2.6475 4.9765 6.04147 0.1 0 0 7 7 -0 -0 0 0 5.13135e-310 0 0 0
80 577 2.6475 4.9765 6.04147 0.1 0 0 7 7 -0 -0 0 0 0 5.13135e-310 0 0
80 586 2.6475 4.9765 6.04147 0.1 0 0 7 7 -0 -0 0 0 1.35127e-320 5.13135e-310 0 0
80 595 2.6475 4.9765 6.04147 0.1 0 0 7 7 -0 -0 0 0 5.13135e-310 5.77395e-311 0 0
80 604 2.6475 4.9765 6.04147 0.1 0 0 7 7 -0 -0 0 0 3.21143e-322 5.13135e-310 0 0
80 613 2.6475 4.9765 6.04147 0.1 0 0 7 7 -0 -0 0 0 0 0 0 0
80 622 2.6475 4.9765 6.04147 0.1 0 0 7 7 -0 -0 0 0 1.35325e-320 0 0 0
80 631 2.6475 4.9765 6.04147 0.1 0 0 7 7 -0 -0 0 0 0 5.13135e-310 0 0
80 640 2.6475 4.9765 6.04147 0.1 0 0 7 7 -0 -0 0 0 -nan 1.26481e-321 0 0
80 649 2.6475 4.9765 6.04147 0.1 0 0 7 7 -0 -0 0 0 5.13135e-310 5.13135e-310 0 0
80 658 2.6475 4.9765 6.04147 0.1 0 0 7 7 -0 -0 0 0 5.13135e-310 5.13135e-310 0 0
80 667 2.6475 4.9765 6.04147 0.1 0 0 7 7 -0 -0 0 0 5.13135e-310 5.13135e-310 0 0
80 676 2.6475 4.9765 6.04147 0.1 0 0 7 7 -0 -0 0 0 5.13135e-310 5.13135e-310 0 0
80 685 2.6475 4.9765 6.04147 0.1 0 0 7 7 -0 -0 0 0 5.13135e-310 5.13135e-310 0 0
80 694 2.6475 4.9765 6.04147 0.1 0 0 7 7 -0 -0 0 0 5.13135e-310 5.13135e-310 0 0
80 703 2.6475 4.9765 6.04147 0.1 0 0 7 7 -0 -0 0 0 5.13135e-310 5.13135e-310 0 0
80 712 2.6475 4.9765 6.04147 0.1 0 0 7 7 -0 -0 0 0 5.13135e-310 5.13135e-310 0 0
80 721 2.6475 4.9765 6.04147 0.1 0 0 7 7 -0 -0 0 0 5.13135e-310 5.13135e-310 0 0
80 730 2.6475 4.9765 6.04147 0.1 0 0 7 7 -0 -0 0 0 5.13135e-310 5.13135e-310 0 0
80 739 2.6475 4.9765 6.04147 0.1 0 0 7 7 -0 -0 0 0 5.13135e-310 5.13135e-310 0 0
80 748 2.6475 4.9765 6.04147 0.1 0 0 7 7 -0 -0 0 0 5.13135e-310 5.13021e-310 0 0
80 757 2.6475 4.9765 6.04147 0.1 0 0 7 7 -0 -0 0 0 2.52517e-311 3.19785e-311 0 0
80 766 2.6475 4.9765 6.04147 0.1 0 0 7 7 -0 -0 0 0 3.16202e-322 5.13021e-310 0 0
80 775 2.6475 4.9765 6.04147 0.1 0 0 7 7 -0 0.0266735 0 0 7.46943e-312 1.22439e-311 0 0
100 208 2.6475 4.9765 6.04147 0.1 0 0 7 7 -0 -0.0266735 0 0 3.16202e-322 5.13021e-310 0 0
100 217 2.6475 4.9765 6.04147 0.1 0 0 7 7 -0 -0 0 0 6.83753e-310 6.32404e-322 0 0
100 226 2.6475 4.9765 6.04147 0.1 0 0 7 7 -0 -0 0 0 7.62343e-321 5.13135e-310 0 0
100 235 2.6475 4.9765 6.04147 0.1 0 0 7 7 -0 -0 0 0 6.83753e-310 3.16202e-322 0 0
100 244 2.6475 4.9765 6.04147 0.1 0 0 7 7 -0 -0 0 0 7.65308e-321 5.13135e-310 0 0
100 253 2.6475 4.9765 6.04147 0.1 0 0 7 7 -0 -0 0 0 5.13135e-310 3.28909e-311 0 0
100 262 2.6475 4.9765 6.04147 0.1 0 0 7 7 -0 -0 0 0 1.63042e-322 5.13135e-310 0 0
100 271 2.6475 4.9765 6.04147 0.1 0 0 7 7 -0 -0 0 0 5.13135e-310 3.30819e-311 0 0
100 280 2.6475 4.9765 6.04147 0.1 0 0 7 7 -0 -0 0 0 3.16202e-322 5.13021e-310 0 0
100 289 2.6475 4.9765 6.04147 0.1 0 0 7 7 -0 -0 0 0 5.13135e-310 3.16202e-322 0 0
100 298 2.6475 4.9765 6.04147 0.1 0 0 7 7 -0 -0 0 0 1.58101e-322 5.13021e-310 0 0
100 307 2.6475 4.9765 6.04147 0.1 0 0 7 7 -0 -0 0 0 4.03604e-311 3.16202e-322 0 0
100 316 2.6475 4.9765 6.04147 0.1 0 0 7 7 -0 -0 0 0 1.26975e-321 5.13135e-310 0 0
100 325 2.6475 4.9765 6.04147 0.1 0 0 7 7 -0 -0 0 0 5.13135e-310 7.38455e-312 0 0
100 334 2.6475 4.9765 6.04147 0.1 0 0 7 7 -0 -0 0 0 0 5.13021e-310 0 0
100 343 2.6475 4.9765 6.04147 0.1 0 0 7 7 -0 -0 0 0 5.13135e-310 1.10671e-321 0 0
100 352 2.6475 4.9765 6.04147 0.1 0 0 7 7 -0 -0 0 0 1.63042e-322 5.13135e-310 0 0
100 361 2.6475 4.9765 6.04147 0.1 0 0 7 7 -0 -0 0 0 0 3.87901e-311 0 0
100 370 2.6475 4.9765 6.04147 0.1 0 0 7 7 -0 -0 0 0 1.58101e-322 5.13021e-310 0 0
100 379 2.6475 4.9765 6.04147 0.1 0 0 7 7 -0 -0 0 0 5.13135e-310 1.58101e-322 0 0
100 388 2.6475 4.9765 6.04147 0.1 0 0 7 7 -0 -0 0 0 1.58101e-322 5.13021e-310 0 0
100 397 2.6475 4.9765 6.04147 0.1 0 0 7 7 -0 -0 0 0 1.05977e-320 0 0 0
100 406 2.6475 4.9765 6.04147 0.1 0 0 7 7 -0 -0 0 0 1.58101e-322 5.13021e-310 0 0
100 415 2.6475 4.9765 6.04147 0.1 0 0 7 7 -0 -0 0 0 5.13135e-310 1.26481e-321 0 0
100 424 2.6475 4.9765 6.04147 0.1 0 0 7 7 -0 -0 0 0 3.16202e-322 5.13021e-310 0 0
100 433 2.6475 4.9765 6.04147 0.1 0 0 7 7 -0 -0 0 0 6.83753e-310 6.32404e-322 0 0
100 442 2.6475 4.9765 6.04147 0.1 0 0 7 7 -0 -0 0 0 7.63918e-312 8.78506e-312 0 0
100 451 2.6475 4.9765 6.04147 0.1 0 0 7 7 -0 -0 0 0 1.63042e-322 5.13135e-310 0 0
100 460 2.6475 4.9765 6.04147 0.1 0 0 7 7 -0 -0 0 0 6.83753e-310 0 0 0
100 469 2.6475 4.9765 6.04147 0.1 0 0 7 7 -0 -0 0 0 1.58101e-322 5.13021e-310 0 0
100 478 2.6475 4.9765 6.04147 0.1 0 0 7 7 -0 -0 0 0 5.13135e-310 3.32012e-321 0 0
100 487 2.6475 4.9765 6.04147 0.1 0 0 7 7 -0 -0 0 0 3.16202e-322 5.13021e-310 0 0
100 496 2.6475 4.9765 6.04147 0.1 0 0 7 7 -0 -0 0 0 6.83753e-310 0 0 0
100 505 2.6475 4.9765 6.04147 0.1 0 0 7 7 -0 -0 0 0 3.11261e-321 5.13135e-310 0 0
100 514 2.6475 4.9765 6.04147 0.1 0 0 7 7 -0 -0 0 0 5.13135e-310 1.58101e-322 0 0
100 523 2.6475 4.9765 6.04147 0.1 0 0 7 7 -0 -0 0 0 3.21143e-322 5.13135e-310 0 0
100 532 2.6475 4.9765 6.04147 0.1 0 0 7 7 -0 -0 0 0 5.13135e-310 0 0 0
100 541 2.6475 4.9765 6.04147 0.1 0 0 7 7 -0 -0 0 0 1.58101e-322 5.13021e-310 0 0
100 550 2.6475 4.9765 6.04147 0.1 0 0 7 7 -0 -0 0 0 0 1.41749e-311 0 0
100 559 2.6475 4.9765 6.04147 0.1 0 0 7 7 -0 -0 0 0 3.24601e-321 5.13135e-310 0 0
100 568 2.6475 4.9765 6.04147 0.1 0 0 7 7 -0 -0 0 0 5.13135e-310 0 0 0
100 577 2.6475 4.9765 6.04147 0.1 0 0 7 7 -0 -0 0 0 3.21143e-322 5.13135e-310 0 0
100 586 2.6475 4.9765 6.04147 0.1 0 0 7 7 -0 -0 0 0 5.13135e-310 3.16202e-322 0 0
100 595 2.6475 4.9765 6.04147 0.1 0 0 7 7 -0 -0 0 0 3.32506e-321 5.13135e-310 0 0
100 604 2.6475 4.9765 6.04147 0.1 0 0 7 7 -0 -0 0 0 5.13135e-310 0 0 0
100 613 2.6475 4.9765 6.04147 0.1 0 0 7 7 -0 -0 0 0 1.58101e-322 5.13021e-310 0 0
100 622 2.6475 4.9765 6.04147 0.1 0 0 7 7 -0 -0 0 0 1.26471e-311 1.45993e-311 0 0
100 631 2.6475 4.9765 6.04147 0.1 0 0 7 7 -0 -0 0 0 5.13135e-310 5.13135e-310 0 0
100 640 2.6475 4.9765 6.04147 0.1 0 0 7 7 -0 -0 0 0 5.13135e-310 5.13135e-310 0 0
100 649 2.6475 4.9765 6.04147 0.1 0 0 7 7 -0 -0 0 0 5.13135e-310 5.13135e-310 0 0
100 658 2.6475 4.9765 6.04147 0.1 0 0 7 7 -0 -0 0 0 5.13135e-310 5.13135e-310 0 0
100 667 2.6475 4.9765 6.04147 0.1 0 0 7 7 -0 -0 0 0 5.13135e-310 5.13135e-310 0 0
100 676 2.6475 4.9765 6.04147 0.1 0 0 7 7 -0 -0 0 0 5.13135e-310 5.13135e-310 0 0
100 685 2.6475 4.9765 6.04147 0.1 0 0 7 7 -0 -0 0 0 5.13135e-310 5.13135e-310 0 0
100 694 2.6475 4.9765 6.04147 0.1 0 0 7 7 -0 -0 0 0 5.13135e-310 5.13135e-310 0 0
100 703 2.6475 4.9765 6.04147 0.1 0 0 7 7 -0 -0 0 0 5.13135e-310 5.13135e-310 0 0
100 712 2.6475 4.9765 6.04147 0.1 0 0 7 7 -0 -0 0 0 5.13135e-310 5.13135e-310 0 0
100 721 2.6475 4.9765 6.04147 0.1 0 0 7 7 -0 -0 0 0 5.13135e-310 5.13135e-310 0 0
100 730 2.6475 4.9765 6.04147 0.1 0 0 7 7 -0 -0 0 0 5.13135e-310 5.13135e-310 0 0
100 739 2.6475 4.9765 6.04147 0.1 0 0 7 7 -0 -0 0 0 5.13135e-310 5.13135e-310 0 0
100 748 2.6475 4.9765 6.04147 0.1 0 0 7 7 -0 -0 0 0 5.13135e-310 5.13135e-310 0 0
100 757 2.6475 4.9765 6.04147 0.1 0 0 7 7 -0 -0 0 0 5.13135e-310 5.13135e-310 0 0
100 766 2.6475 4.9765 6.04147 0.1 0 0 7 7 -0 -0 0 0 5.13135e-310 5.13135e-310 0 0
100 775 2.6475 4.9765 6.04147 0.1 0 0 7 7 -0 -0 0 0 5.13135e-310 5.13135e-310 0 0
100 784 2.6475 4.9765 6.04147 0.1 0 0 7 7 -0 -0 0 0 5.13135e-310 5.13135e-310 0 0
100 793 2.6475 4.9765 6.04147 0.1 0 0 7 7 -0 -0 0 0 5.13135e-310 5.13135e-310 0 0
100 802 2.6475 4.9765 6.04147 0.1 0 0 7 7 -0 0.0266735 0 0 5.13135e-310 5.13135e-310 0 0
662.142 366.626 5.295 9.953 12.0829 0 0 500 16 -1 -0 -0 0 0 -0.156496 0.987679 24181 -1141620256
562.703 479.695 5.295 9.953 12.0829 0 0 500 16 -1 -1.18755e-08 2.26852e-09 0 0 0.998791 -0.0491512 24181 -1141616736
512.443 399.389 5.295 9.953 12.0829 0 0 500 16 -1 -0 -0 0 0 0.900963 0.433896 24181 -1141613216
477.539 625.207 5.295 9.953 12.0829 0 0 500 16 -1 -0 -0 0 0 0.925945 -0.377659 32222 -1140445024
582.296 567.435 5.295 9.953 12.0829 0 0 500 16 -1 -0 -0 0 0 0.566342 -0.82417 0 32
573.735 317.016 5.295 9.953 12.0829 0 0 500 16 -1 -0 -0 0 0 0.588079 0.808803 24176 -1140989536
762.831 396.072 5.295 9.953 12.0829 0 0 500 16 -1 -0 -0 0 0 -0.529773 0.84814 0 32
714.766 549.454 5.295 9.953 12.0829 0 0 500 16 -1 4.91751e-09 1.35968e-08 0 0 -0.795493 -0.605963 24176 439
576.407 515.699 5.295 9.953 12.0829 0 0 500 16 -1 -0 -0 0 0 0.999801 -0.0199389 24176 33
624.322 387.128 5.295 9.953 12.0829 0 0 500 16 -1 -0 -0 0 0 -0.0183293 0.999832 32222 -1140457536
