581.026 421.085 5.295 9.953 12.0829 0.1 0 193 3 1 -6.28e-10 -9.56286e-10 0 0 6.95334e-310 6.95334e-310 0 0
591.953 437.723 5.295 9.953 12.0829 0.1 0 97 3 1 -6.09522e-10 -6.04032e-10 0 0 6.95334e-310 6.95334e-310 0 0
584.507 456.184 5.295 9.953 12.0829 0.1 0 92 3 1 -5.38701e-10 -1.34397e-10 0 0 6.95334e-310 6.95334e-310 0 0
582.254 475.962 5.295 9.953 12.0829 0.1 0 88 3 1 -3.28212e-10 3.0096e-10 0 0 5.13135e-310 3.16202e-322 0 0
622.038 417.35 5.295 9.953 12.0829 0.1 0 109 3 1 -3.41877e-10 -6.57469e-10 0 0 6.95334e-310 6.95334e-310 0 0
611.557 434.272 5.295 9.953 12.0829 0.1 0 77 3 1 -1.3804e-10 -2.7247e-10 0 0 6.95334e-310 6.95334e-310 0 0
607.423 456.225 5.295 9.953 12.0829 0.1 0 54 3 1 -5.4332e-10 -5.79767e-11 0 0 1.63042e-322 5.13135e-310 0 0
641.446 421.775 5.295 9.953 12.0829 0.1 0 92 3 1 -5.05285e-12 -1.08553e-09 0 0 6.95334e-310 6.95334e-310 0 0
650.843 439.323 5.295 9.953 12.0829 0.1 0 71 3 1 6.50568e-10 -1.05505e-09 0 0 6.95334e-310 6.95334e-310 0 0
630.944 438.784 5.295 9.953 12.0829 0.1 0 64 3 1 2.57302e-10 -2.46551e-10 0 0 6.95334e-310 6.95334e-310 0 0
627.216 458.337 5.295 9.953 12.0829 0.1 0 45 3 1 -3.22984e-10 -1.24322e-10 0 0 5.13135e-310 1.58101e-322 0 0
666.167 426.618 5.295 9.953 12.0829 0.1 0 99 3 1 1.01166e-09 -1.14439e-09 0 0 6.95334e-310 6.95334e-310 0 0
670.063 446.139 5.295 9.953 12.0829 0.1 0 63 3 1 5.08008e-10 -8.95514e-10 0 0 9.53547e-322 5.13135e-310 0 0
689.533 450.28 5.295 9.953 12.0829 0.1 0 87 3 1 6.60174e-10 -4.18692e-10 0 0 1.25987e-320 2.05531e-321 0 0
589.93 494.327 5.295 9.953 12.0829 0.1 0 65 3 1 -1.949e-09 1.38903e-09 0 0 1.63042e-322 5.13135e-310 0 0
612.01 475.731 5.295 9.953 12.0829 0.1 0 42 3 1 -0 -0 0 0 6.95334e-310 6.95334e-310 0 0
628.034 488.313 5.295 9.953 12.0829 0.1 0 35 3 1 -3.56057e-10 5.72912e-10 0 0 5.13135e-310 5.13135e-310 0 0
654.738 458.843 5.295 9.953 12.0829 0.1 0 44 3 1 3.93218e-10 -4.78226e-10 0 0 6.95334e-310 6.95334e-310 0 0
640.713 472.968 5.295 9.953 12.0829 0.1 0 36 3 1 -1.93586e-11 5.30682e-12 0 0 9.34278e-321 5.13135e-310 0 0
672.848 467.106 5.295 9.953 12.0829 0.1 0 47 3 1 7.46847e-10 -1.05702e-10 0 0 6.95334e-310 6.95334e-310 0 0
658.771 481.345 5.295 9.953 12.0829 0.1 0 35 3 1 3.93136e-10 -3.20314e-10 0 0 5.13135e-310 3.30395e-311 0 0
692.548 469.956 5.295 9.953 12.0829 0.1 0 66 3 1 1.11619e-09 -2.68883e-10 0 0 2.06025e-321 5.13135e-310 0 0
609.749 496.18 5.295 9.953 12.0829 0.1 0 41 3 1 -1.35337e-09 -1.38752e-11 0 0 6.95334e-310 6.95334e-310 0 0
625.888 508.24 5.295 9.953 12.0829 0.1 0 35 3 1 1.29889e-10 -3.27832e-10 0 0 9.40207e-321 5.13135e-310 0 0
645.752 497.386 5.295 9.953 12.0829 0.1 1 1649 0 0 2.68367e-10 3.62151e-10 0 0 6.95334e-310 6.95334e-310 0 0
643.741 517.19 5.295 9.953 12.0829 0.1 0 34 3 1 -5.48276e-11 5.39868e-10 0 0 0 0 0 0
679.428 485.893 5.295 9.953 12.0829 0.1 0 41 3 1 1.44682e-09 -3.09729e-11 0 0 6.95334e-310 6.95334e-310 0 0
665.473 500.088 5.295 9.953 12.0829 0.1 1 1364 0 0 7.65452e-10 -2.0653e-10 0 0 0 0 0 0
699.677 488.542 5.295 9.953 12.0829 0.1 0 71 3 1 1.13669e-10 4.39163e-10 0 0 6.95334e-310 6.95334e-310 0 0
685.789 505.071 5.295 9.953 12.0829 0.1 0 48 3 1 -0 -0 0 0 0 0 0 0
600.519 513.816 5.295 9.953 12.0829 0.1 0 49 3 1 -1.27309e-09 5.72058e-10 0 0 6.95334e-310 6.95334e-310 0 0
618.556 526.746 5.295 9.953 12.0829 0.1 0 44 3 1 -5.58894e-10 -4.14391e-10 0 0 0 0 0 0
636.121 536.112 5.295 9.953 12.0829 0.1 0 43 3 1 -5.86304e-10 2.90373e-10 0 0 0 0 0 0
669.804 519.517 5.295 9.953 12.0829 0.1 0 42 3 1 -1.44194e-10 4.35941e-10 0 0 6.95334e-310 6.95334e-310 0 0
655.885 533.747 5.295 9.953 12.0829 0.1 0 41 3 1 -1.70865e-10 9.29632e-10 0 0 0 0 0 0
708.183 506.539 5.295 9.953 12.0829 0.1 0 80 3 1 2.90613e-10 6.14856e-10 0 0 6.95334e-310 6.95334e-310 0 0
725.213 520.741 5.295 9.953 12.0829 0.1 0 124 3 1 6.80069e-10 -3.94862e-10 0 0 6.95334e-310 6.95334e-310 0 0
707.999 530.736 5.295 9.953 12.0829 0.1 0 97 3 1 7.38372e-10 2.1163e-10 0 0 6.95334e-310 6.95334e-310 0 0
688.833 525.36 5.295 9.953 12.0829 0.1 0 63 3 1 4.73356e-10 -2.33614e-10 0 0 0 0 0 0
599.909 533.712 5.295 9.953 12.0829 0.1 0 73 3 1 -2.72972e-10 1.002e-09 0 0 6.95334e-310 6.95334e-310 0 0
583.344 544.751 5.295 9.953 12.0829 0.1 0 137 3 1 -8.99327e-10 5.99287e-10 0 0 6.95334e-310 6.95334e-310 0 0
613.46 548.293 5.295 9.953 12.0829 0.1 0 76 3 1 5.45334e-10 5.8671e-10 0 0 0 0 0 0
636.934 571.37 5.295 9.953 12.0829 0.1 0 87 3 1 -2.60323e-10 1.6099e-10 0 0 0 0 0 0
645.76 553.528 5.295 9.953 12.0829 0.1 0 56 3 1 4.99707e-11 1.6399e-10 0 0 6.95334e-310 6.95334e-310 0 0
665.352 557.049 5.295 9.953 12.0829 0.1 0 61 3 1 2.16627e-10 9.32351e-11 0 0 6.95334e-310 6.95334e-310 0 0
656.526 574.891 5.295 9.953 12.0829 0.1 0 85 3 1 -1.4303e-10 1.52854e-10 0 0 6.95334e-310 6.95334e-310 0 0
646.332 591.989 5.295 9.953 12.0829 0.1 0 138 3 1 -1.95694e-10 3.28241e-10 0 0 6.95334e-310 6.95334e-310 0 0
676.214 577.826 5.295 9.953 12.0829 0.1 0 91 3 1 1.59809e-11 6.03862e-11 0 0 6.95334e-310 6.95334e-310 0 0
694.302 586.136 5.295 9.953 12.0829 0.1 0 151 3 1 1.33409e-10 6.12959e-11 0 0 0 0 0 0
674.914 539.59 5.295 9.953 12.0829 0.1 0 50 3 1 3.30006e-10 -1.01496e-10 0 0 6.95334e-310 6.95334e-310 0 0
693.951 546.223 5.295 9.953 12.0829 0.1 0 70 3 1 7.40684e-12 -8.73377e-11 0 0 6.95334e-310 6.95334e-310 0 0
692.269 566.057 5.295 9.953 12.0829 0.1 0 87 3 1 1.053e-10 4.72317e-12 0 0 6.95334e-310 6.95334e-310 0 0
80 235 2.6475 4.9765 6.04147 0.1 0 0 7 7 -0 -0.0266735 0 0 6.22029e-321 5.13135e-310 0 0
80 244 2.6475 4.9765 6.04147 0.1 0 0 7 7 -0 -0 0 0 6.83753e-310 0 0 0
80 253 2.6475 4.9765 6.04147 0.1 0 0 7 7 -0 -0 0 0 4.93078e-321 5.13135e-310 0 0
80 262 2.6475 4.9765 6.04147 0.1 0 0 7 7 -0 -0 0 0 1.8037e-312 2.69493e-311 0 0
80 271 2.6475 4.9765 6.04147 0.1 0 0 7 7 -0 -0 0 0 1.11165e-321 5.13135e-310 0 0
80 280 2.6475 4.9765 6.04147 0.1 0 0 7 7 -0 -0 0 0 5.13135e-310 3.16202e-322 0 0
80 289 2.6475 4.9765 6.04147 0.1 0 0 7 7 -0 -0 0 0 3.16202e-322 5.13021e-310 0 0
80 298 2.6475 4.9765 6.04147 0.1 0 0 7 7 -0 -0 0 0 4.63232e-311 4.63019e-311 0 0
80 307 2.6475 4.9765 6.04147 0.1 0 0 7 7 -0 -0 0 0 3.16202e-322 5.13021e-310 0 0
80 316 2.6475 4.9765 6.04147 0.1 0 0 7 7 -0 -0 0 0 5.13135e-310 6.32404e-322 0 0
80 325 2.6475 4.9765 6.04147 0.1 0 0 7 7 -0 -0 0 0 7.5592e-321 5.13135e-310 0 0
80 334 2.6475 4.9765 6.04147 0.1 0 0 7 7 -0 -0 0 0 5.13135e-310 2.02226e-311 0 0
80 343 2.6475 4.9765 6.04147 0.1 0 0 7 7 -0 -0 0 0 2.32995e-311 5.13735e-311 0 0
80 352 2.6475 4.9765 6.04147 0.1 0 0 7 7 -0 -0 0 0 1.58101e-322 5.13021e-310 0 0
80 361 2.6475 4.9765 6.04147 0.1 0 0 7 7 -0 -0 0 0 5.13135e-310 5.13135e-310 0 0
80 370 2.6475 4.9765 6.04147 0.1 0 0 7 7 -0 -0 0 0 1.63042e-322 5.13135e-310 0 0
80 379 2.6475 4.9765 6.04147 0.1 0 0 7 7 -0 -0 0 0 5.13135e-310 0 0 0
80 388 2.6475 4.9765 6.04147 0.1 0 0 7 7 -0 -0 0 0 2.90511e-321 5.13135e-310 0 0
80 397 2.6475 4.9765 6.04147 0.1 0 0 7 7 -0 -0 0 0 5.13135e-310 0 0 0
80 406 2.6475 4.9765 6.04147 0.1 0 0 7 7 -0 -0 0 0 5.13135e-310 0 0 0
80 415 2.6475 4.9765 6.04147 0.1 0 0 7 7 -0 -0 0 0 5.13135e-310 5.13135e-310 0 0
80 424 2.6475 4.9765 6.04147 0.1 0 0 7 7 -0 -0 0 0 5.13135e-310 5.13135e-310 0 0
80 433 2.6475 4.9765 6.04147 0.1 0 0 7 7 -0 -0 0 0 5.13135e-310 5.13135e-310 0 0
80 442 2.6475 4.9765 6.04147 0.1 0 0 7 7 -0 -0 0 0 5.13135e-310 5.13135e-310 0 0
80 451 2.6475 4.9765 6.04147 0.1 0 0 7 7 -0 -0 0 0 5.13135e-310 5.13135e-310 0 0
80 460 2.6475 4.9765 6.04147 0.1 0 0 7 7 -0 -0 0 0 5.13135e-310 5.13135e-310 0 0
80 469 2.6475 4.9765 6.04147 0.1 0 0 7 7 -0 -0 0 0 0 5.13135e-310 0 0
80 478 2.6475 4.9765 6.04147 0.1 0 0 7 7 -0 -0 0 0 -nan 1.26481e-321 0 0
80 487 2.6475 4.9765 6.04147 0.1 0 0 7 7 -0 -0 0 0 6.83753e-310 0 0 0
80 496 2.6475 4.9765 6.04147 0.1 0 0 7 7 -0 -0 0 0 1.63042e-322 5.13135e-310 0 0
80 505 2.6475 4.9765 6.04147 0.1 0 0 7 7 -0 -0 0 0 5.13135e-310 3.16202e-322 0 0
80 514 2.6475 4.9765 6.04147 0.1 0 0 7 7 -0 -0 0 0 1.58101e-322 5.13021e-310 0 0
80 523 2.6475 4.9765 6.04147 0.1 0 0 7 7 -0 -0 0 0 4.92303e-311 5.63178e-311 0 0
80 532 2.6475 4.9765 6.04147 0.1 0 0 7 7 -0 -0 0 0 1.58101e-322 5.13021e-310 0 0
80 541 2.6475 4.9765 6.04147 0.1 0 0 7 7 -0 -0 0 0 5.13135e-310 3.16202e-322 0 0
80 550 2.6475 4.9765 6.04147 0.1 0 0 7 7 -0 -0 0 0 1.63042e-322 5.13135e-310 0 0
80 559 2.6475 4.9765 6.04147 0.1 0 0 7 7 -0 -0 0 0 5.13135e-310 3.79442e-321 0 0
80 568 2.6475 4.9765 6.04147 0.1 0 0 7 7 -0 -0 0 0 5.13135e-310 0 0 0
80 577 2.6475 4.9765 6.04147 0.1 0 0 7 7 -0 -0 0 0 0 5.13135e-310 0 0
80 586 2.6475 4.9765 6.04147 0.1 0 0 7 7 -0 -0 0 0 1.35127e-320 5.13135e-310 0 0
80 595 2.6475 4.9765 6.04147 0.1 0 0 7 7 -0 -0 0 0 5.13135e-310 5.77395e-311 0 0
80 604 2.6475 4.9765 6.04147 0.1 0 0 7 7 -0 -0 0 0 3.21143e-322 5.13135e-310 0 0
80 613 2.6475 4.9765 6.04147 0.1 0 0 7 7 -0 -0 0 0 0 0 0 0
80 622 2.6475 4.9765 6.04147 0.1 0 0 7 7 -0 -0 0 0 1.35325e-320 0 0 0
80 631 2.6475 4.9765 6.04147 0.1 0 0 7 7 -0 -0 0 0 0 5.13135e-310 0 0
80 640 2.6475 4.9765 6.04147 0.1 0 0 7 7 -0 -0 0 0 -nan 1.26481e-321 0 0
80 649 2.6475 4.9765 6.04147 0.1 0 0 7 7 -0 -0 0 0 5.13135e-310 5.13135e-310 0 0
80 658 2.6475 4.9765 6.04147 0.1 0 0 7 7 -0 -0 0 0 5.13135e-310 5.13135e-310 0 0
80 667 2.6475 4.9765 6.04147 0.1 0 0 7 7 -0 -0 0 0 5.13135e-310 5.13135e-310 0 0
80 676 2.6475 4.9765 6.04147 0.1 0 0 7 7 -0 -0 0 0 5.13135e-310 5.13135e-310 0 0
80 685 2.6475 4.9765 6.04147 0.1 0 0 7 7 -0 -0 0 0 5.13135e-310 5.13135e-310 0 0
80 694 2.6475 4.9765 6.04147 0.1 0 0 7 7 -0 -0 0 0 5.13135e-310 5.13135e-310 0 0
80 703 2.6475 4.9765 6.04147 0.1 0 0 7 7 -0 -0 0 0 5.13135e-310 5.13135e-310 0 0
80 712 2.6475 4.9765 6.04147 0.1 0 0 7 7 -0 -0 0 0 5.13135e-310 5.13135e-310 0 0
80 721 2.6475 4.9765 6.04147 0.1 0 0 7 7 -0 -0 0 0 5.13135e-310 5.13135e-310 0 0
80 730 2.6475 4.9765 6.04147 0.1 0 0 7 7 -0 -0 0 0 5.13135e-310 5.13135e-310 0 0
80 739 2.6475 4.9765 6.04147 0.1 0 0 7 7 -0 -0 0 0 5.13135e-310 5.13135e-310 0 0
80 748 2.6475 4.9765 6.04147 0.1 0 0 7 7 -0 -0 0 0 5.13135e-310 5.13021e-310 0 0
80 757 2.6475 4.9765 6.04147 0.1 0 0 7 7 -0 -0 0 0 2.52517e-311 3.19785e-311 0 0
80 766 2.6475 4.9765 6.04147 0.1 0 0 7 7 -0 -0 0 0 3.16202e-322 5.13021e-310 0 0
80 775 2.6475 4.9765 6.04147 0.1 0 0 7 7 -0 0.0266735 0 0 7.46943e-312 1.22439e-311 0 0
100 208 2.6475 4.9765 6.04147 0.1 0 0 7 7 -0 -0.0266735 0 0 3.16202e-322 5.13021e-310 0 0
100 217 2.6475 4.9765 6.04147 0.1 0 0 7 7 -0 -0 0 0 6.83753e-310 6.32404e-322 0 0
100 226 2.6475 4.9765 6.04147 0.1 0 0 7 7 -0 -0 0 0 7.62343e-321 5.13135e-310 0 0
100 235 2.6475 4.9765 6.04147 0.1 0 0 7 7 -0 -0 0 0 6.83753e-310 3.16202e-322 0 0
100 244 2.6475 4.9765 6.04147 0.1 0 0 7 7 -0 -0 0 0 7.65308e-321 5.13135e-310 0 0
100 253 2.6475 4.9765 6.04147 0.1 0 0 7 7 -0 -0 0 0 5.13135e-310 3.28909e-311 0 0
100 262 2.6475 4.9765 6.04147 0.1 0 0 7 7 -0 -0 0 0 1.63042e-322 5.13135e-310 0 0
100 271 2.6475 4.9765 6.04147 0.1 0 0 7 7 -0 -0 0 0 5.13135e-310 3.30819e-311 0 0
100 280 2.6475 4.9765 6.04147 0.1 0 0 7 7 -0 -0 0 0 3.16202e-322 5.13021e-310 0 0
100 289 2.6475 4.9765 6.04147 0.1 0 0 7 7 -0 -0 0 0 5.13135e-310 3.16202e-322 0 0
100 298 2.6475 4.9765 6.04147 0.1 0 0 7 7 0.00119805 0.0269026 0 0 1.58101e-322 5.13021e-310 0 0
109.262 299.761 2.6475 4.9765 6.04147 0.1 0 0 7 15 -0.00134028 -0.000952187 0 0 4.03604e-311 3.16202e-322 0 0
112.894 308.469 2.6475 4.9765 6.04147 600 0 739 7 13 0.000389371 0.000723652 0 0 0.998883 -0.0472415 0 0
118.681 300.998 2.6475 4.9765 6.04147 600 0 777 7 13 0.00353811 0.000734007 0 0 0.993817 -0.111034 0 0
122.239 309.68 2.6475 4.9765 6.04147 600 0 815 7 13 0.000674489 -0.00130489 0 0 0.990881 -0.134741 0 0
128.02 302.267 2.6475 4.9765 6.04147 600 0 853 7 13 -0.00266787 0.000565802 0 0 0.962347 -0.271823 0 0
137.54 302.226 2.6475 4.9765 6.04147 600 0 891 7 13 0.00104811 -0.000547206 0 0 0.989832 -0.142245 0 0
146.815 300.428 2.6475 4.9765 6.04147 600 0 929 7 15 -0.00199396 0.000303695 0 0 0.938168 -0.346179 0 0
155.91 297.763 2.6475 4.9765 6.04147 600 0 1386 7 13 0.000345807 -0.000231151 0 0 0.796032 -0.605254 0 0
164.644 294.254 2.6475 4.9765 6.04147 600 0 1424 7 13 -0.00204845 0.000899088 0 0 0.733565 -0.67962 0 0
173.12 290.102 2.6475 4.9765 6.04147 600 0 1462 7 13 0.000355708 -0.000137237 0 0 0.704087 -0.710113 0 0
181.305 285.484 2.6475 4.9765 6.04147 600 0 1500 7 13 -0.00022245 0.000166248 0 0 0.588383 -0.808582 0 0
189.291 280.528 2.6475 4.9765 6.04147 600 0 1538 7 13 -0.000346404 0.000260463 0 0 0.674313 -0.738446 0 0
197.152 275.315 2.6475 4.9765 6.04147 600 0 1576 7 13 0.00188289 -0.00127469 0 0 0.655608 -0.755101 0 0
204.858 269.956 2.6475 4.9765 6.04147 600 0 1614 7 13 -0.0013511 0.000952912 0 0 0.578064 -0.815991 0 0
212.541 264.422 2.6475 4.9765 6.04147 600 0 1652 7 13 0.00211955 -0.00155289 0 0 0.549456 -0.835523 0 0
220.103 258.85 2.6475 4.9765 6.04147 600 0 1690 7 13 -0.00205842 0.00151837 0 0 0.508002 -0.861356 0 0
227.726 253.207 2.6475 4.9765 6.04147 600 0 1728 7 13 0.00216155 -0.00156934 0 0 0.672463 -0.740131 0 0
235.331 247.715 2.6475 4.9765 6.04147 600 0 1766 7 13 -0.00288198 0.00203409 0 0 0.595532 -0.803332 0 0
243.165 242.365 2.6475 4.9765 6.04147 600 0 1804 7 13 0.00260595 -0.00169783 0 0 0.636146 -0.771568 0 0
251.108 237.404 2.6475 4.9765 6.04147 600 0 1842 7 13 -0.00287276 0.00180139 0 0 0.645439 -0.763811 0 0
259.122 232.363 2.6475 4.9765 6.04147 600 0 1880 7 13 0.00207743 -0.00114095 0 0 0.597809 -0.801638 0 0
267.963 229.209 2.6475 4.9765 6.04147 600 0 1918 7 13 -0.000847621 0.000660039 0 0 0.736235 -0.676725 0 0
272.408 220.885 2.6475 4.9765 6.04147 600 0 1956 7 13 0.000885203 -0.000454756 0 0 0.653525 -0.756905 0 0
281.834 220.679 2.6475 4.9765 6.04147 600 0 1994 9 13 0.000391319 -0.000375407 0 0 0.767109 -0.641517 0 0
291.283 220.316 2.6475 4.9765 6.04147 600 0 614 8 10 0.000634386 -0.000286144 0 0 0.767109 -0.641517 0 0
288.435 229.325 2.6475 4.9765 6.04147 600 0 1994 9 14 0.000454945 -0.000292817 0 0 0.903092 -0.429447 0 0
285.512 238.293 2.6475 4.9765 6.04147 600 0 1956 7 14 -3.46824e-05 -0.000429108 0 0 0.921146 -0.389218 0 0
276.119 239.037 2.6475 4.9765 6.04147 600 0 1918 7 14 0.000195239 -2.72642e-05 0 0 0.887613 -0.46059 0 0
268.763 244.932 2.6475 4.9765 6.04147 600 0 1880 7 14 -0.000254817 0.000126436 0 0 0.830307 -0.557306 0 0
260.257 248.973 2.6475 4.9765 6.04147 600 0 1842 7 14 0.000370375 -0.000182041 0 0 0.883776 -0.46791 0 0
251.894 253.332 2.6475 4.9765 6.04147 600 0 1804 7 14 -0.000414306 0.000230932 0 0 0.841565 -0.540155 0 0
243.731 258.019 2.6475 4.9765 6.04147 600 0 1766 7 14 0.000431483 -0.000309966 0 0 0.883772 -0.467919 0 0
237.03 264.657 2.6475 4.9765 6.04147 600 0 1728 7 14 -0.000408604 0.000341603 0 0 0.843309 -0.53743 0 0
229.488 270.289 2.6475 4.9765 6.04147 600 0 1690 7 14 0.000435124 -0.000339844 0 0 0.817478 -0.575961 0 0
222.236 276.317 2.6475 4.9765 6.04147 600 0 1652 7 14 -0.000399225 0.000299697 0 0 0.827534 -0.561415 0 0
214.478 281.649 2.6475 4.9765 6.04147 600 0 1614 7 14 0.000385556 -0.000280872 0 0 0.774403 -0.632693 0 0
207.062 287.472 2.6475 4.9765 6.04147 600 0 1576 7 14 -0.000332263 0.000246085 0 0 0.85169 -0.524046 0 0
199.342 292.86 2.6475 4.9765 6.04147 600 0 1538 7 14 0.000305531 -0.000241134 0 0 0.782656 -0.622455 0 0
192.348 299.182 2.6475 4.9765 6.04147 600 0 1500 7 14 -0.000262838 0.000262148 0 0 0.752799 -0.658251 0 0
186.005 306.138 2.6475 4.9765 6.04147 600 0 1462 7 14 0.000260673 -0.000308172 0 0 0.722626 -0.691239 0 0
177.31 309.776 2.6475 4.9765 6.04147 600 0 1424 7 14 -0.00017364 6.86584e-06 0 0 0.801677 -0.597758 0 0
184.806 315.487 2.6475 4.9765 6.04147 600 0 1081 7 15 0.000107048 0.000161114 0 0 0.917124 -0.398602 0 0
194.225 315.431 2.6475 4.9765 6.04147 600 0 1119 7 13 -0.000106583 -5.12677e-06 0 0 0.971334 -0.23772 0 0
203.561 316.715 2.6475 4.9765 6.04147 600 0 1157 7 13 0.0001505 -1.22526e-07 0 0 0.961772 -0.273851 0 0
212.968 316.236 2.6475 4.9765 6.04147 600 0 1195 7 13 -0.000164241 1.05838e-05 0 0 0.933681 -0.358106 0 0
222.353 315.37 2.6475 4.9765 6.04147 600 0 1233 7 13 0.000217276 -2.32342e-05 0 0 0.958144 -0.286286 0 0
231.713 314.324 2.6475 4.9765 6.04147 600 0 1271 7 13 -0.000232735 2.63281e-05 0 0 0.925085 -0.37976 0 0
241.076 313.234 2.6475 4.9765 6.04147 600 0 1309 7 13 0.000281584 -3.17668e-05 0 0 0.948233 -0.317575 0 0
250.436 312.189 2.6475 4.9765 6.04147 600 0 1347 7 13 -0.000292858 3.15606e-05 0 0 0.968726 -0.248135 0 0
259.819 311.274 2.6475 4.9765 6.04147 600 0 1385 7 13 0.000330141 -2.70319e-05 0 0 0.943029 -0.332709 0 0
269.209 310.553 2.6475 4.9765 6.04147 600 0 1423 7 13 -0.000332225 2.33296e-05 0 0 0.952979 -0.303037 0 0
278.626 310.08 2.6475 4.9765 6.04147 600 0 1461 7 13 0.000350719 -9.48006e-06 0 0 0.919922 -0.392101 0 0
288.041 309.893 2.6475 4.9765 6.04147 600 0 1499 7 13 -0.000339682 4.51459e-06 0 0 0.869077 -0.494677 0 0
297.47 310.001 2.6475 4.9765 6.04147 600 0 1537 7 13 0.000334356 1.18742e-05 0 0 0.978024 -0.208491 0 0
306.879 310.397 2.6475 4.9765 6.04147 600 0 1575 7 13 -0.000309185 -1.43994e-05 0 0 0.961349 -0.275334 0 0
316.283 311.076 2.6475 4.9765 6.04147 600 0 1613 7 13 0.000281986 2.63538e-05 0 0 0.942993 -0.332813 0 0
325.657 311.991 2.6475 4.9765 6.04147 600 0 1651 7 13 -0.000246297 -2.41287e-05 0 0 0.992412 -0.122955 0 0
335.033 312.979 2.6475 4.9765 6.04147 600 0 1689 7 13 0.000209192 1.7312e-05 0 0 0.979806 -0.199949 0 0
344.421 313.744 2.6475 4.9765 6.04147 600 0 1727 7 13 -0.000179933 -1.53937e-05 0 0 0.96539 -0.260811 0 0
353.839 314.147 2.6475 4.9765 6.04147 600 0 1765 7 13 0.00015406 1.0112e-06 0 0 0.998189 -0.0601572 0 0
363.259 314.246 2.6475 4.9765 6.04147 600 0 1803 7 13 -0.000122515 -3.47219e-06 0 0 0.983501 -0.180902 0 0
372.68 313.934 2.6475 4.9765 6.04147 600 0 1841 7 13 0.000119848 -5.11939e-06 0 0 0.993231 -0.116152 0 0
382.094 313.558 2.6475 4.9765 6.04147 600 0 1879 7 13 -8.19436e-05 1.11827e-05 0 0 0.985082 -0.172085 0 0
391.507 314.027 2.6475 4.9765 6.04147 600 0 1917 7 13 5.34786e-05 -7.44887e-05 0 0 0.9826 -0.185735 0 0
399.955 309.851 2.6475 4.9765 6.04147 600 0 1955 7 13 0.000178955 0.000373214 0 0 0.973232 -0.229825 0 0
406.811 316.329 2.6475 4.9765 6.04147 600 0 1993 9 13 0.000436666 0.000143046 0 0 0.999897 -0.0143343 0 0
414.57 321.708 2.6475 4.9765 6.04147 0.1 0 1261 8 10 -0.00025211 0.000993327 0 0 0.994252 -0.107069 1 0
406.87 327.246 2.6475 4.9765 6.04147 600 0 1993 9 14 -0.000976686 0.000143439 0 0 0.948348 0.317233 0 0
398.36 331.465 2.6475 4.9765 6.04147 600 0 1955 7 14 -0.00317333 -0.0055503 0 0 0.943068 0.3326 0 0
390.354 326.329 2.6475 4.9765 6.04147 600 0 1917 7 14 0.00128017 0.00506743 0 0 0.907679 0.419666 0 0
380.995 328.215 2.6475 4.9765 6.04147 600 0 1879 7 14 0.000791622 -0.00110476 0 0 0.951031 0.309094 0 0
371.465 328.061 2.6475 4.9765 6.04147 600 0 1841 7 14 0.000635352 0.000126775 0 0 0.965989 0.258585 0 0
361.951 328.204 2.6475 4.9765 6.04147 600 0 1803 7 14 0.000296866 -0.000114651 0 0 0.893052 0.449953 0 0
352.457 328.019 2.6475 4.9765 6.04147 600 0 1765 7 14 0.000693411 -2.66467e-05 0 0 0.930587 0.366071 0 0
342.97 327.679 2.6475 4.9765 6.04147 600 0 1727 7 14 -3.93659e-05 1.11041e-05 0 0 0.961352 0.275321 0 0
333.514 327.387 2.6475 4.9765 6.04147 600 0 1689 7 14 0.00146898 4.51297e-05 0 0 0.936841 0.349757 0 0
324.032 327.107 2.6475 4.9765 6.04147 600 0 1651 7 14 -0.00129801 0.00100044 0 0 0.965462 0.260544 0 0
315.34 330.72 2.6475 4.9765 6.04147 600 0 1613 7 15 0.00308358 -0.00109171 0 0 0.928263 0.371923 0 0
305.882 330.401 2.6475 4.9765 6.04147 600 0 1951 7 13 -0.000894779 -0.000456539 0 0 0.853302 0.521417 0 0
310.305 338.766 2.6475 4.9765 6.04147 600 0 1989 9 13 0.000122485 0.00306723 0 0 0.763841 0.645405 0 0
310.039 348.183 2.6475 4.9765 6.04147 600 0 87 8 10 -0.000131885 -0.00122275 0 0 0.681405 0.731907 0 0
301.234 344.783 2.6475 4.9765 6.04147 600 0 1989 9 14 0.00101242 0.000105922 0 0 0.681405 0.731907 0 0
294.792 337.866 2.6475 4.9765 6.04147 600 0 1951 7 14 -0.000491662 0.000198718 0 0 0.722432 0.691442 0 0
285.865 334.811 2.6475 4.9765 6.04147 600 0 1913 7 14 0.00034281 9.14953e-05 0 0 0.729937 0.683514 0 0
277.036 331.45 2.6475 4.9765 6.04147 600 0 1461 7 15 -0.000388979 7.4529e-05 0 0 0.976571 0.215195 0 0
267.728 329.902 2.6475 4.9765 6.04147 600 0 1423 7 14 0.000328777 0.000106809 0 0 0.994331 0.106329 0 0
258.32 329.034 2.6475 4.9765 6.04147 600 0 1385 7 14 -0.000343138 4.63684e-05 0 0 0.971961 0.235143 0 0
248.885 328.865 2.6475 4.9765 6.04147 600 0 1347 7 14 0.000300237 4.04089e-05 0 0 0.990796 0.13536 0 0
239.442 329.135 2.6475 4.9765 6.04147 600 0 1309 7 14 -0.000285415 4.10001e-05 0 0 0.985847 0.167646 0 0
230.021 329.704 2.6475 4.9765 6.04147 600 0 1271 7 14 0.000220813 2.3867e-06 0 0 0.995638 0.0933051 0 0
220.604 330.455 2.6475 4.9765 6.04147 600 0 1233 7 14 -0.000210443 2.91237e-05 0 0 0.990535 0.137261 0 0
211.203 331.317 2.6475 4.9765 6.04147 600 0 1195 7 14 0.000128685 -4.4815e-06 0 0 0.996746 0.08061 0 0
201.803 332.256 2.6475 4.9765 6.04147 600 0 1157 7 14 -0.000138733 2.12368e-05 0 0 0.994267 0.106927 0 0
192.414 333.261 2.6475 4.9765 6.04147 600 0 1119 7 14 5.41655e-05 2.47377e-06 0 0 0.981891 0.189446 0 0
183.03 334.345 2.6475 4.9765 6.04147 600 0 1081 7 14 -7.77535e-05 2.11024e-05 0 0 0.999131 0.0416753 0 0
173.66 335.534 2.6475 4.9765 6.04147 600 0 1043 7 14 8.18291e-06 1.50668e-05 0 0 0.970396 0.24152 0 0
164.307 336.864 2.6475 4.9765 6.04147 600 0 1005 7 14 -2.84702e-05 2.46801e-05 0 0 0.988495 0.15125 0 0
154.981 338.369 2.6475 4.9765 6.04147 600 0 967 7 14 -2.44825e-05 2.76956e-05 0 0 0.995771 0.0918698 0 0
145.688 340.069 2.6475 4.9765 6.04147 600 0 929 7 14 2.36861e-05 1.98417e-05 0 0 0.993888 0.110391 0 0
136.432 341.969 2.6475 4.9765 6.04147 600 0 891 7 14 -7.37319e-05 6.09506e-05 0 0 0.997327 -0.0730724 0 0
127.257 344.217 2.6475 4.9765 6.04147 600 0 853 7 14 0.000128907 1.96794e-05 0 0 0.991363 0.131148 0 0
120.49 337.66 2.6475 4.9765 6.04147 600 0 815 7 14 -1.58288e-05 -4.03743e-05 0 0 0.999735 -0.0230255 0 0
118.163 346.79 2.6475 4.9765 6.04147 600 0 777 7 14 -0.000148401 5.34418e-05 0 0 0.997964 -0.0637828 0 0
111.421 340.212 2.6475 4.9765 6.04147 600 0 739 7 14 1.83316e-05 4.84995e-05 0 0 0.986161 -0.165792 0 0
109.065 349.333 2.6475 4.9765 6.04147 0.1 0 0 7 15 7.6661e-05 -4.2043e-05 0 0 5.13135e-310 1.10671e-321 0 0
100 352 2.6475 4.9765 6.04147 0.1 0 0 7 7 0.0010939 -0.0269953 0 0 1.63042e-322 5.13135e-310 0 0
100 361 2.6475 4.9765 6.04147 0.1 0 0 7 7 -0 -0 0 0 0 3.87901e-311 0 0
100 370 2.6475 4.9765 6.04147 0.1 0 0 7 7 -0 -0 0 0 1.58101e-322 5.13021e-310 0 0
100 379 2.6475 4.9765 6.04147 0.1 0 0 7 7 -0 -0 0 0 5.13135e-310 1.58101e-322 0 0
100 388 2.6475 4.9765 6.04147 0.1 0 0 7 7 -0 -0 0 0 1.58101e-322 5.13021e-310 0 0
100 397 2.6475 4.9765 6.04147 0.1 0 0 7 7 -0 -0 0 0 1.05977e-320 0 0 0
100 406 2.6475 4.9765 6.04147 0.1 0 0 7 7 -0 -0 0 0 1.58101e-322 5.13021e-310 0 0
100 415 2.6475 4.9765 6.04147 0.1 0 0 7 7 -0 -0 0 0 5.13135e-310 1.26481e-321 0 0
100 424 2.6475 4.9765 6.04147 0.1 0 0 7 7 -0 -0 0 0 3.16202e-322 5.13021e-310 0 0
100 433 2.6475 4.9765 6.04147 0.1 0 0 7 7 -0 -0 0 0 6.83753e-310 6.32404e-322 0 0
100 442 2.6475 4.9765 6.04147 0.1 0 0 7 7 -0 -0 0 0 7.63918e-312 8.78506e-312 0 0
100 451 2.6475 4.9765 6.04147 0.1 0 0 7 7 -0 -0 0 0 1.63042e-322 5.13135e-310 0 0
100 460 2.6475 4.9765 6.04147 0.1 0 0 7 7 -0 -0 0 0 6.83753e-310 0 0 0
100 469 2.6475 4.9765 6.04147 0.1 0 0 7 7 -0 -0 0 0 1.58101e-322 5.13021e-310 0 0
100 478 2.6475 4.9765 6.04147 0.1 0 0 7 7 -0 -0 0 0 5.13135e-310 3.32012e-321 0 0
100 487 2.6475 4.9765 6.04147 0.1 0 0 7 7 -0 -0 0 0 3.16202e-322 5.13021e-310 0 0
100 496 2.6475 4.9765 6.04147 0.1 0 0 7 7 -0 -0 0 0 6.83753e-310 0 0 0
100 505 2.6475 4.9765 6.04147 0.1 0 0 7 7 -0 -0 0 0 3.11261e-321 5.13135e-310 0 0
100 514 2.6475 4.9765 6.04147 0.1 0 0 7 7 -0 -0 0 0 5.13135e-310 1.58101e-322 0 0
100 523 2.6475 4.9765 6.04147 0.1 0 0 7 7 -0 -0 0 0 3.21143e-322 5.13135e-310 0 0
100 532 2.6475 4.9765 6.04147 0.1 0 0 7 7 -0 -0 0 0 5.13135e-310 0 0 0
100 541 2.6475 4.9765 6.04147 0.1 0 0 7 7 -0 -0 0 0 1.58101e-322 5.13021e-310 0 0
100 550 2.6475 4.9765 6.04147 0.1 0 0 7 7 -0 -0 0 0 0 1.41749e-311 0 0
100 559 2.6475 4.9765 6.04147 0.1 0 0 7 7 -0 -0 0 0 3.24601e-321 5.13135e-310 0 0
100 568 2.6475 4.9765 6.04147 0.1 0 0 7 7 -0 -0 0 0 5.13135e-310 0 0 0
100 577 2.6475 4.9765 6.04147 0.1 0 0 7 7 -0 -0 0 0 3.21143e-322 5.13135e-310 0 0
100 586 2.6475 4.9765 6.04147 0.1 0 0 7 7 -0 -0 0 0 5.13135e-310 3.16202e-322 0 0
100 595 2.6475 4.9765 6.04147 0.1 0 0 7 7 -0 -0 0 0 3.32506e-321 5.13135e-310 0 0
100 604 2.6475 4.9765 6.04147 0.1 0 0 7 7 -0 -0 0 0 5.13135e-310 0 0 0
100 613 2.6475 4.9765 6.04147 0.1 0 0 7 7 -0 -0 0 0 1.58101e-322 5.13021e-310 0 0
100 622 2.6475 4.9765 6.04147 0.1 0 0 7 7 -0 -0 0 0 1.26471e-311 1.45993e-311 0 0
100 631 2.6475 4.9765 6.04147 0.1 0 0 7 7 -0 -0 0 0 5.13135e-310 5.13135e-310 0 0
100 640 2.6475 4.9765 6.04147 0.1 0 0 7 7 -0 -0 0 0 5.13135e-310 5.13135e-310 0 0
100 649 2.6475 4.9765 6.04147 0.1 0 0 7 7 -0 -0 0 0 5.13135e-310 5.13135e-310 0 0
100 658 2.6475 4.9765 6.04147 0.1 0 0 7 7 0.000681856 0.0269764 0 0 5.13135e-310 5.13135e-310 0 0
108.626 661.831 2.6475 4.9765 6.04147 0.1 0 0 7 15 2.18919e-05 -8.13649e-06 0 0 5.13135e-310 5.13135e-310 0 0
117.332 665.476 2.6475 4.9765 6.04147 600 0 826 7 13 -4.94702e-05 -5.60649e-05 0 0 0.990829 0.135122 0 0
126.2 668.711 2.6475 4.9765 6.04147 600 0 826 7 13 8.17479e-05 -2.63143e-05 0 0 0.997261 0.0739611 0 0
135.266 671.326 2.6475 4.9765 6.04147 600 0 864 7 13 -0.000155829 -9.78738e-05 0 0 0.999953 0.00965751 0 0
144.527 673.153 2.6475 4.9765 6.04147 600 0 902 7 13 0.000194887 -3.84228e-05 0 0 0.998407 0.0564226 0 0
153.913 674.073 2.6475 4.9765 6.04147 600 0 940 7 15 -0.000377925 -7.58848e-05 0 0 0.999923 -0.0123775 0 0
163.355 674.077 2.6475 4.9765 6.04147 600 0 1397 7 13 0.000433531 -7.59116e-05 0 0 0.996705 -0.0811164 0 0
172.74 673.221 2.6475 4.9765 6.04147 600 0 1435 7 13 -0.000727599 5.79912e-05 0 0 0.925821 -0.377963 0 0
182.05 671.616 2.6475 4.9765 6.04147 600 0 1473 7 13 0.000848096 -0.000210348 0 0 0.911566 -0.411153 0 0
191.204 669.421 2.6475 4.9765 6.04147 600 0 1511 7 13 -0.00112011 0.000277712 0 0 0.841158 -0.54079 0 0
200.276 666.758 2.6475 4.9765 6.04147 600 0 1549 7 13 0.00133288 -0.000436965 0 0 0.775773 -0.631012 0 0
209.202 663.787 2.6475 4.9765 6.04147 600 0 1587 7 13 -0.00141239 0.000476511 0 0 0.833407 -0.55266 0 0
218.109 660.591 2.6475 4.9765 6.04147 600 0 1625 7 13 0.00165273 -0.000611544 0 0 0.789604 -0.613617 0 0
226.926 657.312 2.6475 4.9765 6.04147 600 0 1663 7 13 -0.00155169 0.000577588 0 0 0.844005 -0.536336 0 0
235.794 653.992 2.6475 4.9765 6.04147 600 0 1701 7 13 0.00171071 -0.000629147 0 0 0.796345 -0.604842 0 0
244.626 650.749 2.6475 4.9765 6.04147 600 0 1739 7 13 -0.0016183 0.000593405 0 0 0.85954 -0.511069 0 0
253.554 647.593 2.6475 4.9765 6.04147 600 0 1777 7 13 0.00157969 -0.000532685 0 0 0.822497 -0.568769 0 0
262.473 644.591 2.6475 4.9765 6.04147 600 0 1815 7 13 -0.00164403 0.000550898 0 0 0.833765 -0.55212 0 0
271.497 641.743 2.6475 4.9765 6.04147 600 0 1853 7 13 0.00124198 -0.000419264 0 0 0.819656 -0.572856 0 0
280.405 638.714 2.6475 4.9765 6.04147 600 0 1891 7 13 -0.00134437 0.000416797 0 0 0.897046 -0.441937 0 0
289.733 637.227 2.6475 4.9765 6.04147 600 0 1929 7 13 0.000552423 -0.000347321 0 0 0.864677 -0.502328 0 0
295.815 631.481 2.05972 3.87165 4.70018 600 0 1967 7 13 -0.000481689 0.000245665 0 0 0.908979 -0.416841 0 0
302.608 634.466 2.05972 3.87165 4.27197 600 0 1967 11 13 4.89334e-05 5.51783e-05 0 0 0.90607 -0.423128 0 0
311.013 635.399 2.6475 4.9765 6.04147 600 0 603 8 10 -0.000199378 0.000187345 0 0 0.93261 -0.360886 0 0
306.13 642.302 2.05972 3.87165 4.27197 600 0 1967 11 14 -0.000119715 0.000146864 0 0 0.93261 -0.360886 0 0
304.386 649.614 2.05972 3.87165 4.27197 600 0 1967 7 14 -0.00178478 -0.000202049 0 0 0.993953 -0.109808 0 0
295.946 648.522 2.6475 4.9765 6.04147 600 0 1929 7 14 -0.00186315 0.00154568 0 0 0.987688 -0.156437 0 0
286.987 651.73 2.6475 4.9765 6.04147 600 0 1891 7 14 -0.00181069 0.000445107 0 0 0.987978 -0.154592 0 0
277.877 654.663 2.6475 4.9765 6.04147 600 0 1853 7 14 -0.000972121 0.000138629 0 0 0.947232 -0.320549 0 0
268.664 657.382 2.6475 4.9765 6.04147 600 0 1815 7 14 0.000204763 -8.59738e-05 0 0 0.938375 -0.345619 0 0
259.446 660.069 2.6475 4.9765 6.04147 600 0 1777 7 14 0.00107391 0.000159455 0 0 0.977753 -0.20976 0 0
250.501 663.481 2.6475 4.9765 6.04147 600 0 1739 7 14 0.00101308 -0.000441647 0 0 0.957156 -0.289572 0 0
241.551 666.79 2.6475 4.9765 6.04147 600 0 1701 7 14 0.000897108 -0.000160867 0 0 0.971313 -0.237804 0 0
232.784 670.487 2.6475 4.9765 6.04147 600 0 1663 7 14 0.000668524 -0.000273945 0 0 0.940657 -0.339359 0 0
224.045 674.205 2.6475 4.9765 6.04147 600 0 1625 7 14 0.000350742 -4.13714e-05 0 0 0.956728 -0.290983 0 0
215.477 678.259 2.6475 4.9765 6.04147 600 0 1587 7 14 0.000440774 -0.000467624 0 0 0.916902 -0.399112 0 0
206.481 681.225 2.6475 4.9765 6.04147 600 0 1549 7 14 0.00033604 0.000580267 0 0 0.939873 -0.341525 0 0
199.123 687.152 2.6475 4.9765 6.04147 600 0 1511 7 14 0.000628255 -0.00100185 0 0 0.883377 -0.468663 0 0
189.841 689.021 2.6475 4.9765 6.04147 600 0 1473 7 14 -0.000828317 0.00130596 0 0 0.925062 -0.379816 0 0
181.087 692.477 2.6475 4.9765 6.04147 600 0 1435 7 14 0.00214211 -9.37141e-05 0 0 0.945955 -0.324298 0 0
188.393 698.306 2.6475 4.9765 6.04147 600 0 1092 7 15 -0.00422191 -0.00222686 0 0 0.998379 -0.0569118 0 0
197.648 700.46 2.6475 4.9765 6.04147 600 0 1130 7 13 0.00608178 0.00196581 0 0 0.999949 0.0100708 0 0
206.086 704.445 2.6475 4.9765 6.04147 600 0 1168 7 13 -0.00385294 -0.00152449 0 0 0.998769 -0.0496129 0 0
215.26 706.995 2.6475 4.9765 6.04147 600 0 1206 7 13 0.00484563 0.00133353 0 0 0.98563 -0.16892 0 0
224.301 709.475 2.6475 4.9765 6.04147 600 0 1244 7 13 -0.00399536 -0.00109233 0 0 0.997031 0.0770073 0 0
233.507 711.951 2.6475 4.9765 6.04147 600 0 1282 7 13 0.00426452 0.00115517 0 0 0.999974 -0.00714572 0 0
242.588 714.414 2.6475 4.9765 6.04147 600 0 1320 7 13 -0.00292471 -0.000790508 0 0 0.996404 -0.0847254 0 0
251.778 716.943 2.6475 4.9765 6.04147 600 0 1358 7 13 0.00318212 0.00091344 0 0 0.990483 -0.137639 0 0
260.821 719.519 2.6475 4.9765 6.04147 600 0 1396 7 13 -0.00491519 -0.00141762 0 0 0.984135 0.17742 0 0
269.966 722.278 2.6475 4.9765 6.04147 600 0 1434 7 13 0.00516138 0.00164455 0 0 0.99787 -0.0652264 0 0
278.882 725.157 2.6475 4.9765 6.04147 600 0 1472 7 13 -0.00563912 -0.0018512 0 0 0.995014 -0.0997389 0 0
287.928 728.259 2.6475 4.9765 6.04147 600 0 1510 7 13 0.00577513 0.00202963 0 0 0.979216 -0.202821 0 0
296.784 731.398 2.6475 4.9765 6.04147 600 0 1548 7 13 -0.0036577 -0.00129638 0 0 0.994044 -0.108981 0 0
305.848 734.609 2.6475 4.9765 6.04147 600 0 1586 7 13 0.00781364 0.00269995 0 0 0.982917 -0.184051 0 0
314.605 737.642 2.6475 4.9765 6.04147 600 0 1624 7 13 -0.0231375 -0.00789362 0 0 0.998868 -0.0475756 0 0
323.927 740.796 2.6475 4.9765 6.04147 600 0 1662 7 13 0.0214134 0.00723722 0 0 0.995445 -0.0953344 0 0
332.34 743.627 2.6475 4.9765 6.04147 600 0 1700 7 13 -0.0639238 -0.022031 0 0 0.988871 -0.148775 0 0
342.395 747.102 2.6475 4.9765 6.04147 600 0 1738 7 13 0.0624214 0.021652 0 0 0.996222 -0.0868473 0 0
350.218 749.943 2.6475 4.9765 6.04147 600 0 1776 7 13 -0.0175644 -0.00660256 0 0 0.98584 -0.167691 0 0
359.264 753.395 2.6475 4.9765 6.04147 600 0 1814 7 13 0.0142992 0.00548468 0 0 0.964253 -0.264982 0 0
367.799 756.769 2.6475 4.9765 6.04147 600 0 1852 7 13 -0.00428018 -0.00162455 0 0 0.997734 -0.0672873 0 0
376.699 760.038 2.6475 4.9765 6.04147 600 0 1890 7 13 0.00293429 0.00120127 0 0 0.985899 -0.16734 0 0
384.802 764.752 2.6475 4.9765 6.04147 600 0 1928 7 13 -0.00103062 -0.000286983 0 0 0.993179 -0.116599 0 0
393.318 763.77 2.10402 3.95492 4.27197 600 0 1966 7 13 0.000401736 -0.000189732 0 0 0.976604 -0.215044 0 0
395.714 771.108 2.10402 3.95492 4.27197 600 0 1966 11 13 -0.000151973 -6.72531e-05 0 0 0.973403 0.229101 0 0
401.641 777.279 2.6475 4.9765 6.04147 0.1 0 1212 8 10 -0.00015446 -1.00788e-05 0 0 0.973403 0.229101 0 0
393.434 779.714 2.10402 3.95492 4.27197 600 0 1966 11 14 -0.000129697 4.68174e-05 0 0 0.937307 0.348504 0 0
386.588 783.011 2.10402 3.95492 4.80127 600 0 1966 7 14 -0.00029038 -0.000363775 0 0 0.939687 0.342034 0 0
380.658 776.972 2.6475 4.9765 6.04147 600 0 1928 7 14 -0.000669632 2.93604e-05 0 0 0.949274 0.314451 0 0
371.643 774.16 2.6475 4.9765 6.04147 600 0 1890 7 14 -0.000356125 -0.000275188 0 0 0.90692 0.421302 0 0
362.962 770.412 2.6475 4.9765 6.04147 600 0 1852 7 14 -0.000355001 -0.000132798 0 0 0.945027 0.326991 0 0
354.238 766.748 2.6475 4.9765 6.04147 600 0 1814 7 14 -4.24074e-05 1.73522e-05 0 0 0.946755 0.321955 0 0
345.447 763.232 2.6475 4.9765 6.04147 600 0 1776 7 14 -0.000146751 2.51444e-05 0 0 0.96672 0.255835 0 0
336.532 760.058 2.6475 4.9765 6.04147 600 0 1738 7 14 0.00033988 0.000142266 0 0 0.973398 0.229119 0 0
327.572 756.991 2.6475 4.9765 6.04147 600 0 1700 7 14 -0.000219067 -2.12696e-05 0 0 0.862419 0.506196 0 0
318.553 754.173 2.6475 4.9765 6.04147 600 0 1662 7 14 0.000932505 0.000250132 0 0 0.837876 0.54586 0 0
309.643 750.964 2.6475 4.9765 6.04147 600 0 1624 7 14 -0.000881947 -0.000196128 0 0 0.889214 0.457491 0 0
300.61 748.314 2.6475 4.9765 6.04147 600 0 1586 7 15 0.00297303 -0.00094171 0 0 0.908854 0.417115 0 0
291.157 748.954 2.6475 4.9765 6.04147 600 0 1929 7 13 -0.00134048 -0.00115439 0 0 0.942313 0.334734 0 0
296.342 755.584 2.05972 3.87165 4.70018 600 0 1967 7 13 -0.00017911 0.00404781 0 0 0.76879 0.639501 0 0
294.937 762.797 2.05972 3.87165 4.27197 600 0 1967 11 13 0.000573182 -0.0030584 0 0 0.539562 0.841946 0 0
293.408 771.132 2.6475 4.9765 6.04147 600 0 109 8 10 -0.000852032 0.000118189 0 0 0.556495 0.830851 0 0
286.611 766.017 2.05972 3.87165 4.27197 600 0 1967 11 14 -0.00101555 -0.000788575 0 0 0.539562 0.841946 0 0
280.572 761.389 2.05972 3.87165 4.27197 600 0 1967 7 14 0.00185858 0.000367321 0 0 0.377866 0.92586 0 0
279.497 752.964 2.6475 4.9765 6.04147 600 0 1929 7 14 -0.000504729 0.000726847 0 0 0.693925 0.720047 0 0
271.666 747.692 2.6475 4.9765 6.04147 600 0 1891 7 14 -3.26349e-06 -0.00011661 0 0 0.690209 0.72361 0 0
264.458 741.594 2.6475 4.9765 6.04147 600 0 1434 7 15 -0.000196841 8.00242e-05 0 0 0.895761 0.444537 0 0
256.204 737.004 2.6475 4.9765 6.04147 600 0 1396 7 14 -0.000191935 -1.18432e-05 0 0 0.946526 0.322626 0 0
247.636 733.023 2.6475 4.9765 6.04147 600 0 1358 7 14 -0.000165127 2.45508e-05 0 0 0.854627 0.519243 0 0
238.802 729.66 2.6475 4.9765 6.04147 600 0 1320 7 14 -0.00018287 5.45304e-07 0 0 0.887379 0.46104 0 0
229.823 726.696 2.6475 4.9765 6.04147 600 0 1282 7 14 -0.000116385 1.33566e-05 0 0 0.92413 0.382078 0 0
220.752 724.014 2.6475 4.9765 6.04147 600 0 1244 7 14 -0.000135686 -7.08869e-06 0 0 0.839118 0.54395 0 0
211.631 721.5 2.6475 4.9765 6.04147 600 0 1206 7 14 -5.98185e-05 6.62424e-06 0 0 0.881974 0.471298 0 0
202.475 719.102 2.6475 4.9765 6.04147 600 0 1168 7 14 -8.95986e-05 -4.47428e-06 0 0 0.808302 0.588768 0 0
193.296 716.795 2.6475 4.9765 6.04147 600 0 1130 7 14 -1.23026e-05 1.72834e-05 0 0 0.86734 0.497717 0 0
184.09 714.585 2.6475 4.9765 6.04147 600 0 1092 7 14 -6.09971e-05 1.61162e-05 0 0 0.9066 0.421991 0 0
174.852 712.52 2.6475 4.9765 6.04147 600 0 1054 7 14 2.40621e-05 4.73147e-05 0 0 0.943408 0.331635 0 0
165.569 710.657 2.6475 4.9765 6.04147 600 0 1016 7 14 -5.75537e-05 4.96206e-05 0 0 0.897755 0.440496 0 0
156.234 709.085 2.6475 4.9765 6.04147 600 0 978 7 14 6.05075e-05 8.65105e-05 0 0 0.924162 0.382001 0 0
146.841 707.894 2.6475 4.9765 6.04147 600 0 940 7 14 -8.41823e-05 0.000104229 0 0 0.941578 0.336795 0 0
137.397 707.26 2.6475 4.9765 6.04147 600 0 902 7 14 0.000129721 7.31483e-05 0 0 0.944046 0.329815 0 0
127.933 706.97 2.6475 4.9765 6.04147 600 0 864 7 14 -0.000147217 0.00031889 0 0 0.975962 0.217942 0 0
118.556 708.242 2.6475 4.9765 6.04147 600 0 826 7 14 0.000241512 9.8095e-05 0 0 0.976031 0.217632 0 0
112.231 701.254 2.6475 4.9765 6.04147 600 0 788 7 14 2.94209e-05 -9.49808e-05 0 0 0.999997 -0.00261996 0 0
109.292 710.205 2.6475 4.9765 6.04147 0.1 0 0 7 15 -0.00015905 8.63129e-05 0 0 5.13135e-310 5.13135e-310 0 0
100 712 2.6475 4.9765 6.04147 0.1 0 0 7 7 0.00182564 -0.0270263 0 0 5.13135e-310 5.13135e-310 0 0
100 721 2.6475 4.9765 6.04147 0.1 0 0 7 7 -0 -0 0 0 5.13135e-310 5.13135e-310 0 0
100 730 2.6475 4.9765 6.04147 0.1 0 0 7 7 -0 -0 0 0 5.13135e-310 5.13135e-310 0 0
100 739 2.6475 4.9765 6.04147 0.1 0 0 7 7 -0 -0 0 0 5.13135e-310 5.13135e-310 0 0
100 748 2.6475 4.9765 6.04147 0.1 0 0 7 7 -0 -0 0 0 5.13135e-310 5.13135e-310 0 0
100 757 2.6475 4.9765 6.04147 0.1 0 0 7 7 -0 -0 0 0 5.13135e-310 5.13135e-310 0 0
100 766 2.6475 4.9765 6.04147 0.1 0 0 7 7 -0 -0 0 0 5.13135e-310 5.13135e-310 0 0
100 775 2.6475 4.9765 6.04147 0.1 0 0 7 7 -0 -0 0 0 5.13135e-310 5.13135e-310 0 0
100 784 2.6475 4.9765 6.04147 0.1 0 0 7 7 -0 -0 0 0 5.13135e-310 5.13135e-310 0 0
100 793 2.6475 4.9765 6.04147 0.1 0 0 7 7 -0 -0 0 0 5.13135e-310 5.13135e-310 0 0
100 802 2.6475 4.9765 6.04147 0.1 0 0 7 7 -0 0.0266735 0 0 5.13135e-310 5.13135e-310 0 0
662.142 366.626 5.295 9.953 12.0829 0 0 2000 16 -1 -0 -0 0 0 -0.051032 0.998697 24181 -1141620256
562.701 479.696 5.295 9.953 12.0829 0 0 2000 16 -1 -5.88558e-10 1.12404e-10 0 0 0.998879 -0.0473309 24181 -1141616736
512.443 399.389 5.295 9.953 12.0829 0 0 2000 16 -1 -0 -0 0 0 0.922171 0.386782 24181 -1141613216
477.539 625.207 5.295 9.953 12.0829 0 0 2000 16 -1 -0 -0 0 0 0.935723 -0.352735 32222 -1140445024
582.296 567.435 5.295 9.953 12.0829 0 0 2000 16 -1 -0 -0 0 0 0.576747 -0.816923 0 32
573.735 317.016 5.295 9.953 12.0829 0 0 2000 16 -1 -0 -0 0 0 0.728881 0.68464 24176 -1140989536
762.831 396.072 5.295 9.953 12.0829 0 0 2000 16 -1 -0 -0 0 0 -0.365814 0.930688 0 32
714.767 549.456 5.295 9.953 12.0829 0 0 2000 16 -1 2.33819e-10 6.46726e-10 0 0 -0.793746 -0.608249 24176 439
576.407 515.699 5.295 9.953 12.0829 0 0 2000 16 -1 -0 -0 0 0 0.999825 -0.0187072 24176 33
624.322 387.128 5.295 9.953 12.0829 0 0 2000 16 -1 -0 -0 0 0 0.0170857 0.999854 32222 -1140457536
