0 0 30 0 0.05
1 0 13 11 0 128 0 0
2 0 13 10 0 128 0 0
3 0 12 11 0 128 0 0
4 0 12 9 0 128 0 0
5 0 11 7 0 128 0 0
6 0 11 6 0 128 0 0
7 0 11 4 0 128 0 0
8 0 11 3 0 128 0 0
9 0 10 3 0 128 0 0
10 0 12 3 0 128 0 0
11 0 14 3 0 128 0 0
12 0 13 3 0 128 0 0
13 0 16 4 0 128 0 0
14 0 22 3 0 128 0 0
15 0 23 4 0 128 0 0
16 0 26 4 0 128 0 0
17 0 28 4 0 128 0 0
18 0 30 3 0 128 0 0
19 0 28 5 0 128 0 0
20 0 27 6 0 128 0 0
21 0 29 5 0 128 0 0
22 0 29 4 0 128 0 0
23 0 31 4 0 128 0 0
24 0 31 3 0 128 0 0
25 0 30 3 0 128 0 0
26 0 30 3 0 128 0 0
27 0 32 3 0 128 0 0
28 0 32 1 0 128 0 0
29 0 31 0 0 128 0 0
30 0 32 1 0 128 0 0
31 0 34 1 0 128 0 0
32 0 32 2 1 128 0 0
33 0 34 2 1 128 0 0
34 0 33 2 2 128 0 0
35 0 29 2 6 128 0 0
36 0 28 2 7 128 0 0
37 0 32 2 7 128 0 0
38 0 33 2 7 128 0 0
39 0 32 2 7 128 0 0
40 0 32 2 7 128 0 0
41 0 29 1 10 128 0 0
42 0 26 2 12 128 0 0
43 0 25 2 13 128 0 0
44 0 22 3 15 128 0 0
45 0 21 3 16 128 0 0
46 0 21 3 16 128 0 0
47 0 20 3 17 128 0 0
48 0 21 2 18 128 0 0
49 0 20 2 19 128 0 0
50 0 19 3 20 128 0 0
51 0 19 2 20 128 0 0
52 0 18 3 20 128 0 0
53 0 17 3 20 128 0 0
54 0 16 3 21 128 0 0
55 0 15 4 21 128 0 0
56 0 14 4 22 128 0 0
57 0 15 5 22 128 0 0
58 0 15 5 22 128 0 0
59 0 15 4 22 128 0 0
60 0 17 4 22 128 0 0
61 0 16 3 23 128 0 0
62 0 18 2 23 128 0 0
63 0 16 2 25 128 0 0
64 0 15 1 26 128 0 0
65 0 14 1 27 128 0 0
66 0 12 1 28 128 0 0
67 0 12 1 28 128 0 0
68 0 14 1 28 128 0 0
69 0 14 1 28 128 0 0
70 0 15 1 29 128 0 0
71 0 15 1 31 128 0 0
72 0 15 1 31 128 0 0
73 0 16 1 32 128 0 0
74 0 16 1 32 128 0 0
75 0 18 0 32 128 0 0
76 0 17 0 33 128 0 0
77 0 16 0 34 128 0 0
78 0 15 1 34 128 0 0
79 0 15 1 34 128 0 0
80 0 14 1 35 128 0 0
81 0 14 1 35 128 0 0
82 0 14 1 35 128 0 0
83 0 14 1 35 128 0 0
84 0 16 1 35 128 0 0
85 0 15 1 36 128 0 0
86 0 15 1 36 128 0 0
87 0 12 0 39 128 0 0
88 0 11 0 40 128 0 0
89 0 11 0 40 128 0 0
90 0 11 0 40 128 0 0
91 0 10 0 41 128 0 0
92 0 8 0 43 128 0 0
93 0 8 0 43 128 0 0
94 0 8 0 43 128 0 0
95 0 8 0 43 128 0 0
96 0 10 0 43 128 0 0
97 0 8 0 45 128 0 0
98 0 8 0 45 128 0 0
99 0 7 0 46 128 0 0
100 0 7 0 46 128 0 0
101 0 7 0 46 128 0 0
102 0 7 0 46 128 0 0
103 0 7 0 46 128 0 0
104 0 7 0 46 128 0 0
105 0 7 0 46 128 0 0
106 0 7 0 46 128 0 0
107 0 7 0 46 128 0 0
108 0 7 0 46 128 0 0
109 0 6 0 47 128 0 0
110 0 6 0 47 128 0 0
111 0 6 0 47 128 0 0
112 0 6 0 47 128 0 0
113 0 6 0 47 128 0 0
114 0 6 0 47 128 0 0
115 0 6 0 47 128 0 0
116 0 5 0 47 128 0 0
117 0 5 0 47 128 0 0
118 0 5 0 47 128 0 0
119 0 5 0 47 128 0 0
120 0 5 0 47 128 0 0
121 0 5 0 47 128 0 0
122 0 5 0 47 128 0 0
123 0 5 0 47 128 0 0
124 0 4 0 48 128 0 0
125 0 4 0 48 128 0 0
126 0 4 0 48 128 0 0
127 0 4 0 48 128 0 0
128 0 4 0 48 128 0 0
129 0 4 0 48 128 0 0
130 0 4 0 48 128 0 0
131 0 4 0 48 128 0 0
132 0 4 0 48 128 0 0
133 0 4 0 48 128 0 0
134 0 4 0 48 128 0 0
135 0 4 0 48 128 0 0
136 0 4 0 48 128 0 0
137 0 3 0 49 128 0 0
138 0 2 0 50 128 0 0
139 0 2 0 50 128 0 0
140 0 2 0 50 128 0 0
141 0 2 0 50 128 0 0
142 0 2 0 50 128 0 0
143 0 2 0 50 128 0 0
144 0 2 0 50 128 0 0
145 0 2 0 50 128 0 0
146 0 2 0 50 128 0 0
147 0 2 0 50 128 0 0
148 0 2 0 50 128 0 0
149 0 2 0 50 128 0 0
150 0 2 0 50 128 0 0
151 0 1 0 51 128 0 0
152 0 1 0 51 128 0 0
153 0 1 0 51 128 0 0
154 0 1 0 51 128 0 0
155 0 1 0 51 128 0 0
156 0 1 0 51 128 0 0
157 0 1 0 51 128 0 0
158 0 1 0 51 128 0 0
159 0 1 0 51 128 0 0
160 0 1 0 51 128 0 0
161 0 1 0 51 128 0 0
162 0 1 0 51 128 0 0
163 0 1 0 51 128 0 0
164 0 1 0 51 128 0 0
165 0 1 0 51 128 0 0
166 0 1 0 51 128 0 0
167 0 1 0 51 128 0 0
168 0 1 0 51 128 0 0
169 0 1 0 51 128 0 0
170 0 1 0 51 128 0 0
171 0 1 0 51 128 0 0
172 0 1 0 51 128 0 0
173 0 1 0 51 128 0 0
174 0 1 0 51 128 0 0
175 0 1 0 51 128 0 0
176 0 1 0 51 128 0 0
177 0 1 0 51 128 0 0
178 0 1 0 51 128 0 0
179 0 1 0 51 128 0 0
180 0 1 0 51 128 0 0
181 0 1 0 51 128 0 0
182 0 1 0 51 128 0 0
183 0 1 0 51 128 0 0
184 0 1 0 51 128 0 0
185 0 1 0 51 128 0 0
186 0 1 0 51 128 0 0
187 0 1 0 51 128 0 0
188 0 1 0 51 128 0 0
189 0 1 0 51 128 0 0
190 0 1 0 51 128 0 0
191 0 1 0 51 128 0 0
192 0 1 0 51 128 0 0
193 0 0 0 52 128 0 0
194 0 0 0 52 128 0 0
195 0 0 0 52 128 0 0
196 0 0 0 52 128 0 0
197 0 0 0 52 128 0 0
198 0 0 0 52 128 0 0
199 0 0 0 52 128 0 0
200 0 0 0 52 128 0 0
201 0 0 0 52 128 0 0
202 0 0 0 52 128 0 0
203 0 0 0 52 128 0 0
204 0 0 0 52 128 0 0
205 0 0 0 52 128 0 0
206 0 0 0 52 128 0 0
207 0 0 0 52 128 0 0
208 0 0 0 52 128 0 0
209 0 0 0 52 128 0 0
210 0 0 0 52 128 0 0
211 0 0 0 52 128 0 0
212 0 0 0 52 128 0 0
213 0 0 0 52 128 0 0
214 0 0 0 52 128 0 0
215 0 0 0 52 128 0 0
216 0 0 0 52 128 0 0
217 0 0 0 52 128 0 0
218 0 0 0 52 128 0 0
219 0 0 0 52 128 0 0
220 0 0 0 52 128 0 0
221 0 0 0 52 128 0 0
222 0 0 0 52 128 0 0
223 0 0 0 52 128 0 0
224 0 0 0 52 128 0 0
225 0 0 0 52 128 0 0
226 0 0 0 52 128 0 0
227 0 0 0 52 128 0 0
228 0 0 0 52 128 0 0
229 0 0 0 52 128 0 0
230 0 0 0 52 128 0 0
231 0 0 0 52 128 0 0
232 0 0 0 52 128 0 0
233 0 0 0 52 128 0 0
234 0 0 0 52 128 0 0
235 0 0 0 52 128 0 0
236 0 0 0 52 128 0 0
237 0 0 0 52 128 0 0
238 0 0 0 52 128 0 0
239 0 0 0 52 128 0 0
240 0 0 0 52 128 0 0
241 0 0 0 52 128 0 0
242 0 0 0 52 128 0 0
243 0 0 0 52 128 0 0
244 0 0 0 52 128 0 0
245 0 0 0 52 128 0 0
246 0 0 0 52 128 0 0
247 0 0 0 52 128 0 0
248 0 0 0 52 128 0 0
249 0 0 0 52 128 0 0
250 0 0 0 52 128 0 0
251 0 0 0 52 128 0 0
252 0 0 0 52 128 0 0
253 0 0 0 52 128 0 0
254 0 0 0 52 128 0 0
255 0 0 0 52 128 0 0
256 0 0 0 52 128 0 0
257 0 0 0 52 128 0 0
258 0 0 0 52 128 0 0
259 0 0 0 52 128 0 0
260 0 0 0 52 128 0 0
261 0 0 0 52 128 0 0
262 0 0 0 52 128 0 0
263 0 0 0 52 128 0 0
264 0 0 0 52 128 0 0
265 0 0 0 52 128 0 0
266 0 0 0 52 128 0 0
267 0 0 0 52 128 0 0
268 0 0 0 52 128 0 0
269 0 0 0 52 128 0 0
270 0 0 0 52 128 0 0
271 0 0 0 52 128 0 0
272 0 0 0 52 128 0 0
273 0 0 0 52 128 0 0
274 0 0 0 52 128 0 0
275 0 0 0 52 128 0 0
276 0 0 0 52 128 0 0
277 0 0 0 52 128 0 0
278 0 0 0 52 128 0 0
279 0 0 0 52 128 0 0
280 0 0 0 52 128 0 0
281 0 0 0 52 128 0 0
282 0 0 0 52 128 0 0
283 0 0 0 52 128 0 0
284 0 0 0 52 128 0 0
285 0 0 0 52 128 0 0
286 0 0 0 52 128 0 0
287 0 0 0 52 128 0 0
288 0 0 0 52 128 0 0
289 0 0 0 52 128 0 0
290 0 0 0 52 128 0 0
291 0 0 0 52 128 0 0
292 0 0 0 52 128 0 0
293 0 0 0 52 128 0 0
294 0 0 0 52 128 0 0
295 0 0 0 52 128 0 0
296 0 0 0 52 128 0 0
297 0 0 0 52 128 0 0
298 0 0 0 52 128 0 0
299 0 0 0 52 128 0 0
300 0 0 0 52 128 0 0
301 0 0 0 52 128 0 0
302 0 0 0 52 128 0 0
303 0 0 0 52 128 0 0
304 0 0 0 52 128 0 0
305 0 0 0 52 128 0 0
306 0 0 0 52 128 0 0
307 0 0 0 52 128 0 0
308 0 0 0 52 128 0 0
309 0 0 0 52 128 0 0
310 0 0 0 52 128 0 0
311 0 0 0 52 128 0 0
312 0 0 0 52 128 0 0
313 0 0 0 52 128 0 0
314 0 0 0 52 128 0 0
315 0 0 0 52 128 0 0
316 0 0 0 52 128 0 0
317 0 0 0 52 128 0 0
318 0 0 0 52 128 0 0
319 0 0 0 52 128 0 0
320 0 0 0 52 128 0 0
321 0 0 0 52 128 0 0
322 0 0 0 52 128 0 0
323 0 0 0 52 128 0 0
324 0 0 0 52 128 0 0
325 0 0 0 52 128 0 0
326 0 0 0 52 128 0 0
327 0 0 0 52 128 0 0
328 0 0 0 52 128 0 0
329 0 0 0 52 128 0 0
330 0 0 0 52 128 0 0
331 0 0 0 52 128 0 0
332 0 0 0 52 128 0 0
333 0 0 0 52 128 0 0
334 0 0 0 52 128 0 0
335 0 0 0 52 128 0 0
336 0 0 0 52 128 0 0
337 0 0 0 52 128 0 0
338 0 0 0 52 128 0 0
339 0 0 0 52 128 0 0
340 0 0 0 52 128 0 0
341 0 0 0 52 128 0 0
342 0 0 0 52 128 0 0
343 0 0 0 52 128 0 0
344 0 0 0 52 128 0 0
345 0 0 0 52 128 0 0
346 0 0 0 52 128 0 0
347 0 0 0 52 128 0 0
348 0 0 0 52 128 0 0
349 0 0 0 52 128 0 0
350 0 0 0 52 128 0 0
351 0 0 0 52 128 0 0
352 0 0 0 52 128 0 0
353 0 0 0 52 128 0 0
354 0 0 0 52 128 0 0
355 0 0 0 52 128 0 0
356 0 0 0 52 128 0 0
357 0 0 0 52 128 0 0
358 0 0 0 52 128 0 0
359 0 0 0 52 128 0 0
360 0 0 0 52 128 0 0
361 0 0 0 52 128 0 0
362 0 0 0 52 128 0 0
363 0 0 0 52 128 0 0
364 0 0 0 52 128 0 0
365 0 0 0 52 128 0 0
366 0 0 0 52 128 0 0
367 0 0 0 52 128 0 0
368 0 0 0 52 128 0 0
369 0 0 0 52 128 0 0
370 0 0 0 52 128 0 0
371 0 0 0 52 128 0 0
372 0 0 0 52 128 0 0
373 0 0 0 52 128 0 0
374 0 0 0 52 128 0 0
375 0 0 0 52 128 0 0
376 0 0 0 52 128 0 0
377 0 0 0 52 128 0 0
378 0 0 0 52 128 0 0
379 0 0 0 52 128 0 0
380 0 0 0 52 128 0 0
381 0 0 0 52 128 0 0
382 0 0 0 52 128 0 0
383 0 0 0 52 128 0 0
384 0 0 0 52 128 0 0
385 0 0 0 52 128 0 0
386 0 0 0 52 128 0 0
387 0 0 0 52 128 0 0
388 0 0 0 52 128 0 0
389 0 0 0 52 128 0 0
390 0 0 0 52 128 0 0
391 0 0 0 52 128 0 0
392 0 0 0 52 128 0 0
393 0 0 0 52 128 0 0
394 0 0 0 52 128 0 0
395 0 0 0 52 128 0 0
396 0 0 0 52 128 0 0
397 0 0 0 52 128 0 0
398 0 0 0 52 128 0 0
399 0 0 0 52 128 0 0
400 0 0 0 52 128 0 0
401 0 0 0 52 128 0 0
402 0 0 0 52 128 0 0
403 0 0 0 52 128 0 0
404 0 0 0 52 128 0 0
405 0 0 0 52 128 0 0
406 0 0 0 52 128 0 0
407 0 0 0 52 128 0 0
408 0 0 0 52 128 0 0
409 0 0 0 52 128 0 0
410 0 0 0 52 128 0 0
411 0 0 0 52 128 0 0
412 0 0 0 52 128 0 0
413 0 0 0 52 128 0 0
414 0 0 0 52 128 0 0
415 0 0 0 52 128 0 0
416 0 0 0 52 128 0 0
417 0 0 0 52 128 0 0
418 0 0 0 52 128 0 0
419 0 0 0 52 128 0 0
420 0 0 0 52 128 0 0
421 0 0 0 52 128 0 0
422 0 0 0 52 128 0 0
423 0 0 0 52 128 0 0
424 0 0 0 52 128 0 0
425 0 0 0 52 128 0 0
426 0 0 0 52 128 0 0
427 0 0 0 52 128 0 0
428 0 0 0 52 128 0 0
429 0 0 0 52 128 0 0
430 0 0 0 52 128 0 0
431 0 0 0 52 128 0 0
432 0 0 0 52 128 0 0
433 0 0 0 52 128 0 0
434 0 0 0 52 128 0 0
435 0 0 0 52 128 0 0
436 0 0 0 52 128 0 0
437 0 0 0 52 128 0 0
438 0 0 0 52 128 0 0
439 0 0 0 52 128 0 0
440 0 0 0 52 128 0 0
441 0 0 0 52 128 0 0
442 0 0 0 52 128 0 0
443 0 0 0 52 128 0 0
444 0 0 0 52 128 0 0
445 0 0 0 52 128 0 0
446 0 0 0 52 128 0 0
447 0 0 0 52 128 0 0
448 0 0 0 52 128 0 0
449 0 0 0 52 128 0 0
450 0 0 0 52 128 0 0
451 0 0 0 52 128 0 0
452 0 0 0 52 128 0 0
453 0 0 0 52 128 0 0
454 0 0 0 52 128 0 0
455 0 0 0 52 128 0 0
456 0 0 0 52 128 0 0
457 0 0 0 52 128 0 0
458 0 0 0 52 128 0 0
459 0 0 0 52 128 0 0
460 0 0 0 52 128 0 0
461 0 0 0 52 128 0 0
462 0 0 0 52 128 0 0
463 0 0 0 52 128 0 0
464 0 0 0 52 128 0 0
465 0 0 0 52 128 0 0
466 0 0 0 52 128 0 0
467 0 0 0 52 128 0 0
468 0 0 0 52 128 0 0
469 0 0 0 52 128 0 0
470 0 0 0 52 128 0 0
471 0 0 0 52 128 0 0
472 0 0 0 52 128 0 0
473 0 0 0 52 128 0 0
474 0 0 0 52 128 0 0
475 0 0 0 52 128 0 0
476 0 0 0 52 128 0 0
477 0 0 0 52 128 0 0
478 0 0 0 52 128 0 0
479 0 0 0 52 128 0 0
480 0 0 0 52 128 0 0
481 0 0 0 52 128 0 0
482 0 0 0 52 128 0 0
483 0 0 0 52 128 0 0
484 0 0 0 52 128 0 0
485 0 0 0 52 128 0 0
486 0 0 0 52 128 0 0
487 0 0 0 52 128 0 0
488 0 0 0 52 128 0 0
489 0 0 0 52 128 0 0
490 0 0 0 52 128 0 0
491 0 0 0 52 128 0 0
492 0 0 0 52 128 0 0
493 0 0 0 52 128 0 0
494 0 0 0 52 128 0 0
495 0 0 0 52 128 0 0
496 0 0 0 52 128 0 0
497 0 0 0 52 128 0 0
498 0 0 0 52 128 0 0
499 0 0 0 52 128 0 0
500 0 0 0 52 128 0 0
501 0 0 0 52 128 0 0
502 0 0 0 52 128 0 0
503 0 0 0 52 128 0 0
504 0 0 0 52 128 0 0
505 0 0 0 52 128 0 0
506 0 0 0 52 128 0 0
507 0 0 0 52 128 0 0
508 0 0 0 52 128 0 0
509 0 0 0 52 128 0 0
510 0 0 0 52 128 0 0
511 0 0 0 52 128 0 0
512 0 0 0 52 128 0 0
513 0 0 0 52 128 0 0
514 0 0 0 52 128 0 0
515 0 0 0 52 128 0 0
516 0 0 0 52 128 0 0
517 0 0 0 52 128 0 0
518 0 0 0 52 128 0 0
519 0 0 0 52 128 0 0
520 0 0 0 52 128 0 0
521 0 0 0 52 128 0 0
522 0 0 0 52 128 0 0
523 0 0 0 52 128 0 0
524 0 0 0 52 128 0 0
525 0 0 0 52 128 0 0
526 0 0 0 52 128 0 0
527 0 0 0 52 128 0 0
528 0 0 0 52 128 0 0
529 0 0 0 52 128 0 0
530 0 0 0 52 128 0 0
531 0 0 0 52 128 0 0
532 0 0 0 52 128 0 0
533 0 0 0 52 128 0 0
534 0 0 0 52 128 0 0
535 0 0 0 52 128 0 0
536 0 0 0 52 128 0 0
537 0 0 0 52 128 0 0
538 0 0 0 52 128 0 0
539 0 0 0 52 128 0 0
540 0 0 0 52 128 0 0
541 0 0 0 52 128 0 0
542 0 0 0 52 128 0 0
543 0 0 0 52 128 0 0
544 0 0 0 52 128 0 0
545 0 0 0 52 128 0 0
546 0 0 0 52 128 0 0
547 0 0 0 52 128 0 0
548 0 0 0 52 128 0 0
549 0 0 0 52 128 0 0
550 0 0 0 52 128 0 0
551 0 0 0 52 128 0 0
552 0 0 0 52 128 0 0
553 0 0 0 52 128 0 0
554 0 0 0 52 128 0 0
555 0 0 0 52 128 0 0
556 0 0 0 52 128 0 0
557 0 0 0 52 128 0 0
558 0 0 0 52 128 0 0
559 0 0 0 52 128 0 0
560 0 0 0 52 128 0 0
561 0 0 0 52 128 0 0
562 0 0 0 52 128 0 0
563 0 0 0 52 128 0 0
564 0 0 0 52 128 0 0
565 0 0 0 52 128 0 0
566 0 0 0 52 128 0 0
567 0 0 0 52 128 0 0
568 0 0 0 52 128 0 0
569 0 0 0 52 128 0 0
570 0 0 0 52 128 0 0
571 0 0 0 52 128 0 0
572 0 0 0 52 128 0 0
573 0 0 0 52 128 0 0
574 0 0 0 52 128 0 0
575 0 0 0 52 128 0 0
576 0 0 0 52 128 0 0
577 0 0 0 52 128 0 0
578 0 0 0 52 128 0 0
579 0 0 0 52 128 0 0
580 0 0 0 52 128 0 0
581 0 0 0 52 128 0 0
582 0 0 0 52 128 0 0
583 0 0 0 52 128 0 0
584 0 0 0 52 128 0 0
585 0 0 0 52 128 0 0
586 0 0 0 52 128 0 0
587 0 0 0 52 128 0 0
588 0 0 0 52 128 0 0
589 0 0 0 52 128 0 0
590 0 0 0 52 128 0 0
591 0 0 0 52 128 0 0
592 0 0 0 52 128 0 0
593 0 0 0 52 128 0 0
594 0 0 0 52 128 0 0
595 0 0 0 52 128 0 0
596 0 0 0 52 128 0 0
597 0 0 0 52 128 0 0
598 0 0 0 52 128 0 0
599 0 0 0 52 128 0 0
600 0 0 0 52 128 0 0
601 0 0 0 52 128 0 0
602 0 0 0 52 128 0 0
603 0 0 0 52 128 0 0
604 0 0 0 52 128 0 0
605 0 0 0 52 128 0 0
606 0 0 0 52 128 0 0
607 0 0 0 52 128 0 0
608 0 0 0 52 128 0 0
609 0 0 0 52 128 0 0
610 0 0 0 52 128 0 0
611 0 0 0 52 128 0 0
612 0 0 0 52 128 0 0
613 0 0 0 52 128 0 0
614 0 0 0 52 128 0 0
615 0 0 0 52 128 0 0
616 0 0 0 52 128 0 0
617 0 0 0 52 128 0 0
618 0 0 0 52 128 0 0
619 0 0 0 52 128 0 0
620 0 0 0 52 128 0 0
621 0 0 0 52 128 0 0
622 0 0 0 52 128 0 0
623 0 0 0 52 128 0 0
624 0 0 0 52 128 0 0
625 0 0 0 52 128 0 0
626 0 0 0 52 128 0 0
627 0 0 0 52 128 0 0
628 0 0 0 52 128 0 0
629 0 0 0 52 128 0 0
630 0 0 0 52 128 0 0
631 0 0 0 52 128 0 0
632 0 0 0 52 128 0 0
633 0 0 0 52 128 0 0
634 0 0 0 52 128 0 0
635 0 0 0 52 128 0 0
636 0 0 0 52 128 0 0
637 0 0 0 52 128 0 0
638 0 0 0 52 128 0 0
639 0 0 0 52 128 0 0
640 0 0 0 52 128 0 0
641 0 0 0 52 128 0 0
642 0 0 0 52 128 0 0
643 0 0 0 52 128 0 0
644 0 0 0 52 128 0 0
645 0 0 0 52 128 0 0
646 0 0 0 52 128 0 0
647 0 0 0 52 128 0 0
648 0 0 0 52 128 0 0
649 0 0 0 52 128 0 0
650 0 0 0 52 128 0 0
651 0 0 0 52 128 0 0
652 0 0 0 52 128 0 0
653 0 0 0 52 128 0 0
654 0 0 0 52 128 0 0
655 0 0 0 52 128 0 0
656 0 0 0 52 128 0 0
657 0 0 0 52 128 0 0
658 0 0 0 52 128 0 0
659 0 0 0 52 128 0 0
660 0 0 0 52 128 0 0
661 0 0 0 52 128 0 0
662 0 0 0 52 128 0 0
663 0 0 0 52 128 0 0
664 0 0 0 52 128 0 0
665 0 0 0 52 128 0 0
666 0 0 0 52 128 0 0
667 0 0 0 52 128 0 0
668 0 0 0 52 128 0 0
669 0 0 0 52 128 0 0
670 0 0 0 52 128 0 0
671 0 0 0 52 128 0 0
672 0 0 0 52 128 0 0
673 0 0 0 52 128 0 0
674 0 0 0 52 128 0 0
675 0 0 0 52 128 0 0
676 0 0 0 52 128 0 0
677 0 0 0 52 128 0 0
678 0 0 0 52 128 0 0
679 0 0 0 52 128 0 0
680 0 0 0 52 128 0 0
681 0 0 0 52 128 0 0
682 0 0 0 52 128 0 0
683 0 0 0 52 128 0 0
684 0 0 0 52 128 0 0
685 0 0 0 52 128 0 0
686 0 0 0 52 128 0 0
687 0 0 0 52 128 0 0
688 0 0 0 52 128 0 0
689 0 0 0 52 128 0 0
690 0 0 0 52 128 0 0
691 0 0 0 52 128 0 0
692 0 0 0 52 128 0 0
693 0 0 0 52 128 0 0
694 0 0 0 52 128 0 0
695 0 0 0 52 128 0 0
696 0 0 0 52 128 0 0
697 0 0 0 52 128 0 0
698 0 0 0 52 128 0 0
699 0 0 0 52 128 0 0
700 0 0 0 52 128 0 0
701 0 0 0 52 128 0 0
702 0 0 0 52 128 0 0
703 0 0 0 52 128 0 0
704 0 0 0 52 128 0 0
705 0 0 0 52 128 0 0
706 0 0 0 52 128 0 0
707 0 0 0 52 128 0 0
708 0 0 0 52 128 0 0
709 0 0 0 52 128 0 0
710 0 0 0 52 128 0 0
711 0 0 0 52 128 0 0
712 0 0 0 52 128 0 0
713 0 0 0 52 128 0 0
714 0 0 0 52 128 0 0
715 0 0 0 52 128 0 0
716 0 0 0 52 128 0 0
717 0 0 0 52 128 0 0
718 0 0 0 52 128 0 0
719 0 0 0 52 128 0 0
720 0 0 0 52 128 0 0
721 0 0 0 52 128 0 0
722 0 0 0 52 128 0 0
723 0 0 0 52 128 0 0
724 0 0 0 52 128 0 0
725 0 0 0 52 128 0 0
726 0 0 0 52 128 0 0
727 0 0 0 52 128 0 0
728 0 0 0 52 128 0 0
729 0 0 0 52 128 0 0
730 0 0 0 52 128 0 0
731 0 0 0 52 128 0 0
732 0 0 0 52 128 0 0
733 0 0 0 52 128 0 0
734 0 0 0 52 128 0 0
735 0 0 0 52 128 0 0
736 0 0 0 52 128 0 0
737 0 0 0 52 128 0 0
738 0 0 0 52 128 0 0
739 0 0 0 52 125 1 2
740 0 0 0 52 125 1 2
741 0 0 0 52 125 1 2
742 0 0 0 52 125 1 2
743 0 0 0 52 125 1 2
744 0 0 0 52 125 1 2
745 0 0 0 52 125 1 2
746 0 0 0 52 125 1 2
747 0 0 0 52 125 1 2
748 0 0 0 52 125 1 2
749 0 0 0 52 125 1 2
750 0 0 0 52 125 1 2
751 0 0 0 52 125 1 2
752 0 0 0 52 125 1 2
753 0 0 0 52 125 1 2
754 0 0 0 52 125 1 2
755 0 0 0 52 125 1 2
756 0 0 0 52 125 1 2
757 0 0 0 52 125 1 2
758 0 0 0 52 125 1 2
759 0 0 0 52 125 1 2
760 0 0 0 52 125 1 2
761 0 0 0 52 125 1 2
762 0 0 0 52 125 1 2
763 0 0 0 52 125 1 2
764 0 0 0 52 125 1 2
765 0 0 0 52 125 1 2
766 0 0 0 52 125 1 2
767 0 0 0 52 125 1 2
768 0 0 0 52 125 1 2
769 0 0 0 52 125 1 2
770 0 0 0 52 125 1 2
771 0 0 0 52 125 1 2
772 0 0 0 52 125 1 2
773 0 0 0 52 125 1 2
774 0 0 0 52 125 1 2
775 0 0 0 52 125 1 2
776 0 0 0 52 125 1 2
777 0 0 0 52 125 1 2
778 0 0 0 52 125 1 2
779 0 0 0 52 125 1 2
780 0 0 0 52 125 1 2
781 0 0 0 52 125 1 2
782 0 0 0 52 125 1 2
783 0 0 0 52 125 1 4
784 0 0 0 52 125 1 4
785 0 0 0 52 126 1 3
786 0 0 0 52 127 1 2
787 0 0 0 52 127 1 2
788 0 0 0 52 124 2 4
789 0 0 0 52 124 2 4
790 0 0 0 52 124 2 4
791 0 0 0 52 124 2 4
792 0 0 0 52 124 2 4
793 0 0 0 52 124 2 4
794 0 0 0 52 124 2 4
795 0 0 0 52 124 2 4
796 0 0 0 52 124 2 4
797 0 0 0 52 124 2 4
798 0 0 0 52 124 2 4
799 0 0 0 52 124 2 4
800 0 0 0 52 124 2 4
801 0 0 0 52 124 2 4
802 0 0 0 52 124 2 4
803 0 0 0 52 124 2 4
804 0 0 0 52 124 2 4
805 0 0 0 52 124 2 4
806 0 0 0 52 124 2 4
807 0 0 0 52 124 2 4
808 0 0 0 52 124 2 4
809 0 0 0 52 124 2 4
810 0 0 0 52 124 2 4
811 0 0 0 52 124 2 4
812 0 0 0 52 124 2 4
813 0 0 0 52 124 2 4
814 0 0 0 52 124 2 4
815 0 0 0 52 124 2 4
816 0 0 0 52 124 2 4
817 0 0 0 52 124 2 4
818 0 0 0 52 124 2 4
819 0 0 0 52 124 2 4
820 0 0 0 52 124 2 4
821 0 0 0 52 124 2 4
822 0 0 0 52 124 2 4
823 0 0 0 52 124 2 4
824 0 0 0 52 124 2 4
825 0 0 0 52 124 2 4
826 0 0 0 52 124 2 4
827 0 0 0 52 124 2 4
828 0 0 0 52 124 2 6
829 0 0 0 52 124 2 6
830 0 0 0 52 126 2 4
831 0 0 0 52 126 2 4
832 0 0 0 52 126 2 6
833 0 0 0 52 126 2 6
834 0 0 0 52 126 2 6
835 0 0 0 52 126 2 6
836 0 0 0 52 127 2 5
837 0 0 0 52 127 2 5
838 0 0 0 52 127 2 5
839 0 0 0 52 127 2 5
840 0 0 0 52 128 2 4
841 0 0 0 52 129 2 3
842 0 0 0 52 129 2 3
843 0 0 0 52 129 2 3
844 0 0 0 52 129 2 3
845 0 0 0 52 129 2 3
846 0 0 0 52 129 2 3
847 0 0 0 52 129 2 3
848 0 0 0 52 129 2 3
849 0 0 0 52 129 2 3
850 0 0 0 52 129 2 3
851 0 0 0 52 129 2 3
852 0 0 0 52 129 2 3
853 0 0 0 52 129 2 3
854 0 0 0 52 129 2 3
855 0 0 0 52 129 2 3
856 0 0 0 52 129 2 3
857 0 0 0 52 129 2 3
858 0 0 0 52 129 2 3
859 0 0 0 52 129 2 3
860 0 0 0 52 129 2 3
861 0 0 0 52 129 2 3
862 0 0 0 52 129 2 3
863 0 0 0 52 129 2 3
864 0 0 0 52 129 2 3
865 0 0 0 52 129 2 3
866 0 0 0 52 129 2 3
867 0 0 0 52 129 2 3
868 0 0 0 52 129 2 3
869 0 0 0 52 129 2 3
870 0 0 0 52 129 2 3
871 0 0 0 52 129 2 3
872 0 0 0 52 129 2 3
873 0 0 0 52 129 2 5
874 0 0 0 52 130 2 4
875 0 0 0 52 131 2 3
876 0 0 0 52 131 2 3
877 0 0 0 52 131 2 4
878 0 0 0 52 132 2 3
879 0 0 0 52 132 2 3
880 0 0 0 52 132 2 3
881 0 0 0 52 132 2 3
882 0 0 0 52 132 2 3
883 0 0 0 52 132 2 3
884 0 0 0 52 132 2 3
885 0 0 0 52 132 2 3
886 0 0 0 52 132 2 3
887 0 0 0 52 132 2 3
888 0 0 0 52 132 2 3
889 0 0 0 52 132 2 3
890 0 0 0 52 132 2 3
891 0 0 0 52 132 2 3
892 0 0 0 52 132 2 3
893 0 0 0 52 132 2 3
894 0 0 0 52 132 2 3
895 0 0 0 52 132 2 3
896 0 0 0 52 132 2 3
897 0 0 0 52 132 2 3
898 0 0 0 52 132 2 3
899 0 0 0 52 132 2 3
900 0 0 0 52 132 2 3
901 0 0 0 52 132 2 3
902 0 0 0 52 132 2 3
903 0 0 0 52 132 2 3
904 0 0 0 52 132 2 3
905 0 0 0 52 132 2 3
906 0 0 0 52 132 2 3
907 0 0 0 52 132 2 3
908 0 0 0 52 132 2 3
909 0 0 0 52 132 2 3
910 0 0 0 52 132 2 3
911 0 0 0 52 132 2 3
912 0 0 0 52 132 2 3
913 0 0 0 52 132 2 3
914 0 0 0 52 132 2 3
915 0 0 0 52 132 2 3
916 0 0 0 52 132 2 3
917 0 0 0 52 132 2 3
918 0 0 0 52 132 2 5
919 0 0 0 52 132 2 5
920 0 0 0 52 134 2 3
921 0 0 0 52 134 2 3
922 0 0 0 52 134 2 4
923 0 0 0 52 134 2 4
924 0 0 0 52 135 2 3
925 0 0 0 52 135 2 3
926 0 0 0 52 135 2 3
927 0 0 0 52 135 2 3
928 0 0 0 52 135 2 3
929 0 0 0 52 135 2 3
930 0 0 0 52 135 2 3
931 0 0 0 52 135 2 3
932 0 0 0 52 135 2 3
933 0 0 0 52 135 2 3
934 0 0 0 52 135 2 3
935 0 0 0 52 135 2 3
936 0 0 0 52 135 2 3
937 0 0 0 52 135 2 3
938 0 0 0 52 135 2 3
939 0 0 0 52 135 2 3
940 0 0 0 52 135 2 3
941 0 0 0 52 135 2 3
942 0 0 0 52 135 2 3
943 0 0 0 52 135 2 3
944 0 0 0 52 135 2 3
945 0 0 0 52 135 2 3
946 0 0 0 52 135 2 3
947 0 0 0 52 135 2 3
948 0 0 0 52 135 2 3
949 0 0 0 52 135 2 3
950 0 0 0 52 135 2 3
951 0 0 0 52 135 2 3
952 0 0 0 52 135 2 3
953 0 0 0 52 135 2 3
954 0 0 0 52 135 2 3
955 0 0 0 52 135 2 3
956 0 0 0 52 135 2 3
957 0 0 0 52 135 2 3
958 0 0 0 52 135 2 3
959 0 0 0 52 135 2 3
960 0 0 0 52 135 2 3
961 0 0 0 52 135 2 3
962 0 0 0 52 135 2 3
963 0 0 0 52 135 2 5
964 0 0 0 52 136 2 4
965 0 0 0 52 137 2 3
966 0 0 0 52 137 2 3
967 0 0 0 52 137 2 4
968 0 0 0 52 137 2 4
969 0 0 0 52 138 2 3
970 0 0 0 52 138 2 3
971 0 0 0 52 138 2 3
972 0 0 0 52 138 2 3
973 0 0 0 52 138 2 3
974 0 0 0 52 138 2 3
975 0 0 0 52 138 2 3
976 0 0 0 52 138 2 3
977 0 0 0 52 138 2 3
978 0 0 0 52 138 2 3
979 0 0 0 52 138 2 3
980 0 0 0 52 138 2 3
981 0 0 0 52 138 2 3
982 0 0 0 52 138 2 3
983 0 0 0 52 138 2 3
984 0 0 0 52 138 2 3
985 0 0 0 52 138 2 3
986 0 0 0 52 138 2 3
987 0 0 0 52 138 2 3
988 0 0 0 52 138 2 3
989 0 0 0 52 138 2 3
990 0 0 0 52 138 2 3
991 0 0 0 52 138 2 3
992 0 0 0 52 138 2 3
993 0 0 0 52 138 2 3
994 0 0 0 52 138 2 3
995 0 0 0 52 138 2 3
996 0 0 0 52 138 2 3
997 0 0 0 52 138 2 3
998 0 0 0 52 138 2 3
999 0 0 0 52 138 2 3
1000 0 0 0 52 138 2 3
1001 0 0 0 52 138 2 3
1002 0 0 0 52 138 2 3
1003 0 0 0 52 138 2 3
1004 0 0 0 52 138 2 3
1005 0 0 0 52 138 2 3
1006 0 0 0 52 138 2 3
1007 0 0 0 52 138 2 3
1008 0 0 0 52 138 2 5
1009 0 0 0 52 138 2 5
1010 0 0 0 52 140 2 3
1011 0 0 0 52 140 2 3
1012 0 0 0 52 140 2 4
1013 0 0 0 52 140 2 4
1014 0 0 0 52 141 2 3
1015 0 0 0 52 141 2 3
1016 0 0 0 52 141 2 3
1017 0 0 0 52 141 2 3
1018 0 0 0 52 141 2 3
1019 0 0 0 52 141 2 3
1020 0 0 0 52 141 2 3
1021 0 0 0 52 141 2 3
1022 0 0 0 52 141 2 3
1023 0 0 0 52 141 2 3
1024 0 0 0 52 141 2 3
1025 0 0 0 52 141 2 3
1026 0 0 0 52 141 2 3
1027 0 0 0 52 141 2 3
1028 0 0 0 52 141 2 3
1029 0 0 0 52 141 2 3
1030 0 0 0 52 141 2 3
1031 0 0 0 52 141 2 3
1032 0 0 0 52 141 2 3
1033 0 0 0 52 141 2 3
1034 0 0 0 52 141 2 3
1035 0 0 0 52 141 2 3
1036 0 0 0 52 141 2 3
1037 0 0 0 52 141 2 3
1038 0 0 0 52 141 2 3
1039 0 0 0 52 141 2 3
1040 0 0 0 52 141 2 3
1041 0 0 0 52 141 2 3
1042 0 0 0 52 141 2 3
1043 0 0 0 52 141 2 3
1044 0 0 0 52 141 2 3
1045 0 0 0 52 141 2 3
1046 0 0 0 52 141 2 3
1047 0 0 0 52 141 2 3
1048 0 0 0 52 141 2 3
1049 0 0 0 52 141 2 3
1050 0 0 0 52 141 2 3
1051 0 0 0 52 141 2 3
1052 0 0 0 52 141 2 3
1053 0 0 0 52 141 2 5
1054 0 0 0 52 141 2 5
1055 0 0 0 52 143 2 3
1056 0 0 0 52 143 2 3
1057 0 0 0 52 143 2 4
1058 0 0 0 52 144 2 3
1059 0 0 0 52 144 2 3
1060 0 0 0 52 144 2 3
1061 0 0 0 52 144 2 3
1062 0 0 0 52 144 2 3
1063 0 0 0 52 144 2 3
1064 0 0 0 52 144 2 3
1065 0 0 0 52 144 2 3
1066 0 0 0 52 144 2 3
1067 0 0 0 52 144 2 3
1068 0 0 0 52 144 2 3
1069 0 0 0 52 144 2 3
1070 0 0 0 52 144 2 3
1071 0 0 0 52 144 2 3
1072 0 0 0 52 144 2 3
1073 0 0 0 52 144 2 3
1074 0 0 0 52 144 2 3
1075 0 0 0 52 144 2 3
1076 0 0 0 52 144 2 3
1077 0 0 0 52 144 2 3
1078 0 0 0 52 144 2 3
1079 0 0 0 52 144 2 3
1080 0 0 0 52 144 2 3
1081 0 0 0 52 144 2 3
1082 0 0 0 52 144 2 3
1083 0 0 0 52 144 2 3
1084 0 0 0 52 144 2 3
1085 0 0 0 52 144 2 3
1086 0 0 0 52 144 2 3
1087 0 0 0 52 144 2 3
1088 0 0 0 52 144 2 3
1089 0 0 0 52 144 2 3
1090 0 0 0 52 144 2 3
1091 0 0 0 52 144 2 3
1092 0 0 0 52 144 2 3
1093 0 0 0 52 144 2 3
1094 0 0 0 52 144 2 3
1095 0 0 0 52 144 2 3
1096 0 0 0 52 144 2 3
1097 0 0 0 52 144 2 3
1098 0 0 0 52 144 2 5
1099 0 0 0 52 144 2 5
1100 0 0 0 52 146 2 3
1101 0 0 0 52 146 2 3
1102 0 0 0 52 146 2 4
1103 0 0 0 52 147 2 3
1104 0 0 0 52 147 2 3
1105 0 0 0 52 147 2 3
1106 0 0 0 52 147 2 3
1107 0 0 0 52 147 2 3
1108 0 0 0 52 147 2 3
1109 0 0 0 52 147 2 3
1110 0 0 0 52 147 2 3
1111 0 0 0 52 147 2 3
1112 0 0 0 52 147 2 3
1113 0 0 0 52 147 2 3
1114 0 0 0 52 147 2 3
1115 0 0 0 52 147 2 3
1116 0 0 0 52 147 2 3
1117 0 0 0 52 147 2 3
1118 0 0 0 52 147 2 3
1119 0 0 0 52 147 2 3
1120 0 0 0 52 147 2 3
1121 0 0 0 52 147 2 3
1122 0 0 0 52 147 2 3
1123 0 0 0 52 147 2 3
1124 0 0 0 52 147 2 3
1125 0 0 0 52 147 2 3
1126 0 0 0 52 147 2 3
1127 0 0 0 52 147 2 3
1128 0 0 0 52 147 2 3
1129 0 0 0 52 147 2 3
1130 0 0 0 52 147 2 3
1131 0 0 0 52 147 2 3
1132 0 0 0 52 147 2 3
1133 0 0 0 52 147 2 3
1134 0 0 0 52 147 2 3
1135 0 0 0 52 147 2 3
1136 0 0 0 52 147 2 3
1137 0 0 0 52 147 2 3
1138 0 0 0 52 147 2 3
1139 0 0 0 52 147 2 3
1140 0 0 0 52 147 2 3
1141 0 0 0 52 147 2 3
1142 0 0 0 52 147 2 3
1143 0 0 0 52 147 2 5
1144 0 0 0 52 147 2 5
1145 0 0 0 52 149 2 3
1146 0 0 0 52 149 2 3
1147 0 0 0 52 149 2 4
1148 0 0 0 52 149 2 4
1149 0 0 0 52 150 2 3
1150 0 0 0 52 150 2 3
1151 0 0 0 52 150 2 3
1152 0 0 0 52 150 2 3
1153 0 0 0 52 150 2 3
1154 0 0 0 52 150 2 3
1155 0 0 0 52 150 2 3
1156 0 0 0 52 150 2 3
1157 0 0 0 52 150 2 3
1158 0 0 0 52 150 2 3
1159 0 0 0 52 150 2 3
1160 0 0 0 52 150 2 3
1161 0 0 0 52 150 2 3
1162 0 0 0 52 150 2 3
1163 0 0 0 52 150 2 3
1164 0 0 0 52 150 2 3
1165 0 0 0 52 150 2 3
1166 0 0 0 52 150 2 3
1167 0 0 0 52 150 2 3
1168 0 0 0 52 150 2 3
1169 0 0 0 52 150 2 3
1170 0 0 0 52 150 2 3
1171 0 0 0 52 150 2 3
1172 0 0 0 52 150 2 3
1173 0 0 0 52 150 2 3
1174 0 0 0 52 150 2 3
1175 0 0 0 52 150 2 3
1176 0 0 0 52 150 2 3
1177 0 0 0 52 150 2 3
1178 0 0 0 52 150 2 3
1179 0 0 0 52 150 2 3
1180 0 0 0 52 150 2 3
1181 0 0 0 52 150 2 3
1182 0 0 0 52 150 2 3
1183 0 0 0 52 150 2 3
1184 0 0 0 52 150 2 3
1185 0 0 0 52 150 2 3
1186 0 0 0 52 150 2 3
1187 0 0 0 52 150 2 3
1188 0 0 0 52 150 2 5
1189 0 0 0 52 150 2 5
1190 0 0 0 52 152 2 3
1191 0 0 0 52 152 2 3
1192 0 0 0 52 152 2 4
1193 0 0 0 52 152 2 4
1194 0 0 0 52 153 2 3
1195 0 0 0 52 153 2 3
1196 0 0 0 52 153 2 3
1197 0 0 0 52 153 2 3
1198 0 0 0 52 153 2 3
1199 0 0 0 52 153 2 3
1200 0 0 0 52 153 2 3
1201 0 0 0 52 153 2 3
1202 0 0 0 52 153 2 3
1203 0 0 0 52 153 2 3
1204 0 0 0 52 153 2 3
1205 0 0 0 52 153 2 3
1206 0 0 0 52 153 2 3
1207 0 0 0 52 153 2 3
1208 0 0 0 52 153 2 3
1209 0 0 0 52 153 2 3
1210 0 0 0 52 153 2 3
1211 0 0 0 52 153 2 3
1212 0 0 0 52 153 2 3
1213 0 0 0 52 153 2 3
1214 0 0 0 52 153 2 3
1215 0 0 0 52 153 2 3
1216 0 0 0 52 153 2 3
1217 0 0 0 52 153 2 3
1218 0 0 0 52 153 2 3
1219 0 0 0 52 153 2 3
1220 0 0 0 52 153 2 3
1221 0 0 0 52 153 2 3
1222 0 0 0 52 153 2 3
1223 0 0 0 52 153 2 3
1224 0 0 0 52 153 2 3
1225 0 0 0 52 153 2 3
1226 0 0 0 52 153 2 3
1227 0 0 0 52 153 2 3
1228 0 0 0 52 153 2 3
1229 0 0 0 52 153 2 3
1230 0 0 0 52 153 2 3
1231 0 0 0 52 153 2 3
1232 0 0 0 52 153 2 3
1233 0 0 0 52 153 2 5
1234 0 0 0 52 153 2 5
1235 0 0 0 52 155 2 3
1236 0 0 0 52 155 2 3
1237 0 0 0 52 155 2 4
1238 0 0 0 52 155 2 4
1239 0 0 0 52 156 2 3
1240 0 0 0 52 156 2 3
1241 0 0 0 52 156 2 3
1242 0 0 0 52 156 2 3
1243 0 0 0 52 156 2 3
1244 0 0 0 52 156 2 3
1245 0 0 0 52 156 2 3
1246 0 0 0 52 156 2 3
1247 0 0 0 52 156 2 3
1248 0 0 0 52 156 2 3
1249 0 0 0 52 156 2 3
1250 0 0 0 52 156 2 3
1251 0 0 0 52 156 2 3
1252 0 0 0 52 156 2 3
1253 0 0 0 52 156 2 3
1254 0 0 0 52 156 2 3
1255 0 0 0 52 156 2 3
1256 0 0 0 52 156 2 3
1257 0 0 0 52 156 2 3
1258 0 0 0 52 156 2 3
1259 0 0 0 52 156 2 3
1260 0 0 0 52 156 2 3
1261 0 0 0 52 156 2 3
1262 0 0 0 52 156 2 3
1263 0 0 0 52 156 2 3
1264 0 0 0 52 156 2 3
1265 0 0 0 52 156 2 3
1266 0 0 0 52 156 2 3
1267 0 0 0 52 156 2 3
1268 0 0 0 52 156 2 3
1269 0 0 0 52 156 2 3
1270 0 0 0 52 156 2 3
1271 0 0 0 52 156 2 3
1272 0 0 0 52 156 2 3
1273 0 0 0 52 156 2 3
1274 0 0 0 52 156 2 3
1275 0 0 0 52 156 2 3
1276 0 0 0 52 156 2 3
1277 0 0 0 52 156 2 3
1278 0 0 0 52 156 2 5
1279 0 0 0 52 156 2 5
1280 0 0 0 52 158 2 3
1281 0 0 0 52 158 2 3
1282 0 0 0 52 158 2 4
1283 0 0 0 52 155 3 6
1284 0 0 0 52 156 3 5
1285 0 0 0 52 156 3 5
1286 0 0 0 52 156 3 5
1287 0 0 0 52 156 3 5
1288 0 0 0 52 156 3 5
1289 0 0 0 52 156 3 5
1290 0 0 0 52 156 3 5
1291 0 0 0 52 156 3 5
1292 0 0 0 52 156 3 5
1293 0 0 0 52 156 3 5
1294 0 0 0 52 156 3 5
1295 0 0 0 52 156 3 5
1296 0 0 0 52 156 3 5
1297 0 0 0 52 156 3 5
1298 0 0 0 52 156 3 5
1299 0 0 0 52 156 3 5
1300 0 0 0 52 156 3 5
1301 0 0 0 52 156 3 5
1302 0 0 0 52 156 3 5
1303 0 0 0 52 156 3 5
1304 0 0 0 52 156 3 5
1305 0 0 0 52 156 3 5
1306 0 0 0 52 156 3 5
1307 0 0 0 52 156 3 5
1308 0 0 0 52 156 3 5
1309 0 0 0 52 156 3 5
1310 0 0 0 52 156 3 5
1311 0 0 0 52 156 3 5
1312 0 0 0 52 156 3 5
1313 0 0 0 52 156 3 5
1314 0 0 0 52 156 3 5
1315 0 0 0 52 156 3 5
1316 0 0 0 52 156 3 5
1317 0 0 0 52 156 3 5
1318 0 0 0 52 156 3 5
1319 0 0 0 52 156 3 5
1320 0 0 0 52 156 3 5
1321 0 0 0 52 156 3 5
1322 0 0 0 52 156 3 5
1323 0 0 0 52 156 3 7
1324 0 0 0 52 156 3 7
1325 0 0 0 52 155 4 6
1326 0 0 0 52 155 4 6
1327 0 0 0 52 155 4 9
1328 0 0 0 52 155 4 9
1329 0 0 0 52 156 4 8
1330 0 0 0 52 157 4 7
1331 0 0 0 52 157 4 7
1332 0 0 0 52 157 4 7
1333 0 0 0 52 157 4 7
1334 0 0 0 52 158 4 6
1335 0 0 0 52 158 4 6
1336 0 0 0 52 158 4 6
1337 0 0 0 52 158 4 6
1338 0 0 0 52 158 4 6
1339 0 0 0 52 158 4 6
1340 0 0 0 52 158 4 6
1341 0 0 0 52 158 4 6
1342 0 0 0 52 158 4 6
1343 0 0 0 52 158 4 6
1344 0 0 0 52 158 4 6
1345 0 0 0 52 158 4 6
1346 0 0 0 52 158 4 6
1347 0 0 0 52 158 4 6
1348 0 0 0 52 158 4 6
1349 0 0 0 52 158 4 6
1350 0 0 0 52 158 4 6
1351 0 0 0 52 158 4 6
1352 0 0 0 52 158 4 6
1353 0 0 0 52 158 4 6
1354 0 0 0 52 158 4 6
1355 0 0 0 52 158 4 6
1356 0 0 0 52 158 4 6
1357 0 0 0 52 158 4 6
1358 0 0 0 52 158 4 6
1359 0 0 0 52 158 4 6
1360 0 0 0 52 158 4 6
1361 0 0 0 52 158 4 6
1362 0 0 0 52 158 4 6
1363 0 0 0 52 158 4 7
1364 1 0 0 51 158 4 7
1365 1 0 0 51 158 4 7
1366 1 0 0 51 158 4 7
1367 1 0 0 51 158 4 7
1368 1 0 0 51 158 4 9
1369 1 0 0 51 158 4 10
1370 1 0 0 51 161 4 7
1371 1 0 0 51 161 4 7
1372 1 0 0 51 161 4 10
1373 1 0 0 51 161 4 10
1374 1 0 0 51 164 4 7
1375 1 0 0 51 164 4 7
1376 1 0 0 51 164 4 7
1377 1 0 0 51 164 4 7
1378 1 0 0 51 164 4 7
1379 1 0 0 51 164 4 7
1380 1 0 0 51 165 4 7
1381 1 0 0 51 167 4 5
1382 1 0 0 51 167 4 5
1383 1 0 0 51 167 4 5
1384 1 0 0 51 167 4 5
1385 1 0 0 51 167 4 5
1386 1 0 0 51 167 4 5
1387 1 0 0 51 167 4 5
1388 1 0 0 51 167 4 5
1389 1 0 0 51 167 4 5
1390 1 0 0 51 167 4 5
1391 1 0 0 51 167 4 5
1392 1 0 0 51 167 4 5
1393 1 0 0 51 167 4 5
1394 1 0 0 51 167 4 5
1395 1 0 0 51 167 4 5
1396 1 0 0 51 167 4 5
1397 1 0 0 51 167 4 5
1398 1 0 0 51 167 4 5
1399 1 0 0 51 167 4 5
1400 1 0 0 51 167 4 5
1401 1 0 0 51 167 4 5
1402 1 0 0 51 167 4 5
1403 1 0 0 51 167 4 5
1404 1 0 0 51 167 4 5
1405 1 0 0 51 167 4 5
1406 1 0 0 51 167 4 5
1407 1 0 0 51 167 4 6
1408 1 0 0 51 167 4 6
1409 1 0 0 51 168 4 5
1410 1 0 0 51 168 4 5
1411 1 0 0 51 168 4 5
1412 1 0 0 51 168 4 5
1413 1 0 0 51 168 4 7
1414 1 0 0 51 168 4 8
1415 1 0 0 51 170 4 6
1416 1 0 0 51 171 4 5
1417 1 0 0 51 171 4 6
1418 1 0 0 51 171 4 6
1419 1 0 0 51 172 4 5
1420 1 0 0 51 172 4 5
1421 1 0 0 51 172 4 5
1422 1 0 0 51 172 4 5
1423 1 0 0 51 172 4 5
1424 1 0 0 51 172 4 5
1425 1 0 0 51 172 4 5
1426 1 0 0 51 172 4 5
1427 1 0 0 51 172 4 5
1428 1 0 0 51 172 4 5
1429 1 0 0 51 172 4 5
1430 1 0 0 51 172 4 5
1431 1 0 0 51 172 4 5
1432 1 0 0 51 172 4 5
1433 1 0 0 51 172 4 5
1434 1 0 0 51 172 4 5
1435 1 0 0 51 172 4 5
1436 1 0 0 51 172 4 5
1437 1 0 0 51 172 4 5
1438 1 0 0 51 172 4 5
1439 1 0 0 51 172 4 5
1440 1 0 0 51 172 4 5
1441 1 0 0 51 172 4 5
1442 1 0 0 51 172 4 5
1443 1 0 0 51 172 4 5
1444 1 0 0 51 172 4 5
1445 1 0 0 51 172 4 5
1446 1 0 0 51 172 4 5
1447 1 0 0 51 172 4 5
1448 1 0 0 51 172 4 5
1449 1 0 0 51 172 4 5
1450 1 0 0 51 172 4 5
1451 1 0 0 51 172 4 5
1452 1 0 0 51 172 4 6
1453 1 0 0 51 172 4 6
1454 1 0 0 51 173 4 5
1455 1 0 0 51 173 4 5
1456 1 0 0 51 173 4 5
1457 1 0 0 51 173 4 5
1458 1 0 0 51 173 4 7
1459 1 0 0 51 173 4 8
1460 1 0 0 51 175 4 6
1461 1 0 0 51 176 4 5
1462 1 0 0 51 176 4 6
1463 1 0 0 51 176 4 6
1464 1 0 0 51 177 4 5
1465 1 0 0 51 177 4 5
1466 1 0 0 51 177 4 5
1467 1 0 0 51 177 4 5
1468 1 0 0 51 177 4 5
1469 1 0 0 51 177 4 5
1470 1 0 0 51 177 4 5
1471 1 0 0 51 177 4 5
1472 1 0 0 51 177 4 5
1473 1 0 0 51 177 4 5
1474 1 0 0 51 177 4 5
1475 1 0 0 51 177 4 5
1476 1 0 0 51 177 4 5
1477 1 0 0 51 177 4 5
1478 1 0 0 51 177 4 5
1479 1 0 0 51 177 4 5
1480 1 0 0 51 177 4 5
1481 1 0 0 51 177 4 5
1482 1 0 0 51 177 4 5
1483 1 0 0 51 177 4 5
1484 1 0 0 51 177 4 5
1485 1 0 0 51 177 4 5
1486 1 0 0 51 177 4 5
1487 1 0 0 51 177 4 5
1488 1 0 0 51 177 4 5
1489 1 0 0 51 177 4 5
1490 1 0 0 51 177 4 5
1491 1 0 0 51 177 4 5
1492 1 0 0 51 177 4 5
1493 1 0 0 51 177 4 5
1494 1 0 0 51 177 4 5
1495 1 0 0 51 177 4 5
1496 1 0 0 51 177 4 5
1497 1 0 0 51 177 4 6
1498 1 0 0 51 177 4 6
1499 1 0 0 51 178 4 5
1500 1 0 0 51 178 4 5
1501 1 0 0 51 178 4 5
1502 1 0 0 51 178 4 5
1503 1 0 0 51 178 4 7
1504 1 0 0 51 179 4 7
1505 1 0 0 51 180 4 6
1506 1 0 0 51 181 4 5
1507 1 0 0 51 181 4 6
1508 1 0 0 51 182 4 5
1509 1 0 0 51 182 4 5
1510 1 0 0 51 182 4 5
1511 1 0 0 51 182 4 5
1512 1 0 0 51 182 4 5
1513 1 0 0 51 182 4 5
1514 1 0 0 51 182 4 5
1515 1 0 0 51 182 4 5
1516 1 0 0 51 182 4 5
1517 1 0 0 51 182 4 5
1518 1 0 0 51 182 4 5
1519 1 0 0 51 182 4 5
1520 1 0 0 51 182 4 5
1521 1 0 0 51 182 4 5
1522 1 0 0 51 182 4 5
1523 1 0 0 51 182 4 5
1524 1 0 0 51 182 4 5
1525 1 0 0 51 182 4 5
1526 1 0 0 51 182 4 5
1527 1 0 0 51 182 4 5
1528 1 0 0 51 182 4 5
1529 1 0 0 51 182 4 5
1530 1 0 0 51 182 4 5
1531 1 0 0 51 182 4 5
1532 1 0 0 51 182 4 5
1533 1 0 0 51 182 4 5
1534 1 0 0 51 182 4 5
1535 1 0 0 51 182 4 5
1536 1 0 0 51 182 4 5
1537 1 0 0 51 182 4 5
1538 1 0 0 51 182 4 5
1539 1 0 0 51 182 4 5
1540 1 0 0 51 182 4 5
1541 1 0 0 51 182 4 5
1542 1 0 0 51 182 4 6
1543 1 0 0 51 183 4 5
1544 1 0 0 51 183 4 5
1545 1 0 0 51 183 4 5
1546 1 0 0 51 183 4 5
1547 1 0 0 51 183 4 5
1548 1 0 0 51 183 4 7
1549 1 0 0 51 183 4 8
1550 1 0 0 51 186 4 5
1551 1 0 0 51 186 4 5
1552 1 0 0 51 186 4 6
1553 1 0 0 51 186 4 6
1554 1 0 0 51 187 4 5
1555 1 0 0 51 187 4 5
1556 1 0 0 51 187 4 5
1557 1 0 0 51 187 4 5
1558 1 0 0 51 187 4 5
1559 1 0 0 51 187 4 5
1560 1 0 0 51 187 4 5
1561 1 0 0 51 187 4 5
1562 1 0 0 51 187 4 5
1563 1 0 0 51 187 4 5
1564 1 0 0 51 187 4 5
1565 1 0 0 51 187 4 5
1566 1 0 0 51 187 4 5
1567 1 0 0 51 187 4 5
1568 1 0 0 51 187 4 5
1569 1 0 0 51 187 4 5
1570 1 0 0 51 187 4 5
1571 1 0 0 51 187 4 5
1572 1 0 0 51 187 4 5
1573 1 0 0 51 187 4 5
1574 1 0 0 51 187 4 5
1575 1 0 0 51 187 4 5
1576 1 0 0 51 187 4 5
1577 1 0 0 51 187 4 5
1578 1 0 0 51 187 4 5
1579 1 0 0 51 187 4 5
1580 1 0 0 51 187 4 5
1581 1 0 0 51 187 4 5
1582 1 0 0 51 187 4 5
1583 1 0 0 51 187 4 5
1584 1 0 0 51 187 4 5
1585 1 0 0 51 187 4 5
1586 1 0 0 51 187 4 5
1587 1 0 0 51 187 4 6
1588 1 0 0 51 187 4 6
1589 1 0 0 51 188 4 5
1590 1 0 0 51 188 4 5
1591 1 0 0 51 188 4 5
1592 1 0 0 51 188 4 5
1593 1 0 0 51 188 4 7
1594 1 0 0 51 188 4 8
1595 1 0 0 51 190 4 6
1596 1 0 0 51 191 4 5
1597 1 0 0 51 191 4 6
1598 1 0 0 51 191 4 6
1599 1 0 0 51 192 4 5
1600 1 0 0 51 192 4 5
1601 1 0 0 51 192 4 5
1602 1 0 0 51 192 4 5
1603 1 0 0 51 192 4 5
1604 1 0 0 51 192 4 5
1605 1 0 0 51 192 4 5
1606 1 0 0 51 192 4 5
1607 1 0 0 51 192 4 5
1608 1 0 0 51 192 4 5
1609 1 0 0 51 192 4 5
1610 1 0 0 51 192 4 5
1611 1 0 0 51 192 4 5
1612 1 0 0 51 192 4 5
1613 1 0 0 51 192 4 5
1614 1 0 0 51 192 4 5
1615 1 0 0 51 192 4 5
1616 1 0 0 51 192 4 5
1617 1 0 0 51 192 4 5
1618 1 0 0 51 192 4 5
1619 1 0 0 51 192 4 5
1620 1 0 0 51 192 4 5
1621 1 0 0 51 192 4 5
1622 1 0 0 51 192 4 5
1623 1 0 0 51 192 4 5
1624 1 0 0 51 192 4 5
1625 1 0 0 51 192 4 5
1626 1 0 0 51 192 4 5
1627 1 0 0 51 192 4 5
1628 1 0 0 51 192 4 5
1629 1 0 0 51 192 4 5
1630 1 0 0 51 192 4 5
1631 1 0 0 51 192 4 5
1632 1 0 0 51 192 4 6
1633 1 0 0 51 192 4 6
1634 1 0 0 51 193 4 5
1635 1 0 0 51 193 4 5
1636 1 0 0 51 193 4 5
1637 1 0 0 51 193 4 5
1638 1 0 0 51 193 4 7
1639 1 0 0 51 193 4 8
1640 1 0 0 51 195 4 6
1641 1 0 0 51 196 4 5
1642 1 0 0 51 196 4 6
1643 1 0 0 51 196 4 6
1644 1 0 0 51 197 4 5
1645 1 0 0 51 197 4 5
1646 1 0 0 51 197 4 5
1647 1 0 0 51 197 4 5
1648 1 0 0 51 197 4 5
1649 2 0 0 50 197 4 5
1650 2 0 0 50 197 4 5
1651 2 0 0 50 197 4 5
1652 2 0 0 50 197 4 5
1653 2 0 0 50 197 4 5
1654 2 0 0 50 197 4 5
1655 2 0 0 50 197 4 5
1656 2 0 0 50 197 4 5
1657 2 0 0 50 197 4 5
1658 2 0 0 50 197 4 5
1659 2 0 0 50 197 4 5
1660 2 0 0 50 197 4 5
1661 2 0 0 50 197 4 5
1662 2 0 0 50 197 4 5
1663 2 0 0 50 197 4 5
1664 2 0 0 50 197 4 5
1665 2 0 0 50 197 4 5
1666 2 0 0 50 197 4 5
1667 2 0 0 50 197 4 5
1668 2 0 0 50 197 4 5
1669 2 0 0 50 197 4 5
1670 2 0 0 50 197 4 5
1671 2 0 0 50 197 4 5
1672 2 0 0 50 197 4 5
1673 2 0 0 50 197 4 5
1674 2 0 0 50 197 4 5
1675 2 0 0 50 197 4 5
1676 2 0 0 50 197 4 5
1677 2 0 0 50 197 4 6
1678 2 0 0 50 197 4 6
1679 2 0 0 50 198 4 5
1680 2 0 0 50 198 4 5
1681 2 0 0 50 198 4 5
1682 2 0 0 50 198 4 5
1683 2 0 0 50 198 4 7
1684 2 0 0 50 198 4 8
1685 2 0 0 50 200 4 6
1686 2 0 0 50 201 4 5
1687 2 0 0 50 201 4 6
1688 2 0 0 50 201 4 6
1689 2 0 0 50 202 4 5
1690 2 0 0 50 202 4 5
1691 2 0 0 50 202 4 5
1692 2 0 0 50 202 4 5
1693 2 0 0 50 202 4 5
1694 2 0 0 50 202 4 5
1695 2 0 0 50 202 4 5
1696 2 0 0 50 202 4 5
1697 2 0 0 50 202 4 5
1698 2 0 0 50 202 4 5
1699 2 0 0 50 202 4 5
1700 2 0 0 50 202 4 5
1701 2 0 0 50 202 4 5
1702 2 0 0 50 202 4 5
1703 2 0 0 50 202 4 5
1704 2 0 0 50 202 4 5
1705 2 0 0 50 202 4 5
1706 2 0 0 50 202 4 5
1707 2 0 0 50 202 4 5
1708 2 0 0 50 202 4 5
1709 2 0 0 50 202 4 5
1710 2 0 0 50 202 4 5
1711 2 0 0 50 202 4 5
1712 2 0 0 50 202 4 5
1713 2 0 0 50 202 4 5
1714 2 0 0 50 202 4 5
1715 2 0 0 50 202 4 5
1716 2 0 0 50 202 4 5
1717 2 0 0 50 202 4 5
1718 2 0 0 50 202 4 5
1719 2 0 0 50 202 4 5
1720 2 0 0 50 202 4 5
1721 2 0 0 50 202 4 5
1722 2 0 0 50 202 4 6
1723 2 0 0 50 202 4 6
1724 2 0 0 50 203 4 5
1725 2 0 0 50 203 4 5
1726 2 0 0 50 203 4 5
1727 2 0 0 50 203 4 5
1728 2 0 0 50 203 4 7
1729 2 0 0 50 203 4 8
1730 2 0 0 50 205 4 6
1731 2 0 0 50 206 4 5
1732 2 0 0 50 206 4 6
1733 2 0 0 50 206 4 6
1734 2 0 0 50 207 4 5
1735 2 0 0 50 207 4 5
1736 2 0 0 50 207 4 5
1737 2 0 0 50 207 4 5
1738 2 0 0 50 207 4 5
1739 2 0 0 50 207 4 5
1740 2 0 0 50 207 4 5
1741 2 0 0 50 207 4 5
1742 2 0 0 50 207 4 5
1743 2 0 0 50 207 4 5
1744 2 0 0 50 207 4 5
1745 2 0 0 50 207 4 5
1746 2 0 0 50 207 4 5
1747 2 0 0 50 207 4 5
1748 2 0 0 50 207 4 5
1749 2 0 0 50 207 4 5
1750 2 0 0 50 207 4 5
1751 2 0 0 50 207 4 5
1752 2 0 0 50 207 4 5
1753 2 0 0 50 207 4 5
1754 2 0 0 50 207 4 5
1755 2 0 0 50 207 4 5
1756 2 0 0 50 207 4 5
1757 2 0 0 50 207 4 5
1758 2 0 0 50 207 4 5
1759 2 0 0 50 207 4 5
1760 2 0 0 50 207 4 5
1761 2 0 0 50 207 4 5
1762 2 0 0 50 207 4 5
1763 2 0 0 50 207 4 5
1764 2 0 0 50 207 4 5
1765 2 0 0 50 207 4 5
1766 2 0 0 50 207 4 5
1767 2 0 0 50 207 4 6
1768 2 0 0 50 207 4 6
1769 2 0 0 50 208 4 5
1770 2 0 0 50 208 4 5
1771 2 0 0 50 208 4 5
1772 2 0 0 50 208 4 5
1773 2 0 0 50 208 4 7
1774 2 0 0 50 208 4 8
1775 2 0 0 50 210 4 6
1776 2 0 0 50 211 4 5
1777 2 0 0 50 211 4 6
1778 2 0 0 50 212 4 5
1779 2 0 0 50 212 4 5
1780 2 0 0 50 212 4 5
1781 2 0 0 50 212 4 5
1782 2 0 0 50 212 4 5
1783 2 0 0 50 212 4 5
1784 2 0 0 50 212 4 5
1785 2 0 0 50 212 4 5
1786 2 0 0 50 212 4 5
1787 2 0 0 50 212 4 5
1788 2 0 0 50 212 4 5
1789 2 0 0 50 212 4 5
1790 2 0 0 50 212 4 5
1791 2 0 0 50 212 4 5
1792 2 0 0 50 212 4 5
1793 2 0 0 50 212 4 5
1794 2 0 0 50 212 4 5
1795 2 0 0 50 212 4 5
1796 2 0 0 50 212 4 5
1797 2 0 0 50 212 4 5
1798 2 0 0 50 212 4 5
1799 2 0 0 50 212 4 5
1800 2 0 0 50 212 4 5
1801 2 0 0 50 212 4 5
1802 2 0 0 50 212 4 5
1803 2 0 0 50 212 4 5
1804 2 0 0 50 212 4 5
1805 2 0 0 50 212 4 5
1806 2 0 0 50 212 4 5
1807 2 0 0 50 212 4 5
1808 2 0 0 50 212 4 5
1809 2 0 0 50 212 4 5
1810 2 0 0 50 212 4 5
1811 2 0 0 50 212 4 5
1812 2 0 0 50 212 4 6
1813 2 0 0 50 210 5 6
1814 2 0 0 50 210 5 6
1815 2 0 0 50 210 5 6
1816 2 0 0 50 210 5 6
1817 2 0 0 50 210 5 6
1818 2 0 0 50 210 5 8
1819 2 0 0 50 212 5 7
1820 2 0 0 50 212 5 7
1821 2 0 0 50 213 5 6
1822 2 0 0 50 213 5 7
1823 2 0 0 50 210 6 8
1824 2 0 0 50 211 6 7
1825 2 0 0 50 211 6 7
1826 2 0 0 50 211 6 7
1827 2 0 0 50 211 6 7
1828 2 0 0 50 211 6 7
1829 2 0 0 50 211 6 7
1830 2 0 0 50 211 6 7
1831 2 0 0 50 211 6 7
1832 2 0 0 50 211 6 7
1833 2 0 0 50 211 6 7
1834 2 0 0 50 211 6 7
1835 2 0 0 50 211 6 7
1836 2 0 0 50 211 6 7
1837 2 0 0 50 211 6 7
1838 2 0 0 50 211 6 7
1839 2 0 0 50 211 6 7
1840 2 0 0 50 211 6 7
1841 2 0 0 50 211 6 7
1842 2 0 0 50 211 6 7
1843 2 0 0 50 211 6 7
1844 2 0 0 50 211 6 7
1845 2 0 0 50 211 6 7
1846 2 0 0 50 211 6 7
1847 2 0 0 50 211 6 7
1848 2 0 0 50 211 6 7
1849 2 0 0 50 211 6 7
1850 2 0 0 50 211 6 7
1851 2 0 0 50 211 6 8
1852 2 0 0 50 211 6 8
1853 2 0 0 50 211 6 8
1854 2 0 0 50 211 6 8
1855 2 0 0 50 211 6 8
1856 2 0 0 50 211 6 8
1857 2 0 0 50 211 6 10
1858 2 0 0 50 211 6 10
1859 2 0 0 50 213 6 8
1860 2 0 0 50 213 6 8
1861 2 0 0 50 213 6 9
1862 2 0 0 50 213 6 9
1863 2 0 0 50 213 6 11
1864 2 0 0 50 213 6 12
1865 2 0 0 50 215 6 10
1866 2 0 0 50 216 6 9
1867 2 0 0 50 216 6 11
1868 2 0 0 50 216 6 11
1869 2 0 0 50 218 6 9
1870 2 0 0 50 218 6 9
1871 2 0 0 50 218 6 9
1872 2 0 0 50 218 6 9
1873 2 0 0 50 218 6 9
1874 2 0 0 50 218 6 9
1875 2 0 0 50 218 6 9
1876 2 0 0 50 219 6 9
1877 2 0 0 50 221 6 7
1878 2 0 0 50 221 6 7
1879 2 0 0 50 221 6 7
1880 2 0 0 50 221 6 7
1881 2 0 0 50 221 6 7
1882 2 0 0 50 221 6 7
1883 2 0 0 50 221 6 7
1884 2 0 0 50 221 6 7
1885 2 0 0 50 221 6 7
1886 2 0 0 50 221 6 7
1887 2 0 0 50 221 6 7
1888 2 0 0 50 221 6 7
1889 2 0 0 50 221 6 7
1890 2 0 0 50 221 6 7
1891 2 0 0 50 221 6 7
1892 2 0 0 50 221 6 7
1893 2 0 0 50 221 6 7
1894 2 0 0 50 221 6 7
1895 2 0 0 50 221 6 8
1896 2 0 0 50 222 6 7
1897 2 0 0 50 222 6 7
1898 2 0 0 50 222 6 7
1899 2 0 0 50 222 6 7
1900 2 0 0 50 222 6 7
1901 2 0 0 50 222 6 7
1902 2 0 0 50 222 6 9
1903 2 0 0 50 222 6 9
1904 2 0 0 50 224 6 7
1905 2 0 0 50 224 6 7
1906 2 0 0 50 224 6 7
1907 2 0 0 50 224 6 7
1908 2 0 0 50 224 6 9
1909 2 0 0 50 224 6 10
1910 2 0 0 50 226 6 8
1911 2 0 0 50 227 6 7
1912 2 0 0 50 227 6 8
1913 2 0 0 50 227 6 8
1914 2 0 0 50 228 6 7
1915 2 0 0 50 228 6 7
1916 2 0 0 50 228 6 7
1917 2 0 0 50 228 6 7
1918 2 0 0 50 228 6 7
1919 2 0 0 50 228 6 7
1920 2 0 0 50 228 6 7
1921 2 0 0 50 228 6 7
1922 2 0 0 50 228 6 7
1923 2 0 0 50 228 6 7
1924 2 0 0 50 228 6 7
1925 2 0 0 50 228 6 7
1926 2 0 0 50 228 6 7
1927 2 0 0 50 228 6 7
1928 2 0 0 50 228 6 7
1929 2 0 0 50 228 6 7
1930 2 0 0 50 228 6 7
1931 2 0 0 50 228 6 7
1932 2 0 0 50 228 6 7
1933 2 0 0 50 228 6 7
1934 2 0 0 50 228 6 7
1935 2 0 0 50 228 6 7
1936 2 0 0 50 228 6 7
1937 2 0 0 50 228 6 7
1938 2 0 0 50 228 6 7
1939 2 0 0 50 228 6 7
1940 2 0 0 50 228 6 8
1941 2 0 0 50 228 6 8
1942 2 0 0 50 229 6 7
1943 2 0 0 50 229 6 7
1944 2 0 0 50 229 6 7
1945 2 0 0 50 229 6 7
1946 2 0 0 50 229 6 7
1947 2 0 0 50 229 6 9
1948 2 0 0 50 229 6 9
1949 2 0 0 50 231 6 7
1950 2 0 0 50 231 6 7
1951 2 0 0 50 231 6 7
1952 2 0 0 50 231 6 7
1953 2 0 0 50 231 6 9
1954 2 0 0 50 232 6 9
1955 2 0 0 50 234 6 7
1956 2 0 0 50 234 6 7
1957 2 0 0 50 234 6 8
1958 2 0 0 50 234 6 8
1959 2 0 0 50 235 6 7
1960 2 0 0 50 235 6 7
1961 2 0 0 50 235 6 7
1962 2 0 0 50 235 6 7
1963 2 0 0 50 235 6 7
1964 2 0 0 50 235 6 7
1965 2 0 0 50 235 6 7
1966 2 0 0 50 235 6 7
1967 2 0 0 50 235 6 7
1968 2 0 0 50 235 6 7
1969 2 0 0 50 235 6 7
1970 2 0 0 50 236 6 6
1971 2 0 0 50 236 6 6
1972 2 0 0 50 236 6 6
1973 2 0 0 50 236 6 6
1974 2 0 0 50 236 6 6
1975 2 0 0 50 236 6 6
1976 2 0 0 50 236 6 6
1977 2 0 0 50 236 6 6
1978 2 0 0 50 236 6 6
1979 2 0 0 50 236 6 6
1980 2 0 0 50 236 6 6
1981 2 0 0 50 236 6 6
1982 2 0 0 50 236 6 6
1983 2 0 0 50 236 6 6
1984 2 0 0 50 236 6 6
1985 2 0 0 50 236 6 7
1986 2 0 0 50 236 6 7
1987 2 0 0 50 237 6 6
1988 2 0 0 50 237 6 6
1989 2 0 0 50 237 6 6
1990 2 0 0 50 237 6 6
1991 2 0 0 50 237 6 6
1992 2 0 0 50 237 6 7
1993 2 0 0 50 237 6 7
1994 2 0 0 50 238 6 6
1995 2 0 0 50 238 6 6
1996 2 0 0 50 238 6 6
1997 2 0 0 50 238 6 6
1998 2 0 0 50 238 6 8
1999 2 0 0 50 238 6 9
2000 2 0 0 50 240 6 7
2001 2 0 0 50 241 6 6
2002 2 0 0 50 241 6 7
2003 2 0 0 50 241 6 7
2004 2 0 0 50 242 6 6
2005 2 0 0 50 242 6 6
2006 2 0 0 50 242 6 6
2007 2 0 0 50 242 6 6
2008 2 0 0 50 242 6 6
2009 2 0 0 50 242 6 6
2010 2 0 0 50 242 6 6
2011 2 0 0 50 242 6 6
2012 2 0 0 50 242 6 6
2013 2 0 0 50 242 6 6
2014 2 0 0 50 242 6 6
2015 2 0 0 50 242 6 6
2016 2 0 0 50 242 6 6
2017 2 0 0 50 242 6 6
2018 2 0 0 50 242 6 6
2019 2 0 0 50 242 6 6
2020 2 0 0 50 242 6 6
2021 2 0 0 50 242 6 6
2022 2 0 0 50 242 6 6
2023 2 0 0 50 242 6 6
2024 2 0 0 50 242 6 6
2025 2 0 0 50 242 6 6
2026 2 0 0 50 242 6 6
2027 2 0 0 50 242 6 6
2028 2 0 0 50 242 6 6
2029 2 0 0 50 242 6 6
2030 2 0 0 50 242 6 7
2031 2 0 0 50 242 6 7
2032 2 0 0 50 243 6 6
2033 2 0 0 50 243 6 6
2034 2 0 0 50 243 6 6
2035 2 0 0 50 243 6 6
2036 2 0 0 50 243 6 6
2037 2 0 0 50 243 6 7
2038 2 0 0 50 243 6 7
2039 2 0 0 50 244 6 6
2040 2 0 0 50 244 6 6
2041 2 0 0 50 244 6 6
2042 2 0 0 50 244 6 6
2043 2 0 0 50 244 6 8
2044 2 0 0 50 244 6 9
2045 2 0 0 50 246 6 7
2046 2 0 0 50 247 6 6
2047 2 0 0 50 247 6 7
2048 2 0 0 50 247 6 7
2049 2 0 0 50 248 6 6
2050 2 0 0 50 248 6 6
2051 2 0 0 50 248 6 6
2052 2 0 0 50 248 6 6
2053 2 0 0 50 248 6 6
2054 2 0 0 50 248 6 6
2055 2 0 0 50 248 6 6
2056 2 0 0 50 248 6 6
2057 2 0 0 50 248 6 6
2058 2 0 0 50 248 6 6
2059 2 0 0 50 248 6 6
2060 3 0 0 49 248 6 6
2061 3 0 0 49 248 6 6
2062 3 0 0 49 248 6 6
2063 3 0 0 49 248 6 6
2064 3 0 0 49 248 6 6
2065 3 0 0 49 248 6 6
2066 3 0 0 49 248 6 6
2067 3 0 0 49 248 6 6
2068 3 0 0 49 248 6 6
2069 3 0 0 49 248 6 6
2070 3 0 0 49 248 6 6
2071 3 0 0 49 248 6 6
2072 3 0 0 49 248 6 6
2073 3 0 0 49 248 6 6
2074 3 0 0 49 248 6 6
2075 3 0 0 49 248 6 7
2076 3 0 0 49 248 6 7
2077 3 0 0 49 249 6 6
2078 3 0 0 49 249 6 6
2079 3 0 0 49 249 6 6
2080 3 0 0 49 249 6 6
2081 3 0 0 49 249 6 6
2082 3 0 0 49 249 6 7
2083 3 0 0 49 249 6 7
2084 3 0 0 49 250 6 6
2085 3 0 0 49 250 6 6
2086 3 0 0 49 250 6 6
2087 3 0 0 49 250 6 6
2088 3 0 0 49 250 6 8
2089 3 0 0 49 250 6 9
2090 3 0 0 49 252 6 7
2091 3 0 0 49 253 6 6
2092 3 0 0 49 253 6 7
2093 3 0 0 49 254 6 6
2094 3 0 0 49 254 6 6
2095 3 0 0 49 254 6 6
2096 3 0 0 49 254 6 6
2097 3 0 0 49 254 6 6
2098 3 0 0 49 254 6 6
2099 3 0 0 49 254 6 6
2100 3 0 0 49 254 6 6
2101 3 0 0 49 254 6 6
2102 3 0 0 49 254 6 6
2103 3 0 0 49 254 6 6
2104 3 0 0 49 254 6 6
2105 3 0 0 49 254 6 6
2106 3 0 0 49 254 6 6
2107 3 0 0 49 254 6 6
2108 3 0 0 49 254 6 6
2109 3 0 0 49 254 6 6
2110 3 0 0 49 254 6 6
2111 3 0 0 49 254 6 6
2112 3 0 0 49 254 6 6
2113 3 0 0 49 254 6 6
2114 3 0 0 49 254 6 6
2115 3 0 0 49 254 6 6
2116 3 0 0 49 254 6 6
2117 3 0 0 49 254 6 6
2118 3 0 0 49 254 6 6
2119 3 0 0 49 254 6 6
2120 3 0 0 49 254 6 7
2121 3 0 0 49 254 6 7
2122 3 0 0 49 255 6 6
2123 3 0 0 49 255 6 6
2124 3 0 0 49 255 6 6
2125 3 0 0 49 255 6 6
2126 3 0 0 49 255 6 6
2127 3 0 0 49 255 6 7
2128 3 0 0 49 255 6 7
2129 3 0 0 49 256 6 6
2130 3 0 0 49 256 6 6
2131 3 0 0 49 256 6 6
2132 3 0 0 49 256 6 6
2133 3 0 0 49 256 6 8
2134 3 0 0 49 256 6 9
2135 3 0 0 49 258 6 7
2136 3 0 0 49 259 6 6
2137 3 0 0 49 259 6 7
2138 3 0 0 49 259 6 7
2139 3 0 0 49 260 6 6
2140 3 0 0 49 260 6 6
2141 3 0 0 49 260 6 6
2142 3 0 0 49 260 6 6
2143 3 0 0 49 260 6 6
2144 3 0 0 49 260 6 6
2145 3 0 0 49 260 6 6
2146 3 0 0 49 260 6 6
2147 3 0 0 49 260 6 6
2148 3 0 0 49 260 6 6
2149 3 0 0 49 260 6 6
2150 3 0 0 49 260 6 6
2151 3 0 0 49 260 6 6
2152 3 0 0 49 260 6 6
2153 3 0 0 49 260 6 6
2154 3 0 0 49 260 6 6
2155 3 0 0 49 260 6 6
2156 3 0 0 49 260 6 6
2157 3 0 0 49 260 6 6
2158 3 0 0 49 260 6 6
2159 3 0 0 49 260 6 6
2160 3 0 0 49 260 6 6
2161 3 0 0 49 260 6 6
2162 3 0 0 49 260 6 6
2163 3 0 0 49 260 6 6
2164 3 0 0 49 260 6 6
2165 3 0 0 49 260 6 7
2166 3 0 0 49 260 6 7
2167 3 0 0 49 261 6 6
2168 3 0 0 49 261 6 6
2169 3 0 0 49 261 6 6
2170 3 0 0 49 261 6 6
2171 3 0 0 49 261 6 6
2172 3 0 0 49 261 6 7
2173 3 0 0 49 261 6 7
2174 3 0 0 49 262 6 6
2175 3 0 0 49 262 6 6
2176 3 0 0 49 262 6 6
2177 3 0 0 49 262 6 6
2178 3 0 0 49 262 6 8
2179 3 0 0 49 262 6 9
2180 3 0 0 49 264 6 7
2181 3 0 0 49 265 6 6
2182 3 0 0 49 265 6 7
2183 3 0 0 49 265 6 7
2184 3 0 0 49 266 6 6
2185 3 0 0 49 266 6 6
2186 3 0 0 49 266 6 6
2187 3 0 0 49 266 6 6
2188 3 0 0 49 266 6 6
2189 3 0 0 49 266 6 6
2190 3 0 0 49 266 6 6
2191 3 0 0 49 266 6 6
2192 3 0 0 49 266 6 6
2193 3 0 0 49 266 6 6
2194 3 0 0 49 266 6 6
2195 3 0 0 49 266 6 6
2196 3 0 0 49 266 6 6
2197 3 0 0 49 266 6 6
2198 3 0 0 49 266 6 6
2199 3 0 0 49 266 6 6
2200 3 0 0 49 266 6 6
2201 3 0 0 49 266 6 6
2202 3 0 0 49 266 6 6
2203 3 0 0 49 266 6 6
2204 3 0 0 49 266 6 6
2205 3 0 0 49 266 6 6
2206 3 0 0 49 266 6 6
2207 3 0 0 49 266 6 6
2208 3 0 0 49 266 6 6
2209 3 0 0 49 266 6 6
2210 3 0 0 49 266 6 7
2211 3 0 0 49 267 6 6
2212 3 0 0 49 267 6 6
2213 3 0 0 49 267 6 6
2214 3 0 0 49 267 6 6
2215 3 0 0 49 267 6 6
2216 3 0 0 49 267 6 6
2217 3 0 0 49 267 6 7
2218 3 0 0 49 267 6 7
2219 3 0 0 49 268 6 6
2220 3 0 0 49 268 6 6
2221 3 0 0 49 268 6 6
2222 3 0 0 49 268 6 6
2223 3 0 0 49 268 6 8
2224 3 0 0 49 268 6 9
2225 3 0 0 49 271 6 6
2226 3 0 0 49 271 6 6
2227 3 0 0 49 271 6 7
2228 3 0 0 49 271 6 7
2229 3 0 0 49 272 6 6
2230 3 0 0 49 272 6 6
2231 3 0 0 49 272 6 6
2232 3 0 0 49 272 6 6
2233 3 0 0 49 272 6 6
2234 3 0 0 49 272 6 6
2235 3 0 0 49 272 6 6
2236 3 0 0 49 272 6 6
2237 3 0 0 49 272 6 6
2238 3 0 0 49 272 6 6
2239 3 0 0 49 272 6 6
2240 3 0 0 49 272 6 6
2241 3 0 0 49 272 6 6
2242 3 0 0 49 272 6 6
2243 3 0 0 49 272 6 6
2244 3 0 0 49 272 6 6
2245 3 0 0 49 272 6 6
2246 3 0 0 49 272 6 6
2247 3 0 0 49 272 6 6
2248 3 0 0 49 272 6 6
2249 3 0 0 49 272 6 6
2250 3 0 0 49 272 6 6
2251 3 0 0 49 272 6 6
2252 3 0 0 49 272 6 6
2253 3 0 0 49 272 6 6
2254 3 0 0 49 272 6 6
2255 3 0 0 49 272 6 7
2256 3 0 0 49 272 6 7
2257 3 0 0 49 273 6 6
2258 3 0 0 49 273 6 6
2259 3 0 0 49 273 6 6
2260 3 0 0 49 273 6 6
2261 3 0 0 49 273 6 6
2262 3 0 0 49 273 6 7
2263 3 0 0 49 270 7 8
2264 3 0 0 49 271 7 7
2265 3 0 0 49 271 7 7
2266 3 0 0 49 271 7 7
2267 3 0 0 49 271 7 7
2268 3 0 0 49 271 7 9
2269 3 0 0 49 273 7 8
2270 3 0 0 49 273 7 8
2271 3 0 0 49 274 7 7
2272 3 0 0 49 274 7 8
2273 3 0 0 49 274 7 8
2274 3 0 0 49 275 7 7
2275 3 0 0 49 275 7 7
2276 3 0 0 49 275 7 7
2277 3 0 0 49 275 7 7
2278 3 0 0 49 275 7 7
2279 3 0 0 49 275 7 7
2280 3 0 0 49 275 7 7
2281 3 0 0 49 275 7 7
2282 3 0 0 49 275 7 7
2283 3 0 0 49 275 7 7
2284 3 0 0 49 275 7 7
2285 3 0 0 49 275 7 7
2286 3 0 0 49 275 7 7
2287 3 0 0 49 275 7 7
2288 3 0 0 49 275 7 7
2289 3 0 0 49 275 7 7
2290 3 0 0 49 275 7 7
2291 3 0 0 49 275 7 7
2292 3 0 0 49 275 7 7
2293 3 0 0 49 275 7 7
2294 3 0 0 49 275 7 7
2295 3 0 0 49 275 7 7
2296 3 0 0 49 275 7 7
2297 3 0 0 49 275 7 7
2298 3 0 0 49 275 7 7
2299 3 0 0 49 275 7 7
2300 3 0 0 49 275 7 8
2301 3 0 0 49 275 7 9
2302 3 0 0 49 276 7 8
2303 3 0 0 49 276 7 8
2304 3 0 0 49 276 7 8
2305 3 0 0 49 276 7 8
2306 3 0 0 49 276 7 8
2307 3 0 0 49 276 7 10
2308 3 0 0 49 276 7 10
2309 3 0 0 49 278 7 8
2310 3 0 0 49 278 7 8
2311 3 0 0 49 278 7 8
2312 3 0 0 49 278 7 8
2313 4 0 0 48 278 7 10
2314 4 0 0 48 278 7 11
2315 4 0 0 48 280 7 9
2316 4 0 0 48 281 7 8
2317 4 0 0 48 281 7 9
2318 4 0 0 48 281 7 9
2319 4 0 0 48 282 7 8
2320 4 0 0 48 282 7 8
2321 4 0 0 48 282 7 8
2322 4 0 0 48 282 7 8
2323 4 0 0 48 282 7 8
2324 4 0 0 48 282 7 8
2325 4 0 0 48 282 7 8
2326 4 0 0 48 282 7 8
2327 4 0 0 48 282 7 8
2328 4 0 0 48 282 7 8
2329 4 0 0 48 282 7 8
2330 4 0 0 48 282 7 8
2331 4 0 0 48 282 7 8
2332 4 0 0 48 282 7 8
2333 4 0 0 48 282 7 8
2334 4 0 0 48 282 7 8
2335 4 0 0 48 282 7 8
2336 4 0 0 48 282 7 8
2337 4 0 0 48 282 7 8
2338 4 0 0 48 282 7 8
2339 4 0 0 48 282 7 8
2340 4 0 0 48 282 7 8
2341 4 0 0 48 282 7 8
2342 4 0 0 48 282 7 8
2343 4 0 0 48 282 7 8
2344 4 0 0 48 282 7 8
2345 4 0 0 48 282 7 10
2346 4 0 0 48 282 7 10
2347 4 0 0 48 284 7 8
2348 4 0 0 48 284 7 8
2349 4 0 0 48 284 7 8
2350 4 0 0 48 284 7 8
2351 4 0 0 48 284 7 8
2352 4 0 0 48 284 7 10
2353 4 0 0 48 284 7 10
2354 4 0 0 48 286 7 8
2355 4 0 0 48 286 7 8
2356 4 0 0 48 286 7 8
2357 4 0 0 48 286 7 8
2358 4 0 0 48 286 7 10
2359 4 0 0 48 288 7 9
2360 4 0 0 48 288 7 9
2361 4 0 0 48 289 7 8
2362 4 0 0 48 289 7 9
2363 4 0 0 48 286 8 10
2364 4 0 0 48 287 8 9
2365 4 0 0 48 287 8 9
2366 4 0 0 48 287 8 9
2367 4 0 0 48 287 8 9
2368 4 0 0 48 287 8 9
2369 4 0 0 48 287 8 9
2370 4 0 0 48 287 8 9
2371 4 0 0 48 287 8 9
2372 4 0 0 48 287 8 9
2373 4 0 0 48 287 8 9
2374 4 0 0 48 287 8 9
2375 4 0 0 48 287 8 9
2376 4 0 0 48 287 8 9
2377 4 0 0 48 287 8 9
2378 4 0 0 48 287 8 9
2379 4 0 0 48 287 8 9
2380 4 0 0 48 287 8 9
2381 4 0 0 48 287 8 9
2382 4 0 0 48 287 8 9
2383 4 0 0 48 287 8 9
2384 4 0 0 48 287 8 9
2385 4 0 0 48 287 8 9
2386 4 0 0 48 287 8 9
2387 4 0 0 48 287 8 9
2388 4 0 0 48 287 8 9
2389 4 0 0 48 287 8 9
2390 4 0 0 48 287 8 11
2391 4 0 0 48 287 8 11
2392 4 0 0 48 289 8 9
2393 4 0 0 48 289 8 9
2394 4 0 0 48 289 8 9
2395 4 0 0 48 289 8 9
2396 4 0 0 48 289 8 9
2397 4 0 0 48 289 8 11
2398 4 0 0 48 289 8 11
2399 4 0 0 48 291 8 9
2400 4 0 0 48 291 8 9
2401 4 0 0 48 291 8 10
2402 4 0 0 48 291 8 10
2403 4 0 0 48 291 8 12
2404 4 0 0 48 293 8 11
2405 4 0 0 48 293 8 11
2406 4 0 0 48 294 8 10
2407 4 0 0 48 294 8 12
2408 4 0 0 48 294 8 12
2409 4 0 0 48 296 8 10
2410 4 0 0 48 296 8 10
2411 4 0 0 48 296 8 10
2412 4 0 0 48 296 8 10
2413 4 0 0 48 296 8 10
2414 4 0 0 48 297 8 10
2415 4 0 0 48 299 8 8
2416 4 0 0 48 299 8 8
2417 4 0 0 48 299 8 8
2418 4 0 0 48 299 8 8
2419 4 0 0 48 299 8 8
2420 4 0 0 48 299 8 8
2421 4 0 0 48 299 8 8
2422 4 0 0 48 299 8 8
2423 4 0 0 48 299 8 8
2424 4 0 0 48 299 8 8
2425 4 0 0 48 299 8 8
2426 4 0 0 48 299 8 8
2427 4 0 0 48 299 8 8
2428 4 0 0 48 299 8 8
2429 4 0 0 48 299 8 8
2430 4 0 0 48 299 8 8
2431 4 0 0 48 299 8 8
2432 4 0 0 48 299 8 8
2433 4 0 0 48 299 8 8
2434 4 0 0 48 299 8 8
2435 4 0 0 48 299 8 10
2436 4 0 0 48 299 8 10
2437 4 0 0 48 301 8 8
2438 4 0 0 48 301 8 8
2439 4 0 0 48 301 8 8
2440 4 0 0 48 301 8 8
2441 4 0 0 48 301 8 8
2442 4 0 0 48 301 8 10
2443 4 0 0 48 301 8 10
2444 4 0 0 48 303 8 8
2445 4 0 0 48 303 8 8
2446 4 0 0 48 303 8 8
2447 4 0 0 48 303 8 8
2448 4 0 0 48 303 8 10
2449 4 0 0 48 303 8 11
2450 4 0 0 48 305 8 9
2451 4 0 0 48 306 8 8
2452 4 0 0 48 306 8 9
2453 4 0 0 48 306 8 9
2454 4 0 0 48 307 8 8
2455 4 0 0 48 307 8 8
2456 4 0 0 48 307 8 8
2457 4 0 0 48 307 8 8
2458 4 0 0 48 307 8 8
2459 4 0 0 48 307 8 8
2460 4 0 0 48 307 8 8
2461 4 0 0 48 307 8 8
2462 4 0 0 48 307 8 8
2463 4 0 0 48 307 8 8
2464 4 0 0 48 307 8 8
2465 4 0 0 48 307 8 8
2466 4 0 0 48 307 8 8
2467 4 0 0 48 307 8 8
2468 4 0 0 48 307 8 8
2469 4 0 0 48 307 8 8
2470 4 0 0 48 307 8 8
2471 4 0 0 48 307 8 8
2472 4 0 0 48 307 8 8
2473 4 0 0 48 307 8 8
2474 4 0 0 48 307 8 8
2475 4 0 0 48 307 8 8
2476 4 0 0 48 307 8 8
2477 4 0 0 48 307 8 8
2478 4 0 0 48 307 8 8
2479 4 0 0 48 307 8 8
2480 4 0 0 48 307 8 10
2481 4 0 0 48 307 8 10
2482 4 0 0 48 309 8 8
2483 4 0 0 48 309 8 8
2484 4 0 0 48 309 8 8
2485 4 0 0 48 309 8 8
2486 4 0 0 48 309 8 8
2487 4 0 0 48 309 8 10
2488 4 0 0 48 310 8 9
2489 4 0 0 48 311 8 8
2490 4 0 0 48 311 8 8
2491 4 0 0 48 311 8 8
2492 4 0 0 48 311 8 8
2493 4 0 0 48 311 8 10
2494 4 0 0 48 311 8 11
2495 4 0 0 48 313 8 9
2496 4 0 0 48 314 8 8
2497 4 0 0 48 314 8 9
2498 4 0 0 48 314 8 9
2499 4 0 0 48 315 8 8
2500 4 0 0 48 315 8 8
2501 4 0 0 48 315 8 8
2502 4 0 0 48 315 8 8
2503 4 0 0 48 315 8 8
2504 4 0 0 48 315 8 8
2505 4 0 0 48 315 8 8
2506 4 0 0 48 315 8 8
2507 4 0 0 48 315 8 8
2508 4 0 0 48 315 8 8
2509 4 0 0 48 315 8 8
2510 4 0 0 48 315 8 8
2511 4 0 0 48 315 8 8
2512 4 0 0 48 315 8 8
2513 4 0 0 48 315 8 8
2514 4 0 0 48 315 8 8
2515 4 0 0 48 315 8 8
2516 4 0 0 48 315 8 8
2517 4 0 0 48 315 8 8
2518 4 0 0 48 315 8 8
2519 4 0 0 48 315 8 8
2520 4 0 0 48 315 8 8
2521 4 0 0 48 315 8 8
2522 4 0 0 48 315 8 8
2523 4 0 0 48 315 8 8
2524 4 0 0 48 315 8 8
2525 4 0 0 48 315 8 10
2526 4 0 0 48 315 8 10
2527 4 0 0 48 317 8 8
2528 4 0 0 48 317 8 8
2529 4 0 0 48 317 8 8
2530 4 0 0 48 317 8 8
2531 4 0 0 48 317 8 8
2532 4 0 0 48 317 8 10
2533 4 0 0 48 317 8 10
2534 4 0 0 48 319 8 8
2535 4 0 0 48 319 8 8
2536 4 0 0 48 319 8 8
2537 4 0 0 48 319 8 8
2538 4 0 0 48 319 8 10
2539 4 0 0 48 319 8 11
2540 4 0 0 48 321 8 9
2541 4 0 0 48 322 8 8
2542 4 0 0 48 322 8 9
2543 4 0 0 48 322 8 9
2544 4 0 0 48 323 8 8
2545 4 0 0 48 323 8 8
2546 4 0 0 48 323 8 8
2547 4 0 0 48 323 8 8
2548 4 0 0 48 323 8 8
2549 4 0 0 48 323 8 8
2550 4 0 0 48 323 8 8
2551 4 0 0 48 323 8 8
2552 4 0 0 48 323 8 8
2553 4 0 0 48 323 8 8
2554 4 0 0 48 323 8 8
2555 4 0 0 48 323 8 8
2556 4 0 0 48 323 8 8
2557 4 0 0 48 323 8 8
2558 4 0 0 48 323 8 8
2559 4 0 0 48 323 8 8
2560 4 0 0 48 323 8 8
2561 4 0 0 48 323 8 8
2562 4 0 0 48 323 8 8
2563 4 0 0 48 323 8 8
2564 4 0 0 48 323 8 8
2565 4 0 0 48 323 8 8
2566 4 0 0 48 323 8 8
2567 4 0 0 48 323 8 8
2568 4 0 0 48 323 8 8
2569 4 0 0 48 323 8 8
2570 4 0 0 48 323 8 10
2571 4 0 0 48 323 8 10
2572 4 0 0 48 325 8 8
2573 4 0 0 48 325 8 8
2574 4 0 0 48 325 8 8
2575 4 0 0 48 325 8 8
2576 4 0 0 48 325 8 8
2577 4 0 0 48 325 8 10
2578 4 0 0 48 325 8 10
2579 4 0 0 48 327 8 8
2580 4 0 0 48 327 8 8
2581 4 0 0 48 327 8 8
2582 4 0 0 48 327 8 8
2583 4 0 0 48 327 8 10
2584 4 0 0 48 327 8 11
2585 4 0 0 48 330 8 8
2586 4 0 0 48 330 8 8
2587 4 0 0 48 330 8 9
2588 4 0 0 48 330 8 9
2589 4 0 0 48 331 8 8
2590 4 0 0 48 331 8 8
2591 4 0 0 48 331 8 8
2592 4 0 0 48 331 8 8
2593 4 0 0 48 331 8 8
2594 4 0 0 48 331 8 8
2595 4 0 0 48 331 8 8
2596 4 0 0 48 331 8 8
2597 4 0 0 48 331 8 8
2598 4 0 0 48 331 8 8
2599 4 0 0 48 331 8 8
2600 4 0 0 48 331 8 8
2601 4 0 0 48 331 8 8
2602 4 0 0 48 331 8 8
2603 4 0 0 48 331 8 8
2604 4 0 0 48 331 8 8
2605 4 0 0 48 331 8 8
2606 4 0 0 48 331 8 8
2607 4 0 0 48 331 8 8
2608 4 0 0 48 331 8 8
2609 4 0 0 48 331 8 8
2610 4 0 0 48 331 8 8
2611 4 0 0 48 331 8 8
2612 4 0 0 48 331 8 8
2613 4 0 0 48 331 8 8
2614 4 0 0 48 331 8 8
2615 4 0 0 48 331 8 10
2616 4 0 0 48 331 8 10
2617 4 0 0 48 333 8 8
2618 4 0 0 48 333 8 8
2619 4 0 0 48 333 8 8
2620 4 0 0 48 333 8 8
2621 4 0 0 48 333 8 8
2622 4 0 0 48 333 8 10
2623 4 0 0 48 333 8 10
2624 4 0 0 48 335 8 8
2625 4 0 0 48 335 8 8
2626 4 0 0 48 335 8 8
2627 4 0 0 48 335 8 8
2628 4 0 0 48 335 8 10
2629 4 0 0 48 335 8 11
2630 4 0 0 48 337 8 9
2631 4 0 0 48 338 8 8
2632 4 0 0 48 338 8 9
2633 4 0 0 48 339 8 8
2634 4 0 0 48 339 8 8
2635 4 0 0 48 339 8 8
2636 4 0 0 48 339 8 8
2637 4 0 0 48 339 8 8
2638 4 0 0 48 339 8 8
2639 4 0 0 48 339 8 8
2640 4 0 0 48 339 8 8
2641 4 0 0 48 339 8 8
2642 4 0 0 48 339 8 8
2643 4 0 0 48 339 8 8
2644 4 0 0 48 339 8 8
2645 4 0 0 48 339 8 8
2646 4 0 0 48 339 8 8
2647 4 0 0 48 339 8 8
2648 4 0 0 48 339 8 8
2649 4 0 0 48 339 8 8
2650 4 0 0 48 339 8 8
2651 4 0 0 48 339 8 8
2652 4 0 0 48 339 8 8
2653 4 0 0 48 339 8 8
2654 4 0 0 48 339 8 8
2655 4 0 0 48 339 8 8
2656 4 0 0 48 339 8 8
2657 4 0 0 48 339 8 8
2658 4 0 0 48 339 8 8
2659 4 0 0 48 339 8 8
2660 4 0 0 48 339 8 10
2661 4 0 0 48 339 8 10
2662 4 0 0 48 341 8 8
2663 4 0 0 48 341 8 8
2664 4 0 0 48 341 8 8
2665 4 0 0 48 341 8 8
2666 4 0 0 48 341 8 8
2667 4 0 0 48 341 8 10
2668 4 0 0 48 343 8 8
2669 4 0 0 48 343 8 8
2670 4 0 0 48 343 8 8
2671 4 0 0 48 343 8 8
2672 4 0 0 48 343 8 8
2673 4 0 0 48 343 8 10
2674 4 0 0 48 343 8 11
2675 4 0 0 48 345 8 9
2676 4 0 0 48 346 8 8
2677 4 0 0 48 346 8 9
2678 4 0 0 48 346 8 9
2679 4 0 0 48 347 8 8
2680 4 0 0 48 347 8 8
2681 4 0 0 48 347 8 8
2682 4 0 0 48 347 8 8
2683 4 0 0 48 347 8 8
2684 4 0 0 48 347 8 8
2685 4 0 0 48 347 8 8
2686 4 0 0 48 347 8 8
2687 4 0 0 48 347 8 8
2688 4 0 0 48 347 8 8
2689 4 0 0 48 347 8 8
2690 4 0 0 48 347 8 8
2691 4 0 0 48 347 8 8
2692 4 0 0 48 347 8 8
2693 4 0 0 48 347 8 8
2694 4 0 0 48 347 8 8
2695 4 0 0 48 347 8 8
2696 4 0 0 48 347 8 8
2697 4 0 0 48 347 8 8
2698 4 0 0 48 347 8 8
2699 4 0 0 48 347 8 8
2700 4 0 0 48 344 9 9
2701 4 0 0 48 344 9 9
2702 4 0 0 48 344 9 9
2703 4 0 0 48 344 9 9
2704 4 0 0 48 344 9 9
2705 4 0 0 48 344 9 11
2706 4 0 0 48 344 9 11
2707 4 0 0 48 346 9 9
2708 4 0 0 48 346 9 9
2709 4 0 0 48 346 9 9
2710 4 0 0 48 346 9 9
2711 4 0 0 48 346 9 9
2712 4 0 0 48 346 9 11
2713 4 0 0 48 346 9 11
2714 4 0 0 48 348 9 9
2715 4 0 0 48 348 9 9
2716 4 0 0 48 348 9 9
2717 4 0 0 48 348 9 9
2718 4 0 0 48 348 9 11
2719 4 0 0 48 348 9 12
2720 4 0 0 48 350 9 10
2721 4 0 0 48 351 9 9
2722 4 0 0 48 351 9 10
2723 4 0 0 48 351 9 10
2724 4 0 0 48 352 9 9
2725 4 0 0 48 352 9 9
2726 4 0 0 48 352 9 9
2727 4 0 0 48 352 9 9
2728 4 0 0 48 352 9 9
2729 4 0 0 48 352 9 9
2730 4 0 0 48 352 9 9
2731 4 0 0 48 352 9 9
2732 4 0 0 48 352 9 9
2733 4 0 0 48 352 9 9
2734 4 0 0 48 352 9 9
2735 4 0 0 48 352 9 9
2736 4 0 0 48 352 9 9
2737 4 0 0 48 352 9 9
2738 4 0 0 48 352 9 10
2739 4 0 0 48 352 9 10
2740 4 0 0 48 352 9 10
2741 4 0 0 48 352 9 10
2742 4 0 0 48 352 9 10
2743 4 0 0 48 352 9 10
2744 4 0 0 48 352 9 11
2745 4 0 0 48 352 9 11
2746 4 0 0 48 353 9 10
2747 4 0 0 48 353 9 10
2748 4 0 0 48 353 9 10
2749 4 0 0 48 354 9 10
2750 4 0 0 48 356 9 10
2751 4 0 0 48 356 9 10
2752 4 0 0 48 358 9 8
2753 4 0 0 48 358 9 8
2754 4 0 0 48 358 9 8
2755 4 0 0 48 358 9 8
2756 4 0 0 48 358 9 8
2757 4 0 0 48 358 9 10
2758 4 0 0 48 359 9 9
2759 4 0 0 48 360 9 8
2760 4 0 0 48 360 9 8
2761 4 0 0 48 360 9 8
2762 4 0 0 48 360 9 8
2763 4 0 0 48 360 9 10
2764 4 0 0 48 360 9 11
2765 4 0 0 48 362 9 9
2766 4 0 0 48 363 9 8
2767 4 0 0 48 363 9 9
2768 4 0 0 48 364 9 8
2769 4 0 0 48 364 9 8
2770 4 0 0 48 364 9 8
2771 4 0 0 48 364 9 8
2772 4 0 0 48 364 9 8
2773 4 0 0 48 364 9 8
2774 4 0 0 48 364 9 8
2775 4 0 0 48 364 9 8
2776 4 0 0 48 364 9 8
2777 4 0 0 48 364 9 8
2778 4 0 0 48 364 9 8
2779 4 0 0 48 364 9 8
2780 4 0 0 48 364 9 8
2781 4 0 0 48 364 9 8
2782 4 0 0 48 364 9 8
2783 4 0 0 48 364 9 8
2784 4 0 0 48 364 9 8
2785 4 0 0 48 364 9 8
2786 4 0 0 48 364 9 8
2787 4 0 0 48 364 9 8
2788 4 0 0 48 364 9 8
2789 4 0 0 48 364 9 8
2790 4 0 0 48 364 9 8
2791 4 0 0 48 364 9 8
2792 4 0 0 48 364 9 8
2793 4 0 0 48 364 9 8
2794 4 0 0 48 364 9 8
2795 4 0 0 48 364 9 10
2796 4 0 0 48 364 9 10
2797 4 0 0 48 366 9 8
2798 4 0 0 48 366 9 8
2799 4 0 0 48 366 9 8
2800 4 0 0 48 366 9 8
2801 4 0 0 48 366 9 8
2802 4 0 0 48 366 9 10
2803 4 0 0 48 366 9 10
2804 4 0 0 48 368 9 8
2805 4 0 0 48 368 9 8
2806 4 0 0 48 368 9 8
2807 4 0 0 48 368 9 8
2808 4 0 0 48 368 9 10
2809 4 0 0 48 368 9 11
2810 4 0 0 48 367 10 10
2811 4 0 0 48 368 10 9
2812 4 0 0 48 368 10 10
2813 4 0 0 48 368 10 10
2814 4 0 0 48 369 10 9
2815 4 0 0 48 369 10 9
2816 4 0 0 48 369 10 9
2817 4 0 0 48 369 10 9
2818 4 0 0 48 369 10 9
2819 4 0 0 48 369 10 9
2820 4 0 0 48 369 10 9
2821 4 0 0 48 369 10 9
2822 4 0 0 48 369 10 9
2823 4 0 0 48 369 10 9
2824 4 0 0 48 369 10 9
2825 4 0 0 48 369 10 9
2826 4 0 0 48 369 10 9
2827 4 0 0 48 369 10 9
2828 4 0 0 48 369 10 9
2829 4 0 0 48 369 10 9
2830 4 0 0 48 369 10 9
2831 4 0 0 48 369 10 9
2832 4 0 0 48 369 10 9
2833 4 0 0 48 369 10 9
2834 4 0 0 48 369 10 9
2835 4 0 0 48 369 10 9
2836 4 0 0 48 369 10 9
2837 4 0 0 48 369 10 9
2838 4 0 0 48 369 10 9
2839 4 0 0 48 369 10 9
2840 4 0 0 48 369 10 11
2841 4 0 0 48 369 10 11
2842 4 0 0 48 371 10 9
2843 4 0 0 48 371 10 9
2844 4 0 0 48 371 10 9
2845 4 0 0 48 371 10 9
2846 4 0 0 48 371 10 9
2847 4 0 0 48 371 10 11
2848 4 0 0 48 371 10 12
2849 4 0 0 48 373 10 10
2850 4 0 0 48 373 10 10
2851 4 0 0 48 373 10 10
2852 4 0 0 48 373 10 10
2853 4 0 0 48 373 10 12
2854 4 0 0 48 373 10 14
2855 4 0 0 48 375 10 12
2856 4 0 0 48 377 10 10
2857 4 0 0 48 377 10 11
2858 4 0 0 48 377 10 11
2859 4 0 0 48 378 10 10
2860 4 0 0 48 379 10 10
2861 4 0 0 48 381 10 8
2862 4 0 0 48 381 10 8
2863 4 0 0 48 381 10 8
2864 4 0 0 48 381 10 8
2865 4 0 0 48 381 10 8
2866 4 0 0 48 381 10 8
2867 4 0 0 48 381 10 8
2868 4 0 0 48 381 10 8
2869 4 0 0 48 381 10 8
2870 4 0 0 48 381 10 8
2871 4 0 0 48 381 10 8
2872 4 0 0 48 381 10 8
2873 4 0 0 48 381 10 8
2874 4 0 0 48 381 10 8
2875 4 0 0 48 381 10 8
2876 4 0 0 48 381 10 8
2877 4 0 0 48 381 10 8
2878 4 0 0 48 381 10 8
2879 4 0 0 48 381 10 8
2880 4 0 0 48 381 10 8
2881 4 0 0 48 381 10 8
2882 4 0 0 48 381 10 8
2883 4 0 0 48 381 10 8
2884 4 0 0 48 381 10 8
2885 4 0 0 48 381 10 10
2886 4 0 0 48 382 10 9
2887 4 0 0 48 383 10 8
2888 4 0 0 48 383 10 8
2889 4 0 0 48 383 10 8
2890 4 0 0 48 383 10 8
2891 4 0 0 48 383 10 8
2892 4 0 0 48 383 10 10
2893 4 0 0 48 383 10 10
2894 4 0 0 48 385 10 8
2895 4 0 0 48 385 10 8
2896 4 0 0 48 385 10 8
2897 4 0 0 48 385 10 8
2898 4 0 0 48 385 10 10
2899 4 0 0 48 385 10 11
2900 4 0 0 48 387 10 9
2901 4 0 0 48 388 10 8
2902 4 0 0 48 388 10 9
2903 4 0 0 48 385 11 10
2904 4 0 0 48 386 11 9
2905 4 0 0 48 386 11 9
2906 4 0 0 48 386 11 9
2907 4 0 0 48 386 11 9
2908 4 0 0 48 386 11 9
2909 4 0 0 48 386 11 9
2910 4 0 0 48 386 11 9
2911 4 0 0 48 386 11 9
2912 4 0 0 48 386 11 9
2913 4 0 0 48 386 11 9
2914 4 0 0 48 386 11 9
2915 4 0 0 48 386 11 9
2916 4 0 0 48 386 11 9
2917 4 0 0 48 386 11 9
2918 4 0 0 48 386 11 9
2919 4 0 0 48 386 11 9
2920 4 0 0 48 386 11 9
2921 4 0 0 48 386 11 9
2922 4 0 0 48 386 11 9
2923 4 0 0 48 386 11 9
2924 4 0 0 48 386 11 9
2925 4 0 0 48 386 11 9
2926 4 0 0 48 386 11 9
2927 4 0 0 48 386 11 9
2928 4 0 0 48 386 11 9
2929 4 0 0 48 386 11 9
2930 4 0 0 48 386 11 11
2931 4 0 0 48 386 11 11
2932 4 0 0 48 388 11 9
2933 4 0 0 48 388 11 9
2934 4 0 0 48 388 11 9
2935 4 0 0 48 388 11 9
2936 4 0 0 48 388 11 9
2937 4 0 0 48 388 11 11
2938 4 0 0 48 388 11 11
2939 4 0 0 48 390 11 9
2940 4 0 0 48 390 11 9
2941 4 0 0 48 390 11 10
2942 4 0 0 48 390 11 10
2943 4 0 0 48 390 11 12
2944 4 0 0 48 390 11 13
2945 4 0 0 48 392 11 11
2946 4 0 0 48 393 11 10
2947 4 0 0 48 393 11 12
2948 4 0 0 48 393 11 12
2949 4 0 0 48 395 11 10
2950 4 0 0 48 395 11 10
2951 4 0 0 48 395 11 10
2952 4 0 0 48 395 11 10
2953 4 0 0 48 395 11 10
2954 4 0 0 48 395 11 10
2955 4 0 0 48 395 11 10
2956 4 0 0 48 396 11 10
2957 4 0 0 48 398 11 8
2958 4 0 0 48 398 11 8
2959 4 0 0 48 398 11 8
2960 4 0 0 48 398 11 8
2961 4 0 0 48 398 11 8
2962 4 0 0 48 398 11 8
2963 4 0 0 48 398 11 8
2964 4 0 0 48 398 11 8
2965 4 0 0 48 398 11 8
2966 4 0 0 48 398 11 8
2967 4 0 0 48 398 11 8
2968 4 0 0 48 398 11 8
2969 4 0 0 48 398 11 8
2970 4 0 0 48 398 11 8
2971 4 0 0 48 398 11 8
2972 4 0 0 48 398 11 8
2973 4 0 0 48 398 11 8
2974 4 0 0 48 398 11 8
2975 4 0 0 48 398 11 10
2976 4 0 0 48 398 11 10
2977 4 0 0 48 400 11 8
2978 4 0 0 48 400 11 8
2979 4 0 0 48 400 11 8
2980 4 0 0 48 400 11 8
2981 4 0 0 48 400 11 8
2982 4 0 0 48 400 11 10
2983 4 0 0 48 400 11 10
2984 4 0 0 48 402 11 8
2985 4 0 0 48 402 11 8
2986 4 0 0 48 402 11 8
2987 4 0 0 48 402 11 8
2988 4 0 0 48 402 11 10
2989 4 0 0 48 402 11 11
2990 4 0 0 48 404 11 9
2991 4 0 0 48 405 11 8
2992 4 0 0 48 405 11 9
2993 4 0 0 48 405 11 9
2994 4 0 0 48 406 11 8
2995 4 0 0 48 406 11 8
2996 4 0 0 48 406 11 8
2997 4 0 0 48 406 11 8
2998 4 0 0 48 406 11 8
2999 4 0 0 48 406 11 8
3000 4 0 0 48 406 11 8
3001 4 0 0 48 406 11 8
3002 4 0 0 48 406 11 8
3003 4 0 0 48 406 11 8
3004 4 0 0 48 406 11 8
3005 4 0 0 48 406 11 8
3006 4 0 0 48 406 11 8
3007 4 0 0 48 406 11 8
3008 4 0 0 48 406 11 8
3009 4 0 0 48 406 11 8
3010 4 0 0 48 406 11 8
3011 4 0 0 48 406 11 8
3012 4 0 0 48 406 11 8
3013 4 0 0 48 406 11 8
3014 4 0 0 48 406 11 8
3015 4 0 0 48 406 11 8
3016 4 0 0 48 406 11 8
3017 4 0 0 48 406 11 8
3018 4 0 0 48 406 11 8
3019 4 0 0 48 406 11 8
3020 4 0 0 48 406 11 10
3021 4 0 0 48 406 11 10
3022 4 0 0 48 408 11 8
3023 4 0 0 48 408 11 8
3024 4 0 0 48 408 11 8
3025 4 0 0 48 408 11 8
3026 4 0 0 48 408 11 8
3027 4 0 0 48 408 11 10
3028 4 0 0 48 408 11 10
3029 4 0 0 48 410 11 8
3030 4 0 0 48 410 11 8
3031 4 0 0 48 410 11 8
3032 4 0 0 48 410 11 8
3033 4 0 0 48 410 11 10
3034 4 0 0 48 410 11 11
3035 4 0 0 48 412 11 9
3036 4 0 0 48 413 11 8
3037 4 0 0 48 413 11 9
3038 4 0 0 48 413 11 9
3039 4 0 0 48 414 11 8
3040 4 0 0 48 414 11 8
3041 4 0 0 48 414 11 8
3042 4 0 0 48 414 11 8
3043 4 0 0 48 414 11 8
3044 4 0 0 48 414 11 8
3045 4 0 0 48 414 11 8
3046 4 0 0 48 414 11 8
3047 4 0 0 48 414 11 8
3048 4 0 0 48 414 11 8
3049 4 0 0 48 414 11 8
3050 4 0 0 48 414 11 8
3051 4 0 0 48 414 11 8
3052 4 0 0 48 414 11 8
3053 4 0 0 48 414 11 8
3054 4 0 0 48 414 11 8
3055 4 0 0 48 414 11 8
3056 4 0 0 48 414 11 8
3057 4 0 0 48 414 11 8
3058 4 0 0 48 414 11 8
3059 4 0 0 48 414 11 8
3060 4 0 0 48 414 11 8
3061 4 0 0 48 414 11 8
3062 4 0 0 48 414 11 8
3063 4 0 0 48 414 11 8
3064 4 0 0 48 414 11 8
3065 4 0 0 48 414 11 10
3066 4 0 0 48 414 11 10
3067 4 0 0 48 416 11 8
3068 4 0 0 48 416 11 8
3069 5 0 0 47 416 11 8
3070 5 0 0 47 416 11 8
3071 5 0 0 47 416 11 8
3072 5 0 0 47 416 11 10
3073 5 0 0 47 416 11 10
3074 5 0 0 47 418 11 8
3075 5 0 0 47 418 11 8
3076 5 0 0 47 418 11 8
3077 5 0 0 47 418 11 8
3078 5 0 0 47 418 11 10
3079 5 0 0 47 418 11 11
3080 5 0 0 47 420 11 9
3081 5 0 0 47 421 11 8
3082 5 0 0 47 421 11 9
3083 5 0 0 47 421 11 9
3084 5 0 0 47 422 11 8
3085 5 0 0 47 422 11 8
3086 5 0 0 47 422 11 8
3087 5 0 0 47 422 11 8
3088 5 0 0 47 422 11 8
3089 5 0 0 47 422 11 8
3090 5 0 0 47 422 11 8
3091 5 0 0 47 422 11 8
3092 5 0 0 47 422 11 8
3093 5 0 0 47 422 11 8
3094 5 0 0 47 422 11 8
3095 5 0 0 47 422 11 8
3096 5 0 0 47 422 11 8
3097 5 0 0 47 422 11 8
3098 5 0 0 47 422 11 8
3099 5 0 0 47 422 11 8
3100 5 0 0 47 422 11 8
3101 5 0 0 47 422 11 8
3102 5 0 0 47 422 11 8
3103 5 0 0 47 422 11 8
3104 5 0 0 47 422 11 8
3105 5 0 0 47 422 11 8
3106 5 0 0 47 422 11 8
3107 5 0 0 47 422 11 8
3108 5 0 0 47 422 11 8
3109 5 0 0 47 422 11 8
3110 5 0 0 47 422 11 10
3111 5 0 0 47 422 11 10
3112 5 0 0 47 424 11 8
3113 5 0 0 47 424 11 8
3114 5 0 0 47 424 11 8
3115 5 0 0 47 424 11 8
3116 5 0 0 47 424 11 8
3117 5 0 0 47 425 11 9
3118 5 0 0 47 425 11 9
3119 5 0 0 47 424 12 9
3120 5 0 0 47 426 12 8
3121 5 0 0 47 426 12 8
3122 5 0 0 47 426 12 8
3123 5 0 0 47 426 12 10
3124 5 0 0 47 426 12 11
3125 5 0 0 47 428 12 9
3126 5 0 0 47 429 12 8
3127 5 0 0 47 429 12 9
3128 5 0 0 47 429 12 9
3129 5 0 0 47 430 12 8
3130 5 0 0 47 430 12 8
3131 5 0 0 47 430 12 8
3132 5 0 0 47 430 12 8
3133 5 0 0 47 430 12 8
3134 5 0 0 47 430 12 8
3135 5 0 0 47 430 12 8
3136 5 0 0 47 430 12 8
3137 5 0 0 47 430 12 8
3138 5 0 0 47 430 12 8
3139 5 0 0 47 430 12 8
3140 5 0 0 47 430 12 8
3141 5 0 0 47 430 12 8
3142 5 0 0 47 430 12 8
3143 5 0 0 47 430 12 8
3144 5 0 0 47 430 12 8
3145 5 0 0 47 430 12 8
3146 5 0 0 47 430 12 8
3147 5 0 0 47 430 12 8
3148 5 0 0 47 430 12 8
3149 5 0 0 47 430 12 8
3150 5 0 0 47 430 12 8
3151 5 0 0 47 430 12 8
3152 5 0 0 47 430 12 8
3153 5 0 0 47 430 12 8
3154 5 0 0 47 430 12 8
3155 5 0 0 47 430 12 10
3156 5 0 0 47 430 12 10
3157 5 0 0 47 432 12 8
3158 5 0 0 47 432 12 8
3159 5 0 0 47 432 12 8
3160 5 0 0 47 432 12 8
3161 5 0 0 47 432 12 8
3162 5 0 0 47 432 12 10
3163 5 0 0 47 432 12 10
3164 5 0 0 47 434 12 8
3165 5 0 0 47 434 12 8
3166 5 0 0 47 434 12 8
3167 5 0 0 47 434 12 8
3168 5 0 0 47 434 12 10
3169 5 0 0 47 434 12 11
3170 5 0 0 47 436 12 9
3171 5 0 0 47 437 12 8
3172 5 0 0 47 437 12 9
3173 5 0 0 47 437 12 9
3174 5 0 0 47 438 12 8
3175 5 0 0 47 438 12 8
3176 5 0 0 47 438 12 8
3177 5 0 0 47 438 12 8
3178 5 0 0 47 438 12 8
3179 5 0 0 47 438 12 8
3180 5 0 0 47 438 12 8
3181 5 0 0 47 438 12 8
3182 5 0 0 47 438 12 8
3183 5 0 0 47 438 12 8
3184 5 0 0 47 438 12 8
3185 5 0 0 47 438 12 8
3186 5 0 0 47 438 12 8
3187 5 0 0 47 438 12 8
3188 5 0 0 47 438 12 8
3189 5 0 0 47 438 12 8
3190 5 0 0 47 438 12 8
3191 5 0 0 47 438 12 8
3192 5 0 0 47 438 12 8
3193 5 0 0 47 438 12 8
3194 5 0 0 47 438 12 8
3195 5 0 0 47 438 12 8
3196 5 0 0 47 438 12 8
3197 5 0 0 47 438 12 8
3198 5 0 0 47 438 12 8
3199 5 0 0 47 438 12 8
3200 5 0 0 47 438 12 10
3201 5 0 0 47 438 12 10
3202 5 0 0 47 440 12 8
3203 5 0 0 47 440 12 8
3204 5 0 0 47 440 12 8
3205 5 0 0 47 440 12 8
3206 5 0 0 47 440 12 8
3207 5 0 0 47 440 12 10
3208 5 0 0 47 440 12 10
3209 5 0 0 47 442 12 8
3210 5 0 0 47 442 12 8
3211 5 0 0 47 442 12 8
3212 5 0 0 47 442 12 8
3213 5 0 0 47 442 12 10
3214 5 0 0 47 442 12 11
3215 5 0 0 47 442 13 9
3216 5 0 0 47 442 13 9
3217 5 0 0 47 442 13 10
3218 5 0 0 47 442 13 10
3219 5 0 0 47 443 13 9
3220 5 0 0 47 443 13 9
3221 5 0 0 47 443 13 9
3222 5 0 0 47 443 13 9
3223 5 0 0 47 443 13 9
3224 5 0 0 47 443 13 9
3225 5 0 0 47 443 13 9
3226 5 0 0 47 443 13 9
3227 5 0 0 47 443 13 9
3228 5 0 0 47 443 13 9
3229 5 0 0 47 443 13 9
3230 5 0 0 47 443 13 9
3231 5 0 0 47 443 13 9
3232 5 0 0 47 443 13 9
3233 5 0 0 47 443 13 9
3234 5 0 0 47 443 13 9
3235 5 0 0 47 443 13 9
3236 5 0 0 47 443 13 9
3237 5 0 0 47 443 13 9
3238 5 0 0 47 443 13 9
3239 5 0 0 47 443 13 9
3240 5 0 0 47 443 13 9
3241 5 0 0 47 443 13 9
3242 5 0 0 47 443 13 9
3243 5 0 0 47 443 13 9
3244 5 0 0 47 443 13 9
3245 5 0 0 47 443 13 11
3246 5 0 0 47 443 13 11
3247 5 0 0 47 445 13 9
3248 5 0 0 47 445 13 9
3249 5 0 0 47 445 13 9
3250 5 0 0 47 445 13 9
3251 5 0 0 47 445 13 9
3252 5 0 0 47 446 13 10
3253 5 0 0 47 446 13 11
3254 5 0 0 47 447 13 10
3255 5 0 0 47 447 13 10
3256 5 0 0 47 447 13 10
3257 5 0 0 47 447 13 10
3258 5 0 0 47 447 13 12
3259 5 0 0 47 447 13 14
3260 5 0 0 47 449 13 12
3261 5 0 0 47 451 13 10
3262 5 0 0 47 451 13 11
3263 5 0 0 47 451 13 11
3264 5 0 0 47 452 13 10
3265 5 0 0 47 452 13 10
3266 5 0 0 47 452 13 10
3267 5 0 0 47 453 13 10
3268 5 0 0 47 455 13 8
3269 5 0 0 47 455 13 8
3270 5 0 0 47 455 13 8
3271 5 0 0 47 455 13 8
3272 5 0 0 47 455 13 8
3273 5 0 0 47 455 13 8
3274 5 0 0 47 455 13 8
3275 5 0 0 47 455 13 8
3276 5 0 0 47 455 13 8
3277 5 0 0 47 455 13 8
3278 5 0 0 47 455 13 8
3279 5 0 0 47 455 13 8
3280 5 0 0 47 455 13 8
3281 5 0 0 47 455 13 8
3282 5 0 0 47 455 13 8
3283 5 0 0 47 455 13 8
3284 5 0 0 47 455 13 8
3285 5 0 0 47 455 13 8
3286 5 0 0 47 455 13 8
3287 5 0 0 47 455 13 8
3288 5 0 0 47 455 13 8
3289 5 0 0 47 455 13 8
3290 5 0 0 47 455 13 10
3291 5 0 0 47 455 13 10
3292 5 0 0 47 457 13 8
3293 5 0 0 47 457 13 8
3294 5 0 0 47 457 13 8
3295 5 0 0 47 457 13 8
3296 5 0 0 47 457 13 8
3297 5 0 0 47 458 13 9
3298 5 0 0 47 458 13 9
3299 5 0 0 47 459 13 8
3300 5 0 0 47 459 13 8
3301 5 0 0 47 456 14 9
3302 5 0 0 47 456 14 9
3303 5 0 0 47 456 14 11
3304 5 0 0 47 456 14 12
3305 5 0 0 47 458 14 10
3306 5 0 0 47 459 14 9
3307 5 0 0 47 459 14 10
3308 5 0 0 47 459 14 10
3309 5 0 0 47 460 14 9
3310 5 0 0 47 460 14 9
3311 5 0 0 47 460 14 9
3312 5 0 0 47 460 14 9
3313 5 0 0 47 460 14 9
3314 5 0 0 47 460 14 9
3315 5 0 0 47 460 14 9
3316 5 0 0 47 460 14 9
3317 5 0 0 47 460 14 9
3318 5 0 0 47 460 14 9
3319 5 0 0 47 460 14 9
3320 5 0 0 47 460 14 9
3321 5 0 0 47 460 14 9
3322 5 0 0 47 460 14 9
3323 5 0 0 47 460 14 9
3324 5 0 0 47 460 14 9
3325 5 0 0 47 460 14 9
3326 5 0 0 47 460 14 9
3327 5 0 0 47 460 14 9
3328 5 0 0 47 460 14 9
3329 5 0 0 47 460 14 9
3330 5 0 0 47 460 14 9
3331 5 0 0 47 460 14 9
3332 5 0 0 47 460 14 9
3333 5 0 0 47 460 14 9
3334 5 0 0 47 460 14 9
3335 5 0 0 47 460 14 11
3336 5 0 0 47 460 14 11
3337 5 0 0 47 462 14 9
3338 5 0 0 47 462 14 9
3339 5 0 0 47 462 14 10
3340 5 0 0 47 462 14 10
3341 5 0 0 47 462 14 10
3342 5 0 0 47 462 14 12
3343 5 0 0 47 462 14 12
3344 5 0 0 47 464 14 10
3345 5 0 0 47 464 14 11
3346 5 0 0 47 464 14 11
3347 5 0 0 47 465 14 10
3348 5 0 0 47 465 14 12
3349 5 0 0 47 465 14 13
3350 5 0 0 47 465 15 11
3351 5 0 0 47 465 15 11
3352 5 0 0 47 465 15 12
3353 5 0 0 47 465 15 12
3354 5 0 0 47 466 15 11
3355 5 0 0 47 466 15 11
3356 5 0 0 47 466 15 11
3357 5 0 0 47 466 15 11
3358 5 0 0 47 466 15 11
3359 5 0 0 47 466 15 11
3360 5 0 0 47 466 15 11
3361 5 0 0 47 466 15 11
3362 5 0 0 47 466 15 11
3363 5 0 0 47 466 15 11
3364 5 0 0 47 466 15 11
3365 5 0 0 47 466 15 11
3366 5 0 0 47 466 15 11
3367 5 0 0 47 466 15 11
3368 5 0 0 47 466 15 11
3369 5 0 0 47 466 15 11
3370 5 0 0 47 466 15 11
3371 5 0 0 47 466 15 11
3372 5 0 0 47 466 15 11
3373 5 0 0 47 466 15 11
3374 5 0 0 47 466 15 11
3375 5 0 0 47 466 15 11
3376 5 0 0 47 466 15 11
3377 5 0 0 47 466 15 11
3378 5 0 0 47 466 15 11
3379 5 0 0 47 466 15 11
3380 5 0 0 47 466 15 13
3381 5 0 0 47 466 15 13
3382 5 0 0 47 468 15 11
3383 5 0 0 47 468 15 12
3384 5 0 0 47 468 15 12
3385 5 0 0 47 469 15 11
3386 5 0 0 47 469 15 11
3387 5 0 0 47 469 15 13
3388 5 0 0 47 469 15 14
3389 5 0 0 47 471 15 12
3390 5 0 0 47 471 15 13
3391 5 0 0 47 471 15 13
3392 5 0 0 47 472 15 12
3393 5 0 0 47 472 15 14
3394 5 0 0 47 472 15 16
3395 5 0 0 47 474 15 14
3396 5 0 0 47 476 15 12
3397 5 0 0 47 476 15 13
3398 5 0 0 47 476 15 13
3399 5 0 0 47 477 15 12
3400 5 0 0 47 477 15 12
3401 5 0 0 47 478 15 12
3402 5 0 0 47 480 15 10
3403 5 0 0 47 480 15 10
3404 5 0 0 47 480 15 10
3405 5 0 0 47 480 15 10
3406 5 0 0 47 480 15 10
3407 5 0 0 47 480 15 10
3408 5 0 0 47 480 15 10
3409 5 0 0 47 480 15 10
3410 5 0 0 47 480 15 10
3411 5 0 0 47 480 15 10
3412 5 0 0 47 480 15 10
3413 5 0 0 47 480 15 10
3414 5 0 0 47 480 15 10
3415 5 0 0 47 480 15 10
3416 5 0 0 47 480 15 10
3417 5 0 0 47 480 15 10
3418 5 0 0 47 480 15 10
3419 5 0 0 47 480 15 10
3420 5 0 0 47 480 15 10
3421 5 0 0 47 480 15 10
3422 5 0 0 47 480 15 10
3423 5 0 0 47 480 15 10
3424 5 0 0 47 480 15 10
3425 5 0 0 47 480 15 12
3426 5 0 0 47 480 15 12
3427 5 0 0 47 482 15 10
3428 5 0 0 47 482 15 11
3429 5 0 0 47 482 15 11
3430 5 0 0 47 483 15 10
3431 5 0 0 47 483 15 10
3432 5 0 0 47 483 15 12
3433 5 0 0 47 483 15 12
3434 5 0 0 47 485 15 10
3435 5 0 0 47 486 15 10
3436 5 0 0 47 486 15 10
3437 5 0 0 47 486 15 10
3438 5 0 0 47 486 15 12
3439 5 0 0 47 486 15 13
3440 5 0 0 47 488 15 11
3441 5 0 0 47 489 15 10
3442 5 0 0 47 489 15 11
3443 5 0 0 47 486 16 12
3444 5 0 0 47 487 16 11
3445 5 0 0 47 487 16 11
3446 5 0 0 47 487 16 11
3447 5 0 0 47 487 16 11
3448 5 0 0 47 487 16 11
3449 5 0 0 47 487 16 11
3450 5 0 0 47 487 16 11
3451 5 0 0 47 487 16 11
3452 5 0 0 47 487 16 11
3453 5 0 0 47 487 16 11
3454 5 0 0 47 487 16 11
3455 5 0 0 47 487 16 11
3456 5 0 0 47 487 16 11
3457 5 0 0 47 487 16 11
3458 5 0 0 47 487 16 11
3459 5 0 0 47 487 16 11
3460 5 0 0 47 487 16 11
3461 5 0 0 47 487 16 11
3462 5 0 0 47 487 16 11
3463 5 0 0 47 487 16 11
3464 5 0 0 47 487 16 11
3465 5 0 0 47 487 16 11
3466 5 0 0 47 487 16 11
3467 5 0 0 47 487 16 11
3468 5 0 0 47 487 16 11
3469 5 0 0 47 487 16 11
3470 5 0 0 47 487 16 13
3471 5 0 0 47 488 16 12
3472 5 0 0 47 489 16 11
3473 5 0 0 47 489 16 12
3474 5 0 0 47 489 16 12
3475 5 0 0 47 490 16 11
3476 5 0 0 47 490 16 11
3477 5 0 0 47 490 16 13
3478 5 0 0 47 490 16 13
3479 5 0 0 47 492 16 11
3480 5 0 0 47 493 16 11
3481 5 0 0 47 493 16 12
3482 5 0 0 47 493 16 12
3483 5 0 0 47 493 16 14
3484 5 0 0 47 493 16 15
3485 5 0 0 47 495 16 13
3486 5 0 0 47 496 16 12
3487 5 0 0 47 496 16 14
3488 5 0 0 47 496 16 14
3489 5 0 0 47 497 16 13
3490 5 0 0 47 498 16 12
3491 5 0 0 47 498 16 12
3492 5 0 0 47 498 16 12
3493 5 0 0 47 498 16 12
3494 5 0 0 47 498 16 12
3495 5 0 0 47 498 16 12
3496 5 0 0 47 499 16 12
3497 5 0 0 47 501 16 10
3498 5 0 0 47 501 16 10
3499 5 0 0 47 502 16 9
3500 6 0 0 46 502 16 9
3501 6 0 0 46 502 16 9
3502 6 0 0 46 502 16 9
3503 6 0 0 46 502 16 9
3504 6 0 0 46 502 16 9
3505 6 0 0 46 502 16 9
3506 6 0 0 46 502 16 9
3507 6 0 0 46 502 16 9
3508 6 0 0 46 502 16 9
3509 6 0 0 46 502 16 9
3510 6 0 0 46 502 16 9
3511 6 0 0 46 502 16 9
3512 6 0 0 46 502 16 9
3513 6 0 0 46 502 16 9
3514 6 0 0 46 502 16 9
3515 6 0 0 46 502 16 10
3516 6 0 0 46 502 16 10
3517 6 0 0 46 503 16 9
3518 6 0 0 46 503 16 10
3519 6 0 0 46 503 16 10
3520 6 0 0 46 504 16 9
3521 6 0 0 46 504 16 9
3522 6 0 0 46 504 16 11
3523 6 0 0 46 504 16 11
3524 6 0 0 46 506 16 9
3525 6 0 0 46 507 16 9
3526 6 0 0 46 507 16 9
3527 6 0 0 46 507 16 9
3528 6 0 0 46 507 16 11
3529 6 0 0 46 507 16 12
3530 6 0 0 46 509 16 10
3531 6 0 0 46 510 16 9
3532 6 0 0 46 510 16 10
3533 6 0 0 46 510 16 10
3534 6 0 0 46 511 16 9
3535 6 0 0 46 511 16 9
3536 6 0 0 46 511 16 9
3537 6 0 0 46 511 16 9
3538 6 0 0 46 511 16 9
3539 6 0 0 46 511 16 9
3540 6 0 0 46 511 16 9
3541 6 0 0 46 511 16 9
3542 6 0 0 46 511 16 9
3543 6 0 0 46 511 16 9
3544 6 0 0 46 511 16 9
3545 6 0 0 46 511 16 9
3546 6 0 0 46 511 16 9
3547 6 0 0 46 511 16 9
3548 6 0 0 46 511 16 9
3549 6 0 0 46 511 16 9
3550 6 0 0 46 511 16 9
3551 6 0 0 46 511 16 9
3552 6 0 0 46 511 16 9
3553 6 0 0 46 511 16 9
3554 6 0 0 46 511 16 9
3555 6 0 0 46 511 16 9
3556 6 0 0 46 511 16 9
3557 6 0 0 46 511 16 9
3558 6 0 0 46 511 16 9
3559 6 0 0 46 511 16 9
3560 6 0 0 46 511 16 10
3561 6 0 0 46 512 16 9
3562 6 0 0 46 512 16 9
3563 6 0 0 46 512 16 10
3564 6 0 0 46 512 16 10
3565 6 0 0 46 513 16 9
3566 6 0 0 46 513 16 9
3567 6 0 0 46 513 16 11
3568 6 0 0 46 513 16 11
3569 6 0 0 46 515 16 9
3570 6 0 0 46 516 16 9
3571 6 0 0 46 516 16 9
3572 6 0 0 46 516 16 9
3573 6 0 0 46 516 16 11
3574 6 0 0 46 516 16 12
3575 6 0 0 46 518 16 10
3576 6 0 0 46 519 16 9
3577 6 0 0 46 519 16 10
3578 6 0 0 46 519 16 10
3579 6 0 0 46 520 16 9
3580 6 0 0 46 520 16 9
3581 6 0 0 46 520 16 9
3582 6 0 0 46 520 16 9
3583 6 0 0 46 520 16 9
3584 6 0 0 46 520 16 9
3585 6 0 0 46 520 16 9
3586 6 0 0 46 520 16 9
3587 6 0 0 46 520 16 9
3588 6 0 0 46 520 16 9
3589 6 0 0 46 520 16 9
3590 6 0 0 46 520 16 9
3591 6 0 0 46 520 16 9
3592 6 0 0 46 520 16 9
3593 6 0 0 46 520 16 9
3594 6 0 0 46 520 16 9
3595 6 0 0 46 520 16 9
3596 6 0 0 46 520 16 9
3597 6 0 0 46 520 16 9
3598 6 0 0 46 520 16 9
3599 6 0 0 46 520 16 9
3600 6 0 0 46 520 16 9
3601 6 0 0 46 520 16 9
3602 6 0 0 46 520 16 9
3603 6 0 0 46 520 16 9
3604 6 0 0 46 520 16 9
3605 6 0 0 46 520 16 10
3606 6 0 0 46 520 16 10
3607 6 0 0 46 521 16 9
3608 6 0 0 46 521 16 10
3609 6 0 0 46 521 16 10
3610 6 0 0 46 522 16 9
3611 6 0 0 46 522 16 9
3612 6 0 0 46 522 16 11
3613 6 0 0 46 522 16 11
3614 6 0 0 46 521 17 10
3615 6 0 0 46 521 17 11
3616 6 0 0 46 522 17 10
3617 6 0 0 46 522 17 10
3618 6 0 0 46 522 17 12
3619 6 0 0 46 522 17 13
3620 6 0 0 46 524 17 11
3621 6 0 0 46 525 17 10
3622 6 0 0 46 525 17 11
3623 6 0 0 46 525 17 11
3624 6 0 0 46 526 17 10
3625 6 0 0 46 526 17 10
3626 6 0 0 46 526 17 10
3627 6 0 0 46 526 17 10
3628 6 0 0 46 526 17 10
3629 6 0 0 46 526 17 10
3630 6 0 0 46 526 17 10
3631 6 0 0 46 526 17 10
3632 6 0 0 46 526 17 10
3633 6 0 0 46 526 17 10
3634 6 0 0 46 526 17 10
3635 6 0 0 46 526 17 10
3636 6 0 0 46 526 17 10
3637 6 0 0 46 526 17 10
3638 6 0 0 46 526 17 10
3639 6 0 0 46 526 17 10
3640 6 0 0 46 526 17 10
3641 6 0 0 46 526 17 10
3642 6 0 0 46 526 17 10
3643 6 0 0 46 526 17 10
3644 6 0 0 46 526 17 10
3645 6 0 0 46 526 17 10
3646 6 0 0 46 526 17 10
3647 6 0 0 46 526 17 10
3648 6 0 0 46 526 17 10
3649 6 0 0 46 526 17 10
3650 6 0 0 46 526 17 11
3651 6 0 0 46 526 17 11
3652 6 0 0 46 527 17 11
3653 6 0 0 46 527 17 12
3654 6 0 0 46 527 17 12
3655 6 0 0 46 528 17 11
3656 6 0 0 46 528 17 11
3657 6 0 0 46 529 17 12
3658 6 0 0 46 529 17 13
3659 6 0 0 46 530 17 12
3660 6 0 0 46 531 17 12
3661 6 0 0 46 531 17 12
3662 6 0 0 46 532 17 11
3663 6 0 0 46 532 17 13
3664 6 0 0 46 532 17 14
3665 6 0 0 46 535 17 11
3666 6 0 0 46 535 17 11
3667 6 0 0 46 535 17 12
3668 6 0 0 46 536 17 12
3669 6 0 0 46 539 17 9
3670 6 0 0 46 539 17 9
3671 6 0 0 46 539 17 9
3672 6 0 0 46 539 17 9
3673 6 0 0 46 539 17 9
3674 6 0 0 46 539 17 9
3675 6 0 0 46 539 17 9
3676 6 0 0 46 539 17 9
3677 6 0 0 46 539 17 9
3678 6 0 0 46 539 17 9
3679 6 0 0 46 539 17 9
3680 6 0 0 46 539 17 9
3681 6 0 0 46 539 17 9
3682 6 0 0 46 539 17 9
3683 6 0 0 46 539 17 9
3684 6 0 0 46 539 17 9
3685 6 0 0 46 539 17 9
3686 6 0 0 46 539 17 9
3687 6 0 0 46 539 17 9
3688 6 0 0 46 539 17 9
3689 6 0 0 46 539 17 9
3690 6 0 0 46 539 17 9
3691 6 0 0 46 539 17 9
3692 6 0 0 46 539 17 9
3693 6 0 0 46 539 17 9
3694 6 0 0 46 539 17 9
3695 6 0 0 46 539 17 10
3696 6 0 0 46 539 17 10
3697 6 0 0 46 540 17 9
3698 6 0 0 46 540 17 10
3699 6 0 0 46 540 17 10
3700 6 0 0 46 541 17 9
3701 6 0 0 46 541 17 9
3702 6 0 0 46 542 17 10
3703 6 0 0 46 542 17 10
3704 6 0 0 46 543 17 9
3705 6 0 0 46 543 17 10
3706 6 0 0 46 543 17 10
3707 6 0 0 46 544 17 9
3708 6 0 0 46 544 17 11
3709 6 0 0 46 544 17 12
3710 6 0 0 46 546 17 10
3711 6 0 0 46 547 17 9
3712 6 0 0 46 547 17 10
3713 6 0 0 46 547 17 10
3714 6 0 0 46 548 17 9
3715 6 0 0 46 548 17 9
3716 6 0 0 46 549 17 8
3717 6 0 0 46 549 17 8
3718 6 0 0 46 549 17 8
3719 6 0 0 46 549 17 8
3720 6 0 0 46 549 17 8
3721 6 0 0 46 549 17 8
3722 6 0 0 46 549 17 8
3723 6 0 0 46 549 17 8
3724 6 0 0 46 549 17 8
3725 6 0 0 46 549 17 8
3726 6 0 0 46 549 17 8
3727 6 0 0 46 549 17 8
3728 6 0 0 46 549 17 8
3729 6 0 0 46 549 17 8
3730 6 0 0 46 549 17 8
3731 6 0 0 46 549 17 8
3732 6 0 0 46 549 17 8
3733 6 0 0 46 549 17 8
3734 6 0 0 46 549 17 8
3735 6 0 0 46 549 17 8
3736 6 0 0 46 549 17 8
3737 6 0 0 46 549 17 8
3738 6 0 0 46 549 17 8
3739 6 0 0 46 549 17 8
3740 6 0 0 46 549 17 9
3741 6 0 0 46 549 17 9
3742 6 0 0 46 550 17 8
3743 6 0 0 46 550 17 9
3744 6 0 0 46 550 17 9
3745 6 0 0 46 551 17 8
3746 6 0 0 46 551 17 8
3747 6 0 0 46 551 17 9
3748 6 0 0 46 551 17 9
3749 6 0 0 46 552 17 8
3750 6 0 0 46 552 17 9
3751 6 0 0 46 552 17 9
3752 6 0 0 46 553 17 8
3753 6 0 0 46 553 17 10
3754 6 0 0 46 553 17 11
3755 6 0 0 46 555 17 9
3756 6 0 0 46 556 17 8
3757 6 0 0 46 556 17 9
3758 6 0 0 46 556 17 9
3759 6 0 0 46 557 17 8
3760 6 0 0 46 557 17 8
3761 6 0 0 46 557 17 8
3762 6 0 0 46 557 17 8
3763 6 0 0 46 557 17 8
3764 6 0 0 46 557 17 8
3765 6 0 0 46 557 17 8
3766 6 0 0 46 557 17 8
3767 6 0 0 46 557 17 8
3768 6 0 0 46 557 17 8
3769 6 0 0 46 557 17 8
3770 6 0 0 46 557 17 8
3771 6 0 0 46 557 17 8
3772 6 0 0 46 557 17 8
3773 6 0 0 46 557 17 8
3774 6 0 0 46 557 17 8
3775 6 0 0 46 557 17 8
3776 6 0 0 46 557 17 8
3777 6 0 0 46 557 17 8
3778 6 0 0 46 557 17 8
3779 6 0 0 46 557 17 8
3780 6 0 0 46 557 17 8
3781 6 0 0 46 557 17 8
3782 6 0 0 46 557 17 8
3783 6 0 0 46 557 17 8
3784 6 0 0 46 557 17 8
3785 6 0 0 46 557 17 9
3786 6 0 0 46 557 17 9
3787 6 0 0 46 558 17 8
3788 6 0 0 46 558 17 9
3789 6 0 0 46 558 17 9
3790 6 0 0 46 559 17 8
3791 6 0 0 46 559 17 8
3792 6 0 0 46 559 17 9
3793 6 0 0 46 560 17 8
3794 6 0 0 46 560 17 8
3795 6 0 0 46 560 17 9
3796 6 0 0 46 560 17 9
3797 6 0 0 46 561 17 8
3798 6 0 0 46 561 17 10
3799 6 0 0 46 561 17 11
3800 6 0 0 46 563 17 9
3801 6 0 0 46 564 17 8
3802 6 0 0 46 564 17 9
3803 6 0 0 46 564 17 9
3804 6 0 0 46 565 17 8
3805 6 0 0 46 565 17 8
3806 6 0 0 46 565 17 8
3807 6 0 0 46 565 17 8
3808 6 0 0 46 565 17 8
3809 6 0 0 46 565 17 8
3810 6 0 0 46 565 17 8
3811 6 0 0 46 565 17 8
3812 6 0 0 46 565 17 8
3813 6 0 0 46 565 17 8
3814 6 0 0 46 565 17 8
3815 6 0 0 46 565 17 8
3816 6 0 0 46 565 17 8
3817 6 0 0 46 565 17 8
3818 6 0 0 46 565 17 8
3819 6 0 0 46 565 17 8
3820 6 0 0 46 565 17 8
3821 6 0 0 46 565 17 8
3822 6 0 0 46 565 17 8
3823 6 0 0 46 565 17 8
3824 6 0 0 46 565 17 8
3825 6 0 0 46 565 17 8
3826 6 0 0 46 565 17 8
3827 6 0 0 46 565 17 8
3828 6 0 0 46 565 17 8
3829 6 0 0 46 565 17 8
3830 6 0 0 46 565 17 9
3831 6 0 0 46 565 17 9
3832 6 0 0 46 566 17 8
3833 6 0 0 46 566 17 9
3834 6 0 0 46 566 17 9
3835 6 0 0 46 567 17 8
3836 6 0 0 46 567 17 8
3837 6 0 0 46 567 17 9
3838 6 0 0 46 567 17 9
3839 6 0 0 46 568 17 8
3840 6 0 0 46 568 17 9
3841 6 0 0 46 568 17 9
3842 6 0 0 46 569 17 8
3843 6 0 0 46 569 17 10
3844 6 0 0 46 569 17 11
3845 6 0 0 46 571 17 9
3846 6 0 0 46 572 17 8
3847 6 0 0 46 572 17 9
3848 6 0 0 46 572 17 9
3849 6 0 0 46 573 17 8
3850 6 0 0 46 573 17 8
3851 6 0 0 46 573 17 8
3852 6 0 0 46 573 17 8
3853 6 0 0 46 573 17 8
3854 6 0 0 46 573 17 8
3855 6 0 0 46 573 17 8
3856 6 0 0 46 573 17 8
3857 6 0 0 46 573 17 8
3858 6 0 0 46 573 17 8
3859 6 0 0 46 573 17 8
3860 6 0 0 46 573 17 8
3861 6 0 0 46 573 17 8
3862 6 0 0 46 573 17 8
3863 6 0 0 46 573 17 8
3864 6 0 0 46 573 17 8
3865 6 0 0 46 573 17 8
3866 6 0 0 46 573 17 8
3867 6 0 0 46 573 17 8
3868 6 0 0 46 554 17 7
3869 6 0 0 46 554 17 7
3870 6 0 0 46 554 17 7
3871 6 0 0 46 554 17 7
3872 6 0 0 46 554 17 7
3873 6 0 0 46 554 17 7
3874 6 0 0 46 554 17 7
3875 6 0 0 46 554 17 8
3876 6 0 0 46 554 17 8
3877 6 0 0 46 555 17 7
3878 6 0 0 46 555 17 8
3879 6 0 0 46 555 17 8
3880 6 0 0 46 556 17 7
3881 6 0 0 46 556 17 7
3882 6 0 0 46 556 17 7
3883 6 0 0 46 556 17 7
3884 6 0 0 46 556 17 7
3885 6 0 0 46 556 17 8
3886 6 0 0 46 556 17 8
3887 6 0 0 46 557 17 7
3888 6 0 0 46 557 17 9
3889 6 0 0 46 557 17 10
3890 6 0 0 46 556 18 9
3891 6 0 0 46 557 18 8
3892 6 0 0 46 557 18 9
3893 6 0 0 46 557 18 9
3894 6 0 0 46 558 18 8
3895 6 0 0 46 558 18 8
3896 6 0 0 46 558 18 8
3897 6 0 0 46 558 18 8
3898 6 0 0 46 558 18 8
3899 6 0 0 46 558 18 8
3900 6 0 0 46 558 18 8
3901 6 0 0 46 558 18 8
3902 6 0 0 46 558 18 8
3903 6 0 0 46 558 18 8
3904 6 0 0 46 558 18 8
3905 6 0 0 46 558 18 8
3906 6 0 0 46 558 18 8
3907 6 0 0 46 558 18 8
3908 6 0 0 46 558 18 8
3909 6 0 0 46 558 18 8
3910 6 0 0 46 558 18 8
3911 6 0 0 46 558 18 8
3912 6 0 0 46 558 18 8
3913 6 0 0 46 558 18 8
3914 6 0 0 46 558 18 8
3915 6 0 0 46 558 18 8
3916 6 0 0 46 558 18 8
3917 6 0 0 46 558 18 8
3918 6 0 0 46 558 18 8
3919 6 0 0 46 558 18 8
3920 6 0 0 46 558 18 9
3921 6 0 0 46 558 18 9
3922 6 0 0 46 559 18 8
3923 6 0 0 46 559 18 9
3924 6 0 0 46 559 18 9
3925 6 0 0 46 560 18 8
3926 6 0 0 46 560 18 8
3927 6 0 0 46 560 18 8
3928 6 0 0 46 560 18 9
3929 6 0 0 46 560 18 9
3930 6 0 0 46 560 18 10
3931 6 0 0 46 560 18 10
3932 6 0 0 46 561 18 9
3933 6 0 0 46 561 18 11
3934 6 0 0 46 561 18 13
3935 6 0 0 46 564 18 10
3936 6 0 0 46 565 18 9
3937 6 0 0 46 565 18 10
3938 6 0 0 46 565 18 10
3939 6 0 0 46 566 18 9
3940 6 0 0 46 566 18 9
3941 6 0 0 46 566 18 9
3942 6 0 0 46 566 18 9
3943 6 0 0 46 567 18 9
3944 6 0 0 46 569 18 7
3945 6 0 0 46 569 18 7
3946 6 0 0 46 569 18 7
3947 6 0 0 46 569 18 7
3948 6 0 0 46 569 18 7
3949 6 0 0 46 569 18 7
3950 6 0 0 46 569 18 7
3951 6 0 0 46 569 18 7
3952 6 0 0 46 569 18 7
3953 6 0 0 46 569 18 7
3954 6 0 0 46 569 18 7
3955 6 0 0 46 569 18 7
3956 6 0 0 46 569 18 7
3957 6 0 0 46 569 18 7
3958 6 0 0 46 569 18 7
3959 6 0 0 46 569 18 7
3960 6 0 0 46 569 18 7
3961 6 0 0 46 569 18 7
3962 6 0 0 46 569 18 7
3963 6 0 0 46 569 18 7
3964 6 0 0 46 569 18 7
3965 6 0 0 46 569 18 8
3966 6 0 0 46 569 18 8
3967 6 0 0 46 570 18 7
3968 6 0 0 46 570 18 8
3969 6 0 0 46 570 18 8
3970 6 0 0 46 571 18 7
3971 6 0 0 46 571 18 7
3972 6 0 0 46 571 18 7
3973 6 0 0 46 571 18 7
3974 6 0 0 46 571 18 7
3975 6 0 0 46 571 18 8
3976 6 0 0 46 571 18 8
3977 6 0 0 46 572 18 7
3978 6 0 0 46 572 18 9
3979 6 0 0 46 572 18 10
3980 6 0 0 46 574 18 8
3981 6 0 0 46 575 18 7
3982 6 0 0 46 575 18 8
3983 6 0 0 46 575 18 8
3984 6 0 0 46 576 18 7
3985 6 0 0 46 576 18 7
3986 6 0 0 46 576 18 7
3987 6 0 0 46 576 18 7
3988 6 0 0 46 576 18 7
3989 6 0 0 46 576 18 7
3990 6 0 0 46 576 18 7
3991 6 0 0 46 576 18 7
3992 6 0 0 46 576 18 7
3993 6 0 0 46 576 18 7
3994 6 0 0 46 576 18 7
3995 6 0 0 46 576 18 7
3996 6 0 0 46 576 18 7
3997 6 0 0 46 576 18 7
3998 6 0 0 46 576 18 7
3999 6 0 0 46 576 18 7
4000 6 0 0 46 576 18 7
