581.026 421.085 5.295 9.953 12.0829 0.1 0 193 3 1 -3.96365e-10 -6.03567e-10 0 0 6.95296e-310 6.95296e-310 0 0
591.952 437.723 5.295 9.953 12.0829 0.1 0 97 3 1 -3.84558e-10 -3.81328e-10 0 0 6.95296e-310 6.95296e-310 0 0
584.506 456.184 5.295 9.953 12.0829 0.1 0 92 3 1 -3.40008e-10 -8.49561e-11 0 0 6.95296e-310 6.95296e-310 0 0
582.254 475.962 5.295 9.953 12.0829 0.1 0 88 3 1 -2.0721e-10 1.89854e-10 0 0 6.42967e-310 0 0 0
622.038 417.349 5.295 9.953 12.0829 0.1 0 109 3 1 -2.1605e-10 -4.15102e-10 0 0 6.95296e-310 6.95296e-310 0 0
611.557 434.272 5.295 9.953 12.0829 0.1 0 77 3 1 -8.69492e-11 -1.71798e-10 0 0 6.95296e-310 6.95296e-310 0 0
607.423 456.225 5.295 9.953 12.0829 0.1 0 54 3 1 -3.41855e-10 -3.64785e-11 0 0 1.58101e-322 4.82787e-310 0 0
641.446 421.774 5.295 9.953 12.0829 0.1 0 92 3 1 -3.25342e-12 -6.8576e-10 0 0 6.95296e-310 6.95296e-310 0 0
650.843 439.322 5.295 9.953 12.0829 0.1 0 71 3 1 4.10524e-10 -6.6633e-10 0 0 6.95296e-310 6.95296e-310 0 0
630.944 438.784 5.295 9.953 12.0829 0.1 0 64 3 1 1.62365e-10 -1.54784e-10 0 0 6.95296e-310 6.95296e-310 0 0
627.216 458.337 5.295 9.953 12.0829 0.1 0 45 3 1 -2.0322e-10 -7.7805e-11 0 0 4.82672e-310 0 0 0
666.167 426.618 5.295 9.953 12.0829 0.1 0 99 3 1 6.38155e-10 -7.22976e-10 0 0 6.95296e-310 6.95296e-310 0 0
670.063 446.139 5.295 9.953 12.0829 0.1 0 63 3 1 3.21253e-10 -5.65678e-10 0 0 3.21143e-322 4.82672e-310 0 0
689.533 450.28 5.295 9.953 12.0829 0.1 0 87 3 1 4.17502e-10 -2.64482e-10 0 0 0 0 0 0
589.93 494.328 5.295 9.953 12.0829 0.1 0 65 3 1 -1.23087e-09 8.76922e-10 0 0 0 0 0 0
612.01 475.731 5.295 9.953 12.0829 0.1 0 42 3 1 -0 -0 0 0 6.95296e-310 6.95296e-310 0 0
628.034 488.314 5.295 9.953 12.0829 0.1 0 35 3 1 -2.2475e-10 3.61746e-10 0 0 0 0 0 0
654.738 458.843 5.295 9.953 12.0829 0.1 0 44 3 1 2.48445e-10 -3.02199e-10 0 0 6.95296e-310 6.95296e-310 0 0
640.713 472.968 5.295 9.953 12.0829 0.1 0 36 3 1 -1.1874e-11 3.53055e-12 0 0 0 0 0 0
672.848 467.106 5.295 9.953 12.0829 0.1 0 47 3 1 4.71574e-10 -6.66691e-11 0 0 6.95296e-310 6.95296e-310 0 0
658.771 481.345 5.295 9.953 12.0829 0.1 1 2313 0 0 2.46594e-10 -2.00135e-10 0 0 0 0 0 0
692.549 469.956 5.295 9.953 12.0829 0.1 0 66 3 1 7.0478e-10 -1.6971e-10 0 0 0 0 0 0
609.749 496.18 5.295 9.953 12.0829 0.1 0 41 3 1 -8.54754e-10 -9.29153e-12 0 0 6.95296e-310 6.95296e-310 0 0
625.888 508.24 5.295 9.953 12.0829 0.1 0 35 3 1 8.11285e-11 -2.04759e-10 0 0 0 0 0 0
645.752 497.386 5.295 9.953 12.0829 0.1 1 1649 0 0 1.6953e-10 2.28735e-10 0 0 6.95296e-310 6.95296e-310 0 0
643.741 517.19 5.295 9.953 12.0829 0.1 0 34 3 1 -3.46276e-11 3.40955e-10 0 0 0 0 0 0
679.428 485.893 5.295 9.953 12.0829 0.1 0 41 3 1 9.13368e-10 -1.94529e-11 0 0 6.95296e-310 6.95296e-310 0 0
665.473 500.088 5.295 9.953 12.0829 0.1 1 1364 0 0 4.83398e-10 -1.30142e-10 0 0 0 0 0 0
699.677 488.542 5.295 9.953 12.0829 0.1 0 71 3 1 7.17885e-11 2.77386e-10 0 0 6.95296e-310 6.95296e-310 0 0
685.789 505.071 5.295 9.953 12.0829 0.1 0 48 3 1 -0 -0 0 0 0 0 0 0
600.519 513.816 5.295 9.953 12.0829 0.1 0 49 3 1 -8.04252e-10 3.60708e-10 0 0 6.95296e-310 6.95296e-310 0 0
618.556 526.746 5.295 9.953 12.0829 0.1 0 44 3 1 -3.5192e-10 -2.59729e-10 0 0 4.00421e-311 6.32404e-322 0 0
636.12 536.112 5.295 9.953 12.0829 0.1 0 43 3 1 -3.69336e-10 1.82907e-10 0 0 9.53547e-322 4.82672e-310 0 0
669.804 519.517 5.295 9.953 12.0829 0.1 1 2060 0 0 -9.11076e-11 2.74842e-10 0 0 6.95296e-310 6.95296e-310 0 0
655.885 533.747 5.295 9.953 12.0829 0.1 0 41 3 1 -1.08042e-10 5.8552e-10 0 0 6.42967e-310 2.37152e-321 0 0
708.183 506.539 5.295 9.953 12.0829 0.1 0 80 3 1 1.83549e-10 3.88337e-10 0 0 6.95296e-310 6.95296e-310 0 0
725.213 520.741 5.295 9.953 12.0829 0.1 0 124 3 1 4.28099e-10 -2.48567e-10 0 0 6.95296e-310 6.95296e-310 0 0
707.999 530.736 5.295 9.953 12.0829 0.1 0 97 3 1 4.64747e-10 1.33205e-10 0 0 6.95296e-310 6.95296e-310 0 0
688.833 525.36 5.295 9.953 12.0829 0.1 0 63 3 1 2.97657e-10 -1.46324e-10 0 0 9.35266e-321 4.82672e-310 0 0
599.908 533.713 5.295 9.953 12.0829 0.1 0 73 3 1 -1.70571e-10 6.32452e-10 0 0 6.95296e-310 6.95296e-310 0 0
583.344 544.751 5.295 9.953 12.0829 0.1 0 137 3 1 -5.66088e-10 3.7722e-10 0 0 6.95296e-310 6.95296e-310 0 0
613.461 548.293 5.295 9.953 12.0829 0.1 0 76 3 1 3.45306e-10 3.71499e-10 0 0 1.26975e-321 4.82672e-310 0 0
636.934 571.37 5.295 9.953 12.0829 0.1 0 87 3 1 -1.64782e-10 1.00021e-10 0 0 6.42967e-310 6.32404e-322 0 0
645.76 553.528 5.295 9.953 12.0829 0.1 0 56 3 1 3.10197e-11 1.02731e-10 0 0 6.95296e-310 6.95296e-310 0 0
665.352 557.049 5.295 9.953 12.0829 0.1 0 61 3 1 1.35487e-10 5.82332e-11 0 0 6.95296e-310 6.95296e-310 0 0
656.526 574.891 5.295 9.953 12.0829 0.1 0 85 3 1 -9.03607e-11 9.58256e-11 0 0 6.95296e-310 6.95296e-310 0 0
646.332 591.989 5.295 9.953 12.0829 0.1 0 138 3 1 -1.23052e-10 2.06398e-10 0 0 6.95296e-310 6.95296e-310 0 0
676.214 577.826 5.295 9.953 12.0829 0.1 0 91 3 1 1.04183e-11 3.83444e-11 0 0 6.95296e-310 6.95296e-310 0 0
694.302 586.136 5.295 9.953 12.0829 0.1 0 151 3 1 8.49003e-11 3.9008e-11 0 0 4.82672e-310 1.58101e-322 0 0
674.914 539.59 5.295 9.953 12.0829 0.1 0 50 3 1 2.07025e-10 -6.39527e-11 0 0 6.95296e-310 6.95296e-310 0 0
693.951 546.223 5.295 9.953 12.0829 0.1 0 70 3 1 4.69619e-12 -5.53758e-11 0 0 6.95296e-310 6.95296e-310 0 0
692.269 566.057 5.295 9.953 12.0829 0.1 0 87 3 1 6.68912e-11 2.90191e-12 0 0 6.95296e-310 6.95296e-310 0 0
80 235 2.6475 4.9765 6.04147 0.1 0 0 7 7 -0 -0.0266735 0 0 4.82672e-310 0 0 0
80 244 2.6475 4.9765 6.04147 0.1 0 0 7 7 -0 -0 0 0 3.21143e-322 4.82672e-310 0 0
80 253 2.6475 4.9765 6.04147 0.1 0 0 7 7 -0 -0 0 0 4.82672e-310 3.16202e-322 0 0
80 262 2.6475 4.9765 6.04147 0.1 0 0 7 7 -0 -0 0 0 1.58101e-322 4.82787e-310 0 0
80 271 2.6475 4.9765 6.04147 0.1 0 0 7 7 -0 -0 0 0 4.03179e-313 6.36599e-313 0 0
80 280 2.6475 4.9765 6.04147 0.1 0 0 7 7 -0 -0 0 0 4.60473e-312 4.64717e-312 0 0
80 289 2.6475 4.9765 6.04147 0.1 0 0 7 7 -0 -0 0 0 1.63042e-322 4.82672e-310 0 0
80 298 2.6475 4.9765 6.04147 0.1 0 0 7 7 -0 -0 0 0 4.82672e-310 1.58101e-322 0 0
80 307 2.6475 4.9765 6.04147 0.1 0 0 7 7 -0 -0 0 0 1.58101e-322 4.82787e-310 0 0
80 316 2.6475 4.9765 6.04147 0.1 0 0 7 7 -0 -0 0 0 5.49173e-311 6.32404e-322 0 0
80 325 2.6475 4.9765 6.04147 0.1 0 0 7 7 -0 -0 0 0 1.11165e-321 4.82672e-310 0 0
80 334 2.6475 4.9765 6.04147 0.1 0 0 7 7 -0 -0 0 0 4.82672e-310 0 0 0
80 343 2.6475 4.9765 6.04147 0.1 0 0 7 7 -0 -0 0 0 4.82672e-310 0 0 0
80 352 2.6475 4.9765 6.04147 0.1 0 0 7 7 -0 -0 0 0 1.27963e-321 0 0 0
80 361 2.6475 4.9765 6.04147 0.1 0 0 7 7 -0 -0 0 0 4.82672e-310 1.58101e-322 0 0
80 370 2.6475 4.9765 6.04147 0.1 0 0 7 7 -0 -0 0 0 1.58101e-322 4.82787e-310 0 0
80 379 2.6475 4.9765 6.04147 0.1 0 0 7 7 -0 -0 0 0 4.82672e-310 3.16202e-322 0 0
80 388 2.6475 4.9765 6.04147 0.1 0 0 7 7 -0 -0 0 0 1.90215e-321 4.82672e-310 0 0
80 397 2.6475 4.9765 6.04147 0.1 0 0 7 7 -0 -0 0 0 4.82672e-310 3.16202e-322 0 0
80 406 2.6475 4.9765 6.04147 0.1 0 0 7 7 -0 -0 0 0 1.58101e-322 4.82787e-310 0 0
80 415 2.6475 4.9765 6.04147 0.1 0 0 7 7 -0 -0 0 0 4.82672e-310 0 0 0
80 424 2.6475 4.9765 6.04147 0.1 0 0 7 7 -0 -0 0 0 4.82672e-310 4.82672e-310 0 0
80 433 2.6475 4.9765 6.04147 0.1 0 0 7 7 -0 -0 0 0 4.82672e-310 4.82672e-310 0 0
80 442 2.6475 4.9765 6.04147 0.1 0 0 7 7 -0 -0 0 0 4.82672e-310 4.82672e-310 0 0
80 451 2.6475 4.9765 6.04147 0.1 0 0 7 7 -0 -0 0 0 4.82672e-310 4.82672e-310 0 0
80 460 2.6475 4.9765 6.04147 0.1 0 0 7 7 -0 -0 0 0 4.82672e-310 4.82672e-310 0 0
80 469 2.6475 4.9765 6.04147 0.1 0 0 7 7 -0 -0 0 0 4.82672e-310 4.82672e-310 0 0
80 478 2.6475 4.9765 6.04147 0.1 0 0 7 7 -0 -0 0 0 0 4.82672e-310 0 0
80 487 2.6475 4.9765 6.04147 0.1 0 0 7 7 -0 -0 0 0 -nan 1.26481e-321 0 0
80 496 2.6475 4.9765 6.04147 0.1 0 0 7 7 -0 -0 0 0 4.82672e-310 0 0 0
80 505 2.6475 4.9765 6.04147 0.1 0 0 7 7 -0 -0 0 0 4.82672e-310 4.82672e-310 0 0
80 514 2.6475 4.9765 6.04147 0.1 0 0 7 7 -0 -0 0 0 4.79244e-322 4.82672e-310 0 0
80 523 2.6475 4.9765 6.04147 0.1 0 0 7 7 -0 -0 0 0 4.82672e-310 1.78884e-311 0 0
80 532 2.6475 4.9765 6.04147 0.1 0 0 7 7 -0 -0 0 0 1.63042e-322 4.82672e-310 0 0
80 541 2.6475 4.9765 6.04147 0.1 0 0 7 7 -0 -0 0 0 4.82672e-310 1.58101e-322 0 0
80 550 2.6475 4.9765 6.04147 0.1 0 0 7 7 -0 -0 0 0 4.79244e-322 4.82672e-310 0 0
80 559 2.6475 4.9765 6.04147 0.1 0 0 7 7 -0 -0 0 0 0 4.82672e-310 0 0
80 568 2.6475 4.9765 6.04147 0.1 0 0 7 7 -0 -0 0 0 -nan 1.26481e-321 0 0
80 577 2.6475 4.9765 6.04147 0.1 0 0 7 7 -0 -0 0 0 4.82672e-310 4.82672e-310 0 0
80 586 2.6475 4.9765 6.04147 0.1 0 0 7 7 -0 -0 0 0 4.82672e-310 4.82672e-310 0 0
80 595 2.6475 4.9765 6.04147 0.1 0 0 7 7 -0 -0 0 0 4.82672e-310 4.82672e-310 0 0
80 604 2.6475 4.9765 6.04147 0.1 0 0 7 7 -0 -0 0 0 4.82672e-310 4.82672e-310 0 0
80 613 2.6475 4.9765 6.04147 0.1 0 0 7 7 -0 -0 0 0 4.82672e-310 4.82672e-310 0 0
80 622 2.6475 4.9765 6.04147 0.1 0 0 7 7 -0 -0 0 0 4.82672e-310 4.82672e-310 0 0
80 631 2.6475 4.9765 6.04147 0.1 0 0 7 7 -0 -0 0 0 4.82672e-310 4.82672e-310 0 0
80 640 2.6475 4.9765 6.04147 0.1 0 0 7 7 -0 -0 0 0 4.82672e-310 4.82672e-310 0 0
80 649 2.6475 4.9765 6.04147 0.1 0 0 7 7 -0 -0 0 0 4.82672e-310 4.82672e-310 0 0
80 658 2.6475 4.9765 6.04147 0.1 0 0 7 7 -0 -0 0 0 4.82672e-310 4.82672e-310 0 0
80 667 2.6475 4.9765 6.04147 0.1 0 0 7 7 -0 -0 0 0 4.82672e-310 4.82672e-310 0 0
80 676 2.6475 4.9765 6.04147 0.1 0 0 7 7 -0 -0 0 0 4.82672e-310 4.82672e-310 0 0
80 685 2.6475 4.9765 6.04147 0.1 0 0 7 7 -0 -0 0 0 4.82672e-310 3.16202e-322 0 0
80 694 2.6475 4.9765 6.04147 0.1 0 0 7 7 -0 -0 0 0 6.42965e-310 0 0 0
80 703 2.6475 4.9765 6.04147 0.1 0 0 7 7 -0 -0 0 0 4.82672e-310 2.74798e-311 0 0
80 712 2.6475 4.9765 6.04147 0.1 0 0 7 7 -0 -0 0 0 4.82672e-310 4.07635e-311 0 0
80 721 2.6475 4.9765 6.04147 0.1 0 0 7 7 -0 -0 0 0 9.53547e-322 4.82672e-310 0 0
80 730 2.6475 4.9765 6.04147 0.1 0 0 7 7 -0 -0 0 0 1.58101e-322 1.01185e-320 0 0
80 739 2.6475 4.9765 6.04147 0.1 0 0 7 7 -0 -0 0 0 1.14673e-320 2.41895e-320 0 0
80 748 2.6475 4.9765 6.04147 0.1 0 0 7 7 -0 -0 0 0 4.82672e-310 4.80632e-311 0 0
80 757 2.6475 4.9765 6.04147 0.1 0 0 7 7 -0 -0 0 0 3.21143e-322 4.82672e-310 0 0
80 766 2.6475 4.9765 6.04147 0.1 0 0 7 7 -0 -0 0 0 1.58101e-322 4.82787e-310 0 0
80 775 2.6475 4.9765 6.04147 0.1 0 0 7 7 -0 0.0266735 0 0 1.16402e-320 2.76677e-320 0 0
100 208 2.6475 4.9765 6.04147 0.1 0 0 7 7 -0 -0.0266735 0 0 9.4641e-312 4.19731e-311 0 0
100 217 2.6475 4.9765 6.04147 0.1 0 0 7 7 -0 -0 0 0 3.16202e-322 4.82787e-310 0 0
100 226 2.6475 4.9765 6.04147 0.1 0 0 7 7 -0 -0 0 0 1.58101e-322 4.82787e-310 0 0
100 235 2.6475 4.9765 6.04147 0.1 0 0 7 7 -0 -0 0 0 1.16896e-320 3.11459e-320 0 0
100 244 2.6475 4.9765 6.04147 0.1 0 0 7 7 -0 -0 0 0 3.81959e-312 3.22543e-311 0 0
100 253 2.6475 4.9765 6.04147 0.1 0 0 7 7 -0 -0 0 0 2.85076e-321 4.82672e-310 0 0
100 262 2.6475 4.9765 6.04147 0.1 0 0 7 7 -0 -0 0 0 1.58101e-322 4.82787e-310 0 0
100 271 2.6475 4.9765 6.04147 0.1 0 0 7 7 -0 -0 0 0 4.82669e-310 3.46241e-320 0 0
100 280 2.6475 4.9765 6.04147 0.1 0 0 7 7 -0 -0 0 0 4.82672e-310 4.82672e-310 0 0
100 289 2.6475 4.9765 6.04147 0.1 0 0 7 7 4.71556e-05 2.55206e-05 0 0 4.82672e-310 4.82672e-310 0 0
100 298 2.6475 4.9765 6.04147 0.1 0 0 7 7 0.000590194 0.0263519 0 0 4.82672e-310 4.82672e-310 0 0
108.286 293.485 2.6475 4.9765 6.04147 0.1 0 0 7 15 6.82964e-07 -8.80347e-07 0 0 4.82672e-310 4.82672e-310 0 0
116.843 289.502 2.6475 4.9765 6.04147 600 0 784 7 13 3.23788e-06 4.13184e-06 0 0 0.983506 -0.180877 0 0
125.428 285.582 2.6475 4.9765 6.04147 600 0 829 7 15 1.57968e-06 -3.35346e-06 0 0 0.998508 -0.0546056 0 0
133.999 281.633 2.6475 4.9765 6.04147 600 0 1370 7 13 5.6827e-07 -3.4681e-06 0 0 0.886379 -0.462961 0 0
142.555 277.648 2.6475 4.9765 6.04147 600 0 1415 7 13 1.76008e-06 -6.39669e-06 0 0 0.710542 -0.703654 0 0
151.082 273.603 2.6475 4.9765 6.04147 600 0 1460 7 13 -1.39209e-06 -6.65449e-06 0 0 0.783068 -0.621936 0 0
159.571 269.48 2.6475 4.9765 6.04147 600 0 1505 7 13 1.51738e-06 -9.08035e-06 0 0 0.741946 -0.67046 0 0
168.017 265.268 2.6475 4.9765 6.04147 600 0 1550 7 13 -3.84114e-06 -6.93653e-06 0 0 0.730896 -0.682489 0 0
176.417 260.963 2.6475 4.9765 6.04147 600 0 1595 7 13 1.64206e-06 -9.8523e-06 0 0 0.621018 -0.783796 0 0
184.768 256.567 2.6475 4.9765 6.04147 600 0 1640 7 13 -7.43733e-06 -4.8091e-06 0 0 0.619647 -0.784881 0 0
193.072 252.081 2.6475 4.9765 6.04147 600 0 1685 7 13 2.09908e-06 -9.4204e-06 0 0 0.60003 -0.799977 0 0
201.33 247.513 2.6475 4.9765 6.04147 600 0 1730 7 13 -1.25788e-05 -4.6373e-07 0 0 0.728527 -0.685018 0 0
209.548 242.869 2.6475 4.9765 6.04147 600 0 1775 7 13 3.09628e-06 -8.27534e-06 0 0 0.685207 -0.728348 0 0
217.727 238.163 2.6475 4.9765 6.04147 600 0 1820 7 13 -1.93585e-05 5.93837e-06 0 0 0.666608 -0.745409 0 0
225.878 233.403 2.6475 4.9765 6.04147 600 0 1865 7 13 4.88745e-06 -6.76569e-06 0 0 0.589798 -0.807551 0 0
234.004 228.606 2.6475 4.9765 6.04147 600 0 1910 7 13 -2.742e-05 1.39787e-05 0 0 0.63078 -0.775962 0 0
242.118 223.785 2.6475 4.9765 6.04147 600 0 1910 7 13 7.60795e-06 -4.95934e-06 0 0 6.95296e-310 6.95296e-310 0 0
250.227 218.961 2.6475 4.9765 6.04147 600 0 2000 7 13 -3.57194e-05 2.28624e-05 0 0 0.810344 -0.585954 0 0
258.349 214.153 2.6475 4.9765 6.04147 600 0 2045 7 13 1.11177e-05 -2.46233e-06 0 0 0.811739 -0.58402 0 0
266.493 209.391 2.6475 4.9765 6.04147 600 0 2090 7 13 -4.25337e-05 3.11584e-05 0 0 0.814796 -0.579747 0 0
274.683 204.7 2.6475 4.9765 6.04147 600 0 2135 7 13 1.4743e-05 1.47738e-06 0 0 0.848218 -0.529648 0 0
282.932 200.126 2.6475 4.9765 6.04147 600 0 2180 7 13 -4.5993e-05 3.61671e-05 0 0 0.847969 -0.530045 0 0
291.26 195.688 2.6475 4.9765 6.04147 600 0 2225 7 13 1.74281e-05 8.16977e-06 0 0 0.851253 -0.524755 0 0
299.7 191.476 2.6475 4.9765 6.04147 600 0 2270 7 13 -4.68003e-05 2.93469e-05 0 0 0.868279 -0.496076 0 0
308.187 187.353 2.6475 4.9765 6.04147 600 0 2315 7 13 2.48337e-05 3.28537e-05 0 0 0.858417 -0.512953 0 0
316.959 183.888 2.6475 4.9765 6.04147 600 0 2360 7 13 -5.58956e-05 -3.26562e-05 0 0 0.921542 -0.388278 0 0
325.331 179.54 2.6475 4.9765 6.04147 600 0 2405 7 13 8.26622e-05 0.000137718 0 0 0.914124 -0.405435 0 0
334.626 177.933 2.6475 4.9765 6.04147 600 0 2450 7 13 -1.07977e-05 -0.000256961 0 0 0.936126 -0.351664 0 0
342.436 172.637 2.6475 4.9765 6.04147 600 0 2495 7 13 0.000360579 0.000248692 0 0 0.921166 -0.389169 0 0
351.816 171.567 2.6475 4.9765 6.04147 600 0 2495 9 13 0.000289714 -0.000317317 0 0 0.957748 -0.28761 0 0
360.718 168.391 2.6475 4.9765 6.04147 600 0 1175 8 10 0.000392655 -5.11606e-05 0 0 0.957748 -0.28761 0 0
252.068 233.709 2.6475 4.9765 6.04147 600 0 1948 7 14 7.9712e-06 -8.73232e-06 0 0 0.881802 -0.47162 0 0
245.715 240.667 2.6475 4.9765 6.04147 600 0 1948 7 14 -2.85806e-05 2.30146e-05 0 0 0.856272 -0.516525 0 0
241.299 248.987 2.6475 4.9765 6.04147 600 0 1903 7 14 5.3401e-05 -5.9994e-06 0 0 0.864455 -0.50271 0 0
236.302 240.999 2.6475 4.9765 6.04147 600 0 1858 7 14 2.35842e-05 -4.00105e-05 0 0 0.920563 -0.390595 0 0
231.879 249.322 2.6475 4.9765 6.04147 600 0 1813 7 14 -0.000108602 4.77617e-05 0 0 0.882647 -0.470037 0 0
222.879 252.084 2.6475 4.9765 6.04147 600 0 1768 7 14 8.95493e-05 -6.26921e-05 0 0 0.921302 -0.388849 0 0
216.987 259.445 2.6475 4.9765 6.04147 600 0 1723 7 14 -0.000115673 8.45135e-05 0 0 0.883572 -0.468295 0 0
208.514 263.536 2.6475 4.9765 6.04147 600 0 1678 7 14 0.000172521 -0.000123765 0 0 0.799573 -0.600569 0 0
201.541 269.896 2.6475 4.9765 6.04147 600 0 1633 7 14 -0.000223434 0.000214275 0 0 0.863367 -0.504577 0 0
194.875 276.52 2.6475 4.9765 6.04147 600 0 1588 7 14 0.000353965 -0.000260411 0 0 0.828814 -0.559525 0 0
186.735 281.328 2.6475 4.9765 6.04147 600 0 1543 7 14 -0.000252833 0.000772423 0 0 0.800172 -0.599771 0 0
186.357 290.655 2.6475 4.9765 6.04147 600 0 1498 7 14 0.000715241 -0.00191856 0 0 0.831337 -0.555768 0 0
181.896 299.162 2.6475 4.9765 6.04147 600 0 1453 7 14 0.00028037 0.00444345 0 0 0.772007 -0.635614 0 0
179.151 307.95 2.6475 4.9765 6.04147 600 0 1408 7 14 0.00245978 -0.00201576 0 0 0.835064 -0.550152 0 0
188.084 305.897 2.6475 4.9765 6.04147 600 0 1009 7 15 -0.00584714 -0.00185246 0 0 0.921332 -0.388777 0 0
197.458 308.621 2.6475 4.9765 6.04147 600 0 1054 7 13 0.00432521 0.00113566 0 0 0.945449 -0.325769 0 0
206.414 310.651 2.6475 4.9765 6.04147 600 0 1099 7 13 -0.00310654 -0.000645192 0 0 0.910708 -0.413051 0 0
215.871 312.326 2.6475 4.9765 6.04147 600 0 1144 7 13 0.00243806 0.000381977 0 0 0.972433 -0.233181 0 0
225.079 313.587 2.6475 4.9765 6.04147 600 0 1189 7 13 -0.0017396 -0.000221536 0 0 0.961498 -0.274812 0 0
234.554 314.568 2.6475 4.9765 6.04147 600 0 1234 7 13 0.00138202 0.000114936 0 0 0.931207 -0.36449 0 0
243.885 315.235 2.6475 4.9765 6.04147 600 0 1279 7 13 -0.000947844 -6.54767e-05 0 0 0.95688 -0.290485 0 0
253.363 315.594 2.6475 4.9765 6.04147 600 0 1324 7 13 0.000785674 2.1954e-06 0 0 0.927903 -0.372821 0 0
262.753 315.588 2.6475 4.9765 6.04147 600 0 1369 7 13 -0.00048113 -9.90327e-06 0 0 0.946256 -0.323419 0 0
272.205 315.175 2.6475 4.9765 6.04147 600 0 1414 7 13 0.00044597 -5.19186e-05 0 0 0.972696 -0.232081 0 0
281.579 314.32 2.6475 4.9765 6.04147 600 0 1459 7 13 -0.000217703 -3.65483e-06 0 0 0.9413 -0.337572 0 0
290.935 312.992 2.6475 4.9765 6.04147 600 0 1504 7 13 0.000256561 -7.26691e-05 0 0 0.925884 -0.377809 0 0
300.191 311.212 2.6475 4.9765 6.04147 600 0 1549 7 15 -8.19915e-05 -1.5156e-05 0 0 0.898937 -0.438077 0 0
309.375 309.003 2.6475 4.9765 6.04147 600 0 2308 7 13 0.000167793 -6.34365e-05 0 0 0.863324 -0.504649 0 0
318.484 306.55 2.6475 4.9765 6.04147 600 0 2353 7 13 -2.81213e-05 -3.9987e-05 0 0 0.830603 -0.556866 0 0
327.455 303.592 2.6475 4.9765 6.04147 600 0 2398 7 13 0.000170307 3.70025e-05 0 0 0.779255 -0.626707 0 0
336.647 301.446 2.6475 4.9765 6.04147 600 0 2443 7 13 -3.5343e-05 -0.00028183 0 0 0.719513 -0.694479 0 0
344.94 296.913 2.6475 4.9765 6.04147 600 0 2488 7 13 0.0003458 0.0001557 0 0 0.77187 -0.635781 0 0
354.049 294.403 2.6475 4.9765 6.04147 600 0 2488 9 13 0.000213823 3.94147e-05 0 0 0.889878 -0.456199 0 0
363.469 295.367 2.6475 4.9765 6.04147 600 0 237 8 10 0.000366759 -0.000126524 0 0 0.889878 -0.456199 0 0
359.364 303.885 2.6475 4.9765 6.04147 600 0 2481 9 14 0.000260972 0.000147005 0 0 0.915216 -0.402965 0 0
353.434 311.196 2.6475 4.9765 6.04147 600 0 2481 7 14 0.000438047 -0.000537907 0 0 0.902774 -0.430116 0 0
344.115 312.878 2.6475 4.9765 6.04147 600 0 2436 7 14 -0.000728637 0.000404549 0 0 0.922771 -0.385349 0 0
335.947 317.423 2.6475 4.9765 6.04147 600 0 2391 7 14 0.0014139 -0.000903945 0 0 0.851827 -0.523824 0 0
326.803 319.962 2.6475 4.9765 6.04147 600 0 2346 7 14 -0.000615582 0.00015257 0 0 0.86623 -0.499645 0 0
333.571 326.619 2.6475 4.9765 6.04147 600 0 1729 7 15 0.000969496 0.0013294 0 0 0.966446 -0.25687 0 0
340.416 333.035 2.6475 4.9765 6.04147 600 0 1774 7 13 -3.41063e-05 -0.000463328 0 0 0.997897 -0.0648263 0 0
348.845 337.382 2.6475 4.9765 6.04147 600 0 1819 7 13 0.000686395 0.0001983 0 0 0.997646 0.0685704 0 0
357.54 341.061 2.6475 4.9765 6.04147 600 0 1864 7 13 6.21838e-05 -4.96438e-05 0 0 0.999237 -0.039061 0 0
366.396 344.427 2.6475 4.9765 6.04147 600 0 1909 7 13 0.000215765 5.97224e-05 0 0 0.99421 -0.107454 0 0
375.275 347.7 2.6475 4.9765 6.04147 600 0 1954 7 13 -1.56461e-05 -1.24306e-05 0 0 0.982367 -0.186961 0 0
384.174 350.949 2.6475 4.9765 6.04147 600 0 1999 7 13 7.7532e-06 3.18543e-06 0 0 0.998419 0.0562042 0 0
393.068 354.199 2.6475 4.9765 6.04147 600 0 2044 7 13 -8.41317e-05 -2.87974e-05 0 0 0.995223 -0.0976253 0 0
401.961 357.457 2.6475 4.9765 6.04147 600 0 2089 7 13 -6.7494e-05 -2.24597e-05 0 0 0.996932 -0.0782716 0 0
410.846 360.723 2.6475 4.9765 6.04147 600 0 2134 7 13 -0.000106951 -3.68372e-05 0 0 0.982428 -0.186639 0 0
419.726 364.001 2.6475 4.9765 6.04147 600 0 2179 7 13 -0.000114262 -3.92138e-05 0 0 0.998969 0.0454068 0 0
428.597 367.291 2.6475 4.9765 6.04147 600 0 2224 7 13 -0.000138372 -4.83818e-05 0 0 0.998599 0.0529077 0 0
437.457 370.596 2.6475 4.9765 6.04147 600 0 2269 7 13 -0.000178415 -6.67419e-05 0 0 0.999743 -0.022666 0 0
446.315 373.898 2.6475 4.9765 6.04147 600 0 2314 7 13 -0.000205175 -7.21776e-05 0 0 0.999951 -0.00989107 0 0
455.155 377.228 2.6475 4.9765 6.04147 600 0 2359 7 13 -0.000240564 -0.000121031 0 0 0.966884 0.255216 0 0
464.091 380.273 2.6475 4.9765 6.04147 600 0 2404 7 13 -0.000298587 -2.32879e-05 0 0 0.972813 0.23159 0 0
472.576 384.397 2.6475 4.9765 6.04147 600 0 2449 7 13 -0.000173124 -0.000334041 0 0 0.979364 0.202106 0 0
481.811 382.492 2.6475 4.9765 6.04147 600 0 2494 7 13 1.48619e-05 0.000599234 0 0 0.989041 0.147641 0 0
487.3 390.168 2.6475 4.9765 6.04147 600 0 2494 9 13 0.0005999 0.000191851 0 0 0.968619 0.24855 0 0
493.024 397.693 2.6475 4.9765 6.04147 0.1 0 1761 8 10 0.00048182 0.000261811 0 0 0.967851 0.251525 1 0
484.014 400.537 2.6475 4.9765 6.04147 600 0 2494 9 14 0.000479702 0.000129111 0 0 0.968619 0.24855 0 0
474.707 402.088 2.6475 4.9765 6.04147 600 0 2494 7 14 0.000340419 -0.000275221 0 0 0.861803 0.507243 0 0
468.321 395.162 2.6475 4.9765 6.04147 600 0 2449 7 14 0.0001178 0.000175421 0 0 0.784122 0.620607 0 0
459.145 392.961 2.6475 4.9765 6.04147 600 0 2404 7 14 -0.000220072 -8.69883e-05 0 0 0.955563 0.294786 0 0
450.307 389.746 2.6475 4.9765 6.04147 600 0 2359 7 14 0.000350482 0.000127783 0 0 0.966884 0.255216 0 0
441.437 386.487 2.6475 4.9765 6.04147 600 0 2314 7 14 -0.000405559 -0.000152379 0 0 0.817242 0.576295 0 0
432.649 383.168 2.6475 4.9765 6.04147 600 0 2269 7 14 0.000483959 0.00018259 0 0 0.944057 0.329783 0 0
423.802 379.837 2.6475 4.9765 6.04147 600 0 2224 7 14 -0.000423238 -0.000158407 0 0 0.841017 0.541009 0 0
414.998 376.553 2.6475 4.9765 6.04147 600 0 2179 7 14 0.000358828 0.000133461 0 0 0.887379 0.461041 0 0
406.149 373.289 2.6475 4.9765 6.04147 600 0 2134 7 14 3.30445e-05 1.17106e-05 0 0 0.804094 0.594502 0 0
397.286 370.055 2.6475 4.9765 6.04147 600 0 2089 7 14 -0.000404656 -0.000146499 0 0 0.858997 0.511981 0 0
388.476 366.876 2.6475 4.9765 6.04147 600 0 2044 7 14 0.0011719 0.000418426 0 0 0.896738 0.442562 0 0
379.511 363.686 2.6475 4.9765 6.04147 600 0 1999 7 14 -0.00175759 -0.000620182 0 0 0.824415 0.565986 0 0
370.752 360.622 2.6475 4.9765 6.04147 600 0 1954 7 14 0.00234752 0.000809823 0 0 0.851545 0.524281 0 0
361.682 357.519 2.6475 4.9765 6.04147 600 0 1909 7 14 -0.00270639 -0.000914027 0 0 0.927519 0.373776 0 0
352.908 354.602 2.6475 4.9765 6.04147 600 0 1864 7 14 0.002511 0.0008183 0 0 0.862623 0.505847 0 0
343.775 351.683 2.6475 4.9765 6.04147 600 0 1819 7 14 -0.00251961 -0.000784496 0 0 0.889053 0.457805 0 0
334.887 348.993 2.6475 4.9765 6.04147 600 0 1774 7 14 0.00173254 0.00051283 0 0 0.898563 0.438845 0 0
325.696 346.427 2.6475 4.9765 6.04147 600 0 1729 7 14 -0.0017146 -0.000439449 0 0 0.943864 0.330334 0 0
316.623 344.187 2.6475 4.9765 6.04147 600 0 1684 7 14 0.00102612 0.000262721 0 0 0.878327 0.478061 0 0
307.298 342.338 2.6475 4.9765 6.04147 600 0 1639 7 14 -0.00110114 -0.00014181 0 0 0.906782 0.4216 0 0
298.016 341.047 2.6475 4.9765 6.04147 600 0 1594 7 14 0.00104715 0.000182738 0 0 0.924219 0.381862 0 0
288.508 341.152 2.6475 4.9765 6.04147 600 0 1549 7 14 -0.00114796 3.10273e-05 0 0 0.963564 0.26748 0 0
279.174 341.364 2.6475 4.9765 6.04147 600 0 1504 7 14 0.00199456 -0.000421955 0 0 0.937049 0.349198 0 0
271.118 346.574 2.6475 4.9765 6.04147 600 0 1459 7 15 -0.00218592 0.00244141 0 0 0.960477 0.27836 0 0
262.215 349.172 2.6475 4.9765 6.04147 600 0 1896 7 13 0.00219557 0.000635406 0 0 0.915701 0.401861 0 0
268.939 355.569 2.6475 4.9765 6.04147 600 0 1941 7 13 -0.000785335 -0.00298787 0 0 0.819912 0.572489 0 0
273.762 363.887 2.6475 4.9765 6.04147 600 0 1986 7 13 0.00110348 0.0021682 0 0 0.741532 0.670917 0 0
277.907 372.228 2.6475 4.9765 6.04147 600 0 2031 7 13 -0.000754553 -0.00163311 0 0 0.787684 0.616079 0 0
283.584 379.954 2.6475 4.9765 6.04147 600 0 2076 7 13 0.00143053 0.00205273 0 0 0.864418 0.502773 0 0
288.911 387.553 2.6475 4.9765 6.04147 600 0 2121 7 13 -0.00181769 -0.00256345 0 0 0.843688 0.536834 0 0
294.844 395.208 2.6475 4.9765 6.04147 600 0 2166 7 13 0.00255974 0.00326418 0 0 0.849686 0.527288 0 0
300.481 402.392 2.6475 4.9765 6.04147 600 0 2211 7 13 -0.00391327 -0.00490621 0 0 0.871254 0.490832 0 0
306.737 410.045 2.6475 4.9765 6.04147 600 0 2256 7 13 0.004878 0.00583715 0 0 0.850925 0.525287 0 0
312.451 416.815 2.6475 4.9765 6.04147 600 0 2301 7 13 -0.00733865 -0.00850431 0 0 0.902262 0.431188 0 0
319.189 424.473 2.6475 4.9765 6.04147 600 0 2346 7 13 0.00876109 0.00953524 0 0 0.875108 0.483927 0 0
325.404 430.949 2.6475 4.9765 6.04147 600 0 2391 7 13 -0.00300049 -0.00342512 0 0 0.910057 0.414482 0 0
332.752 437.356 2.6475 4.9765 6.04147 600 0 2436 7 13 0.00327226 0.000398272 0 0 0.854256 0.519853 0 0
341.464 441.045 2.6475 4.9765 6.04147 600 0 2481 7 13 -0.0026531 0.00720679 0 0 0.884469 0.4666 0 0
343.943 450.15 2.6475 4.9765 6.04147 600 0 2481 9 13 -0.00187419 -0.00356754 0 0 0.914621 0.404311 0 0
344.57 460.355 2.6475 4.9765 6.04147 600 0 687 8 10 -0.00895869 -0.00826751 0 0 0.851529 0.524307 0 0
335.714 457.757 2.6475 4.9765 6.04147 600 0 2488 9 14 0.00983413 0.00376273 0 0 0.757172 0.653216 0 0
327.49 452.292 2.6475 4.9765 6.04147 600 0 2488 7 14 -0.00240679 -0.00204686 0 0 0.690352 0.723473 0 0
321.882 444.843 2.6475 4.9765 6.04147 600 0 2443 7 14 -6.42151e-05 0.000304289 0 0 0.560153 0.828389 0 0
314.435 439.032 2.6475 4.9765 6.04147 600 0 2398 7 14 0.000118434 -6.51653e-05 0 0 0.614826 0.788663 0 0
307.894 432.224 2.6475 4.9765 6.04147 600 0 2353 7 14 1.67732e-05 4.73723e-05 0 0 0.679587 0.733595 0 0
301.187 425.58 2.6475 4.9765 6.04147 600 0 2308 7 14 2.7813e-05 8.14127e-06 0 0 0.495883 0.86839 0 0
294.596 418.822 2.6475 4.9765 6.04147 600 0 2263 7 14 2.56717e-05 2.82074e-05 0 0 0.640344 0.768088 0 0
287.994 412.075 2.6475 4.9765 6.04147 600 0 2218 7 14 4.31226e-06 1.44327e-05 0 0 0.56653 0.824041 0 0
281.33 405.393 2.6475 4.9765 6.04147 600 0 2173 7 14 1.4792e-05 3.26996e-05 0 0 0.599748 0.800189 0 0
274.546 398.831 2.6475 4.9765 6.04147 600 0 2128 7 14 -9.0497e-06 1.58728e-05 0 0 0.653264 0.75713 0 0
267.6 392.443 2.6475 4.9765 6.04147 600 0 2083 7 14 6.78767e-06 3.59011e-05 0 0 0.643871 0.765134 0 0
260.448 386.285 2.6475 4.9765 6.04147 600 0 2038 7 14 -1.82629e-05 1.94777e-05 0 0 0.528516 0.848924 0 0
253.059 380.416 2.6475 4.9765 6.04147 600 0 1993 7 14 2.37052e-07 3.85795e-05 0 0 0.582452 0.812865 0 0
245.405 374.896 2.6475 4.9765 6.04147 600 0 1948 7 14 -2.39381e-05 2.54747e-05 0 0 0.787597 0.61619 0 0
237.471 369.79 2.6475 4.9765 6.04147 600 0 1903 7 14 -5.07049e-06 4.07906e-05 0 0 0.728412 0.685139 0 0
229.252 365.153 2.6475 4.9765 6.04147 600 0 1858 7 14 -2.58389e-05 3.18568e-05 0 0 0.845616 0.533791 0 0
220.759 361.04 2.6475 4.9765 6.04147 600 0 1279 7 15 -8.71997e-06 4.20691e-05 0 0 0.980992 0.194046 0 0
212.015 357.493 2.6475 4.9765 6.04147 600 0 1234 7 14 -2.44314e-05 3.64633e-05 0 0 0.994304 0.106583 0 0
203.055 354.534 2.6475 4.9765 6.04147 600 0 1189 7 14 -1.02053e-05 4.11294e-05 0 0 0.988833 0.149028 0 0
193.92 352.169 2.6475 4.9765 6.04147 600 0 1144 7 14 -2.06708e-05 3.7395e-05 0 0 0.974554 0.224154 0 0
184.654 350.385 2.6475 4.9765 6.04147 600 0 1099 7 14 -9.90174e-06 3.75758e-05 0 0 0.99217 0.124899 0 0
175.299 349.147 2.6475 4.9765 6.04147 600 0 1054 7 14 -1.59253e-05 3.40743e-05 0 0 0.96495 0.262432 0 0
165.891 348.409 2.6475 4.9765 6.04147 600 0 1009 7 14 -8.40737e-06 3.1333e-05 0 0 0.988166 0.153386 0 0
156.459 348.114 2.6475 4.9765 6.04147 600 0 964 7 14 -1.12796e-05 2.73162e-05 0 0 0.996428 0.0844481 0 0
147.022 348.198 2.6475 4.9765 6.04147 600 0 919 7 14 -6.3058e-06 2.31513e-05 0 0 0.995284 0.0970067 0 0
137.593 348.593 2.6475 4.9765 6.04147 600 0 874 7 14 -7.15333e-06 1.87725e-05 0 0 0.999566 0.0294652 0 0
128.177 349.235 2.6475 4.9765 6.04147 600 0 829 7 14 -3.91094e-06 1.39658e-05 0 0 0.995214 -0.097716 0 0
118.775 350.059 2.6475 4.9765 6.04147 600 0 784 7 14 -3.47587e-06 9.38696e-06 0 0 0.991302 -0.13161 0 0
109.385 351.001 2.6475 4.9765 6.04147 0.1 0 0 7 15 -1.34168e-06 4.5174e-06 0 0 4.82672e-310 4.82672e-310 0 0
100 352 2.6475 4.9765 6.04147 0.1 0 0 7 7 0.000712568 -0.0267494 0 0 4.82672e-310 4.82672e-310 0 0
100 361 2.6475 4.9765 6.04147 0.1 0 0 7 7 -0 -0 0 0 4.82672e-310 4.82672e-310 0 0
100 370 2.6475 4.9765 6.04147 0.1 0 0 7 7 -0 -0 0 0 4.82672e-310 4.82672e-310 0 0
100 379 2.6475 4.9765 6.04147 0.1 0 0 7 7 -0 -0 0 0 4.82672e-310 4.82672e-310 0 0
100 388 2.6475 4.9765 6.04147 0.1 0 0 7 7 -0 -0 0 0 4.82672e-310 4.82672e-310 0 0
100 397 2.6475 4.9765 6.04147 0.1 0 0 7 7 -0 -0 0 0 4.82672e-310 4.82672e-310 0 0
100 406 2.6475 4.9765 6.04147 0.1 0 0 7 7 -0 -0 0 0 4.82672e-310 4.82672e-310 0 0
100 415 2.6475 4.9765 6.04147 0.1 0 0 7 7 -0 -0 0 0 4.82672e-310 4.82672e-310 0 0
100 424 2.6475 4.9765 6.04147 0.1 0 0 7 7 -0 -0 0 0 4.82672e-310 4.82672e-310 0 0
100 433 2.6475 4.9765 6.04147 0.1 0 0 7 7 -0 -0 0 0 4.82672e-310 4.82672e-310 0 0
100 442 2.6475 4.9765 6.04147 0.1 0 0 7 7 -0 -0 0 0 4.82672e-310 4.82672e-310 0 0
100 451 2.6475 4.9765 6.04147 0.1 0 0 7 7 -0 -0 0 0 4.82672e-310 4.82672e-310 0 0
100 460 2.6475 4.9765 6.04147 0.1 0 0 7 7 -0 -0 0 0 4.82672e-310 4.82672e-310 0 0
100 469 2.6475 4.9765 6.04147 0.1 0 0 7 7 -0 -0 0 0 4.82672e-310 4.82672e-310 0 0
100 478 2.6475 4.9765 6.04147 0.1 0 0 7 7 -0 -0 0 0 4.82672e-310 4.82672e-310 0 0
100 487 2.6475 4.9765 6.04147 0.1 0 0 7 7 -0 -0 0 0 6.42967e-310 0 0 0
100 496 2.6475 4.9765 6.04147 0.1 0 0 7 7 -0 -0 0 0 4.82672e-310 6.32404e-322 0 0
100 505 2.6475 4.9765 6.04147 0.1 0 0 7 7 -0 -0 0 0 1.58101e-322 4.82787e-310 0 0
100 514 2.6475 4.9765 6.04147 0.1 0 0 7 7 -0 -0 0 0 4.82672e-310 0 0 0
100 523 2.6475 4.9765 6.04147 0.1 0 0 7 7 -0 -0 0 0 3.16202e-322 4.82787e-310 0 0
100 532 2.6475 4.9765 6.04147 0.1 0 0 7 7 -0 -0 0 0 4.79571e-312 6.09013e-312 0 0
100 541 2.6475 4.9765 6.04147 0.1 0 0 7 7 -0 -0 0 0 1.74899e-321 4.82672e-310 0 0
100 550 2.6475 4.9765 6.04147 0.1 0 0 7 7 -0 -0 0 0 4.20155e-312 7.57552e-312 0 0
100 559 2.6475 4.9765 6.04147 0.1 0 0 7 7 -0 -0 0 0 1.58101e-322 4.82787e-310 0 0
100 568 2.6475 4.9765 6.04147 0.1 0 0 7 7 -0 -0 0 0 4.98457e-311 3.16202e-322 0 0
100 577 2.6475 4.9765 6.04147 0.1 0 0 7 7 -0 -0 0 0 2.06025e-321 4.82672e-310 0 0
100 586 2.6475 4.9765 6.04147 0.1 0 0 7 7 -0 -0 0 0 4.82672e-310 0 0 0
100 595 2.6475 4.9765 6.04147 0.1 0 0 7 7 -0 -0 0 0 1.58101e-322 4.82787e-310 0 0
100 604 2.6475 4.9765 6.04147 0.1 0 0 7 7 -0 -0 0 0 0 5.05923e-321 0 0
100 613 2.6475 4.9765 6.04147 0.1 0 0 7 7 -0 -0 0 0 1.63042e-322 4.82672e-310 0 0
100 622 2.6475 4.9765 6.04147 0.1 0 0 7 7 -0 -0 0 0 4.50288e-311 4.64293e-311 0 0
100 631 2.6475 4.9765 6.04147 0.1 0 0 7 7 -0 -0 0 0 1.63042e-322 4.82672e-310 0 0
100 640 2.6475 4.9765 6.04147 0.1 0 0 7 7 -0 -0 0 0 4.82672e-310 1.58101e-322 0 0
100 649 2.6475 4.9765 6.04147 0.1 0 0 7 7 -0 -0 0 0 9.53547e-322 4.82672e-310 0 0
100 658 2.6475 4.9765 6.04147 0.1 0 0 7 7 4.14599e-16 0.0266735 0 0 0 1.62844e-320 0 0
109.337 659.252 2.6475 4.9765 6.04147 0.1 0 0 7 15 -1.47451e-16 1.12757e-17 0 0 9.53547e-322 4.82672e-310 0 0
118.476 661.543 2.6475 4.9765 6.04147 600 0 1328 7 13 1.52656e-16 -1.08203e-16 0 0 0.997535 0.0701724 0 0
127.851 660.62 2.6475 4.9765 6.04147 600 0 1373 7 13 -0 5.87638e-17 0 0 0.998318 0.0579705 0 0
137.264 661.018 2.6475 4.9765 6.04147 600 0 1373 7 13 1.56125e-17 2.45897e-16 0 0 0.99912 0.0419376 0 0
145.329 665.887 2.6475 4.9765 6.04147 600 0 97 7 10 3.31804e-05 1.50572e-05 0 0 0.99966 0.0260931 1 0
144.079 684.687 2.6475 4.9765 6.04147 600 0 1328 7 14 2.41276e-06 2.14417e-07 0 0 0.996409 0.0846653 0 0
144.704 675.287 2.6475 4.9765 6.04147 600 0 1373 7 14 9.81074e-07 1.33257e-07 0 0 0.99912 0.0419376 0 0
152.532 680.529 2.6475 4.9765 6.04147 600 0 1373 7 14 1.78559e-06 -1.00546e-06 0 0 0.903769 0.42802 0 0
153.158 671.129 2.6475 4.9765 6.04147 600 0 968 7 15 4.13273e-07 -1.05145e-06 0 0 0.974904 0.222627 0 0
162.067 674.196 2.6475 4.9765 6.04147 600 0 1013 7 13 -9.25365e-07 1.61173e-06 0 0 0.961018 0.276487 0 0
170.829 677.659 2.6475 4.9765 6.04147 600 0 1058 7 13 9.24976e-07 -3.56535e-06 0 0 0.991215 0.132257 0 0
179.868 680.315 2.6475 4.9765 6.04147 600 0 1103 7 13 -5.52053e-07 -3.85449e-09 0 0 0.989451 0.144871 0 0
188.898 683.006 2.6475 4.9765 6.04147 600 0 1148 7 13 -3.18821e-08 -2.33234e-06 0 0 0.984351 0.176217 0 0
198.065 685.181 2.6475 4.9765 6.04147 600 0 1193 7 13 -6.7081e-07 -1.38464e-06 0 0 0.984028 0.178012 0 0
207.296 687.069 2.6475 4.9765 6.04147 600 0 1238 7 13 -1.03475e-06 -4.32303e-07 0 0 0.999223 -0.0394106 0 0
216.537 688.903 2.6475 4.9765 6.04147 600 0 1283 7 13 -8.89934e-07 -3.03922e-06 0 0 0.975866 0.218372 0 0
225.894 690.008 2.6475 4.9765 6.04147 600 0 1328 7 15 -1.30978e-06 -9.98674e-07 0 0 0.966742 0.255752 0 0
235.275 690.884 2.6475 4.9765 6.04147 600 0 1868 7 13 -1.18788e-06 -5.58975e-06 0 0 0.951008 0.309167 0 0
244.672 690.207 2.6475 4.9765 6.04147 600 0 1868 7 13 -5.28164e-07 6.36059e-06 0 0 0.998669 0.0515855 0 0
254.025 691.348 2.6475 4.9765 6.04147 600 0 53 7 10 0.00108415 1.72419e-05 0 0 0.999953 0.00971907 0 0
258.585 699.591 2.6475 4.9765 6.04147 600 0 1861 7 14 1.8084e-06 -1.00069e-06 0 0 0.810985 0.585067 0 0
263.47 691.536 2.6475 4.9765 6.04147 600 0 1508 7 15 -9.40941e-08 -2.15494e-06 0 0 0.999846 0.0175262 0 0
272.917 691.688 2.6475 4.9765 6.04147 600 0 1553 7 13 -1.89565e-07 -4.70955e-06 0 0 0.960787 0.277287 0 0
282.364 691.801 2.6475 4.9765 6.04147 600 0 1598 7 13 -2.9273e-07 -7.50487e-06 0 0 0.998689 -0.0511855 0 0
291.812 691.85 2.6475 4.9765 6.04147 600 0 1643 7 13 -4.13384e-07 -1.04908e-05 0 0 0.999882 -0.0153732 0 0
301.259 691.811 2.6475 4.9765 6.04147 600 0 1688 7 13 -5.61794e-07 -1.3494e-05 0 0 0.999791 -0.0204553 0 0
310.706 691.657 2.6475 4.9765 6.04147 600 0 1733 7 13 -7.40986e-07 -1.61818e-05 0 0 0.999678 0.0253834 0 0
320.149 691.367 2.6475 4.9765 6.04147 600 0 1778 7 13 -9.33476e-07 -1.80458e-05 0 0 0.997693 0.0678924 0 0
329.586 690.924 2.6475 4.9765 6.04147 600 0 1823 7 13 -1.08789e-06 -1.84612e-05 0 0 0.997663 0.0683271 0 0
339.015 690.325 2.6475 4.9765 6.04147 600 0 1868 7 15 -1.12088e-06 -1.68597e-05 0 0 0.999269 -0.0382187 0 0
348.433 689.583 2.6475 4.9765 6.04147 600 0 2408 7 13 -9.50167e-07 -1.29805e-05 0 0 0.993405 -0.114658 0 0
357.843 688.731 2.6475 4.9765 6.04147 600 0 2408 7 13 -5.51643e-07 -7.08566e-06 0 0 0.990293 -0.138996 0 0
367.246 687.82 2.6475 4.9765 6.04147 600 0 51 7 10 0.000793198 0.000446623 0 0 0.983862 -0.17893 0 0
370.728 696.575 2.6475 4.9765 6.04147 600 0 2401 7 14 -9.95668e-05 3.70245e-05 0 0 0.997435 -0.0715738 0 0
376.608 689.218 2.6475 4.9765 6.04147 600 0 2048 7 15 -6.82424e-05 5.6085e-05 0 0 0.999322 0.0368125 0 0
385.795 691.486 2.6475 4.9765 6.04147 600 0 2093 7 13 -1.70302e-05 -0.000376599 0 0 0.999938 -0.0111387 0 0
395.25 691.808 2.6475 4.9765 6.04147 600 0 2138 7 13 -8.51816e-05 9.34023e-05 0 0 0.998899 0.0469027 0 0
404.671 692.657 2.6475 4.9765 6.04147 600 0 2183 7 13 -0.000116556 -0.000129568 0 0 0.99988 0.0154977 0 0
414.126 692.779 2.6475 4.9765 6.04147 600 0 2228 7 13 -0.000165614 -5.53265e-05 0 0 0.999978 -0.00668235 0 0
423.575 692.529 2.6475 4.9765 6.04147 600 0 2273 7 13 -0.000207394 -1.71249e-05 0 0 0.999987 -0.00512253 0 0
433.012 692.087 2.6475 4.9765 6.04147 600 0 2318 7 13 -0.000245986 -8.69895e-05 0 0 0.999728 -0.0233186 0 0
442.342 690.64 2.6475 4.9765 6.04147 600 0 2363 7 13 -0.000238555 0.000130896 0 0 0.998908 0.0467201 0 0
451.777 690.495 2.6475 4.9765 6.04147 600 0 2408 7 13 -0.000259575 -0.000187402 0 0 0.981977 -0.189 0 0
460.252 686.359 2.6475 4.9765 6.04147 600 0 2453 7 13 -4.24067e-05 0.000272887 0 0 0.983608 -0.180322 0 0
469.482 688.291 2.6475 4.9765 6.04147 600 0 2498 7 13 0.000106192 -0.000435514 0 0 0.991927 -0.126812 0 0
476.965 682.544 2.6475 4.9765 6.04147 600 0 2498 9 13 0.000595012 0.000195329 0 0 0.946539 -0.322589 0 0
486.297 681.081 2.6475 4.9765 6.04147 0.1 0 1712 8 10 0.000521193 -0.00028718 0 0 0.961608 -0.274425 0 0
101.434 693.885 2.6475 4.9765 6.04147 600 0 833 7 14 -1.249e-16 -1.2438e-15 0 0 0.978388 0.206777 0 0
107.508 701.086 2.6475 4.9765 6.04147 600 0 833 7 14 -1.43982e-16 5.73326e-16 0 0 0.981363 0.192162 0 0
98.235 702.746 2.6475 4.9765 6.04147 0.1 0 0 7 15 -7.24247e-17 -1.11976e-15 0 0 1.63042e-322 6.42967e-310 0 0
100 712 2.6475 4.9765 6.04147 0.1 0 0 7 7 3.41307e-16 -0.0266735 0 0 6.93893e-312 9.2519e-312 0 0
100 721 2.6475 4.9765 6.04147 0.1 0 0 7 7 -0 -0 0 0 4.79244e-322 4.82672e-310 0 0
100 730 2.6475 4.9765 6.04147 0.1 0 0 7 7 -0 -0 0 0 4.82672e-310 1.58101e-322 0 0
100 739 2.6475 4.9765 6.04147 0.1 0 0 7 7 -0 -0 0 0 2.21835e-321 4.82672e-310 0 0
100 748 2.6475 4.9765 6.04147 0.1 0 0 7 7 -0 -0 0 0 1.0419e-311 3.36761e-311 0 0
100 757 2.6475 4.9765 6.04147 0.1 0 0 7 7 -0 -0 0 0 3.16202e-322 4.82787e-310 0 0
100 766 2.6475 4.9765 6.04147 0.1 0 0 7 7 -0 -0 0 0 3.9554e-311 4.07848e-311 0 0
100 775 2.6475 4.9765 6.04147 0.1 0 0 7 7 -0 -0 0 0 2.53456e-321 4.82672e-310 0 0
100 784 2.6475 4.9765 6.04147 0.1 0 0 7 7 -0 -0 0 0 6.42967e-310 3.16202e-322 0 0
100 793 2.6475 4.9765 6.04147 0.1 0 0 7 7 -0 -0 0 0 9.52064e-321 4.82672e-310 0 0
100 802 2.6475 4.9765 6.04147 0.1 0 0 7 7 -0 0.0266735 0 0 2.71615e-312 3.23392e-311 0 0
662.142 366.626 5.295 9.953 12.0829 0 0 2500 16 -1 -0 -0 0 0 -0.0325695 0.999469 22746 385985760
562.701 479.696 5.295 9.953 12.0829 0 0 2500 16 -1 -3.71528e-10 7.09543e-11 0 0 0.999776 -0.0211472 1937 1938
512.443 399.389 5.295 9.953 12.0829 0 0 2500 16 -1 -0 -0 0 0 0.964285 0.264868 22746 524650448
477.539 625.207 5.295 9.953 12.0829 0 0 2500 16 -1 -0 -0 0 0 0.922595 -0.38577 0 129
582.296 567.435 5.295 9.953 12.0829 0 0 2500 16 -1 -0 -0 0 0 0.583425 -0.812167 22746 385985760
573.735 317.016 5.295 9.953 12.0829 0 0 2500 16 -1 -0 -0 0 0 0.784415 0.620237 1825 1951
762.831 396.072 5.295 9.953 12.0829 0 0 2500 16 -1 -0 -0 0 0 -0.338441 0.940987 22751 60
714.767 549.456 5.295 9.953 12.0829 0 0 2500 16 -1 1.47187e-10 4.07117e-10 0 0 -0.794238 -0.607607 2182 513
576.407 515.699 5.295 9.953 12.0829 0 0 2500 16 -1 -0 -0 0 0 0.999895 -0.0145082 22746 385985760
624.322 387.128 5.295 9.953 12.0829 0 0 2500 16 -1 -0 -0 0 0 0.027678 0.999617 1760 1959
