581.026 421.085 5.295 9.953 12.0829 0.1 0 193 3 1 -6.26486e-10 -9.53981e-10 0 0 6.95296e-310 6.95296e-310 0 0
591.953 437.723 5.295 9.953 12.0829 0.1 0 97 3 1 -6.08051e-10 -6.02577e-10 0 0 6.95296e-310 6.95296e-310 0 0
584.507 456.184 5.295 9.953 12.0829 0.1 0 92 3 1 -5.37402e-10 -1.34075e-10 0 0 6.95296e-310 6.95296e-310 0 0
582.254 475.962 5.295 9.953 12.0829 0.1 0 88 3 1 -3.27422e-10 3.00233e-10 0 0 6.42967e-310 0 0 0
622.038 417.35 5.295 9.953 12.0829 0.1 0 109 3 1 -3.41055e-10 -6.55886e-10 0 0 6.95296e-310 6.95296e-310 0 0
611.557 434.272 5.295 9.953 12.0829 0.1 0 77 3 1 -1.37706e-10 -2.71812e-10 0 0 6.95296e-310 6.95296e-310 0 0
607.423 456.225 5.295 9.953 12.0829 0.1 0 54 3 1 -5.42e-10 -5.78359e-11 0 0 1.58101e-322 4.82787e-310 0 0
641.446 421.775 5.295 9.953 12.0829 0.1 0 92 3 1 -5.04125e-12 -1.08291e-09 0 0 6.95296e-310 6.95296e-310 0 0
650.843 439.323 5.295 9.953 12.0829 0.1 0 71 3 1 6.48999e-10 -1.05251e-09 0 0 6.95296e-310 6.95296e-310 0 0
630.944 438.784 5.295 9.953 12.0829 0.1 0 64 3 1 2.56681e-10 -2.45949e-10 0 0 6.95296e-310 6.95296e-310 0 0
627.216 458.337 5.295 9.953 12.0829 0.1 0 45 3 1 -3.222e-10 -1.24017e-10 0 0 4.82672e-310 0 0 0
666.167 426.618 5.295 9.953 12.0829 0.1 0 99 3 1 1.00921e-09 -1.14164e-09 0 0 6.95296e-310 6.95296e-310 0 0
670.063 446.139 5.295 9.953 12.0829 0.1 0 63 3 1 5.06789e-10 -8.9336e-10 0 0 3.21143e-322 4.82672e-310 0 0
689.533 450.28 5.295 9.953 12.0829 0.1 0 87 3 1 6.5859e-10 -4.17685e-10 0 0 0 0 0 0
589.93 494.327 5.295 9.953 12.0829 0.1 0 65 3 1 -1.9443e-09 1.38568e-09 0 0 0 0 0 0
612.01 475.731 5.295 9.953 12.0829 0.1 0 42 3 1 -0 -0 0 0 6.95296e-310 6.95296e-310 0 0
628.034 488.313 5.295 9.953 12.0829 0.1 0 35 3 1 -3.55199e-10 5.71532e-10 0 0 0 0 0 0
654.738 458.843 5.295 9.953 12.0829 0.1 0 44 3 1 3.92273e-10 -4.77076e-10 0 0 6.95296e-310 6.95296e-310 0 0
640.713 472.968 5.295 9.953 12.0829 0.1 0 36 3 1 -1.93088e-11 5.29571e-12 0 0 0 0 0 0
672.848 467.106 5.295 9.953 12.0829 0.1 0 47 3 1 7.45049e-10 -1.05446e-10 0 0 6.95296e-310 6.95296e-310 0 0
658.771 481.345 5.295 9.953 12.0829 0.1 0 35 3 1 3.92174e-10 -3.19523e-10 0 0 0 0 0 0
692.548 469.956 5.295 9.953 12.0829 0.1 0 66 3 1 1.11351e-09 -2.68235e-10 0 0 0 0 0 0
609.749 496.18 5.295 9.953 12.0829 0.1 0 41 3 1 -1.35011e-09 -1.38466e-11 0 0 6.95296e-310 6.95296e-310 0 0
625.888 508.24 5.295 9.953 12.0829 0.1 0 35 3 1 1.29568e-10 -3.27022e-10 0 0 0 0 0 0
645.752 497.386 5.295 9.953 12.0829 0.1 1 1649 0 0 2.67721e-10 3.61279e-10 0 0 6.95296e-310 6.95296e-310 0 0
643.741 517.19 5.295 9.953 12.0829 0.1 0 34 3 1 -5.46957e-11 5.38568e-10 0 0 0 0 0 0
679.428 485.893 5.295 9.953 12.0829 0.1 0 41 3 1 1.44334e-09 -3.08973e-11 0 0 6.95296e-310 6.95296e-310 0 0
665.473 500.088 5.295 9.953 12.0829 0.1 1 1364 0 0 7.6361e-10 -2.06031e-10 0 0 0 0 0 0
699.677 488.542 5.295 9.953 12.0829 0.1 0 71 3 1 1.13396e-10 4.38106e-10 0 0 6.95296e-310 6.95296e-310 0 0
685.789 505.071 5.295 9.953 12.0829 0.1 0 48 3 1 -0 -0 0 0 0 0 0 0
600.519 513.816 5.295 9.953 12.0829 0.1 0 49 3 1 -1.27003e-09 5.70676e-10 0 0 6.95296e-310 6.95296e-310 0 0
618.556 526.746 5.295 9.953 12.0829 0.1 0 44 3 1 -5.57539e-10 -4.13376e-10 0 0 4.00421e-311 6.32404e-322 0 0
636.121 536.112 5.295 9.953 12.0829 0.1 0 43 3 1 -5.84884e-10 2.8967e-10 0 0 9.53547e-322 4.82672e-310 0 0
669.804 519.517 5.295 9.953 12.0829 0.1 0 42 3 1 -1.43847e-10 4.34887e-10 0 0 6.95296e-310 6.95296e-310 0 0
655.885 533.747 5.295 9.953 12.0829 0.1 0 41 3 1 -1.70455e-10 9.27379e-10 0 0 6.42967e-310 2.37152e-321 0 0
708.183 506.539 5.295 9.953 12.0829 0.1 0 80 3 1 2.89914e-10 6.13376e-10 0 0 6.95296e-310 6.95296e-310 0 0
725.213 520.741 5.295 9.953 12.0829 0.1 0 124 3 1 6.78419e-10 -3.93905e-10 0 0 6.95296e-310 6.95296e-310 0 0
707.999 530.736 5.295 9.953 12.0829 0.1 0 97 3 1 7.36581e-10 2.11117e-10 0 0 6.95296e-310 6.95296e-310 0 0
688.833 525.36 5.295 9.953 12.0829 0.1 0 63 3 1 4.72205e-10 -2.33041e-10 0 0 9.35266e-321 4.82672e-310 0 0
599.909 533.712 5.295 9.953 12.0829 0.1 0 73 3 1 -2.72299e-10 9.99582e-10 0 0 6.95296e-310 6.95296e-310 0 0
583.344 544.751 5.295 9.953 12.0829 0.1 0 137 3 1 -8.97145e-10 5.97833e-10 0 0 6.95296e-310 6.95296e-310 0 0
613.46 548.293 5.295 9.953 12.0829 0.1 0 76 3 1 5.44029e-10 5.85307e-10 0 0 1.26975e-321 4.82672e-310 0 0
636.934 571.37 5.295 9.953 12.0829 0.1 0 87 3 1 -2.59699e-10 1.60588e-10 0 0 6.42967e-310 6.32404e-322 0 0
645.76 553.528 5.295 9.953 12.0829 0.1 0 56 3 1 4.98456e-11 1.63588e-10 0 0 6.95296e-310 6.95296e-310 0 0
665.352 557.049 5.295 9.953 12.0829 0.1 0 61 3 1 2.16094e-10 9.30048e-11 0 0 6.95296e-310 6.95296e-310 0 0
656.526 574.891 5.295 9.953 12.0829 0.1 0 85 3 1 -1.42686e-10 1.5248e-10 0 0 6.95296e-310 6.95296e-310 0 0
646.332 591.989 5.295 9.953 12.0829 0.1 0 138 3 1 -1.95218e-10 3.27443e-10 0 0 6.95296e-310 6.95296e-310 0 0
676.214 577.826 5.295 9.953 12.0829 0.1 0 91 3 1 1.59453e-11 6.02426e-11 0 0 6.95296e-310 6.95296e-310 0 0
694.302 586.136 5.295 9.953 12.0829 0.1 0 151 3 1 1.33094e-10 6.11509e-11 0 0 4.82672e-310 1.58101e-322 0 0
674.914 539.59 5.295 9.953 12.0829 0.1 0 50 3 1 3.29199e-10 -1.0125e-10 0 0 6.95296e-310 6.95296e-310 0 0
693.951 546.223 5.295 9.953 12.0829 0.1 0 70 3 1 7.38917e-12 -8.71293e-11 0 0 6.95296e-310 6.95296e-310 0 0
692.269 566.057 5.295 9.953 12.0829 0.1 0 87 3 1 1.0505e-10 4.71109e-12 0 0 6.95296e-310 6.95296e-310 0 0
80 235 2.6475 4.9765 6.04147 0.1 0 0 7 7 -0 -0.0266735 0 0 4.82672e-310 0 0 0
80 244 2.6475 4.9765 6.04147 0.1 0 0 7 7 -0 -0 0 0 3.21143e-322 4.82672e-310 0 0
80 253 2.6475 4.9765 6.04147 0.1 0 0 7 7 -0 -0 0 0 4.82672e-310 3.16202e-322 0 0
80 262 2.6475 4.9765 6.04147 0.1 0 0 7 7 -0 -0 0 0 1.58101e-322 4.82787e-310 0 0
80 271 2.6475 4.9765 6.04147 0.1 0 0 7 7 -0 -0 0 0 4.03179e-313 6.36599e-313 0 0
80 280 2.6475 4.9765 6.04147 0.1 0 0 7 7 -0 -0 0 0 4.60473e-312 4.64717e-312 0 0
80 289 2.6475 4.9765 6.04147 0.1 0 0 7 7 -0 -0 0 0 1.63042e-322 4.82672e-310 0 0
80 298 2.6475 4.9765 6.04147 0.1 0 0 7 7 -0 -0 0 0 4.82672e-310 1.58101e-322 0 0
80 307 2.6475 4.9765 6.04147 0.1 0 0 7 7 -0 -0 0 0 1.58101e-322 4.82787e-310 0 0
80 316 2.6475 4.9765 6.04147 0.1 0 0 7 7 -0 -0 0 0 5.49173e-311 6.32404e-322 0 0
80 325 2.6475 4.9765 6.04147 0.1 0 0 7 7 -0 -0 0 0 1.11165e-321 4.82672e-310 0 0
80 334 2.6475 4.9765 6.04147 0.1 0 0 7 7 -0 -0 0 0 4.82672e-310 0 0 0
80 343 2.6475 4.9765 6.04147 0.1 0 0 7 7 -0 -0 0 0 4.82672e-310 0 0 0
80 352 2.6475 4.9765 6.04147 0.1 0 0 7 7 -0 -0 0 0 1.27963e-321 0 0 0
80 361 2.6475 4.9765 6.04147 0.1 0 0 7 7 -0 -0 0 0 4.82672e-310 1.58101e-322 0 0
80 370 2.6475 4.9765 6.04147 0.1 0 0 7 7 -0 -0 0 0 1.58101e-322 4.82787e-310 0 0
80 379 2.6475 4.9765 6.04147 0.1 0 0 7 7 -0 -0 0 0 4.82672e-310 3.16202e-322 0 0
80 388 2.6475 4.9765 6.04147 0.1 0 0 7 7 -0 -0 0 0 1.90215e-321 4.82672e-310 0 0
80 397 2.6475 4.9765 6.04147 0.1 0 0 7 7 -0 -0 0 0 4.82672e-310 3.16202e-322 0 0
80 406 2.6475 4.9765 6.04147 0.1 0 0 7 7 -0 -0 0 0 1.58101e-322 4.82787e-310 0 0
80 415 2.6475 4.9765 6.04147 0.1 0 0 7 7 -0 -0 0 0 4.82672e-310 0 0 0
80 424 2.6475 4.9765 6.04147 0.1 0 0 7 7 -0 -0 0 0 4.82672e-310 4.82672e-310 0 0
80 433 2.6475 4.9765 6.04147 0.1 0 0 7 7 -0 -0 0 0 4.82672e-310 4.82672e-310 0 0
80 442 2.6475 4.9765 6.04147 0.1 0 0 7 7 -0 -0 0 0 4.82672e-310 4.82672e-310 0 0
80 451 2.6475 4.9765 6.04147 0.1 0 0 7 7 -0 -0 0 0 4.82672e-310 4.82672e-310 0 0
80 460 2.6475 4.9765 6.04147 0.1 0 0 7 7 -0 -0 0 0 4.82672e-310 4.82672e-310 0 0
80 469 2.6475 4.9765 6.04147 0.1 0 0 7 7 -0 -0 0 0 4.82672e-310 4.82672e-310 0 0
80 478 2.6475 4.9765 6.04147 0.1 0 0 7 7 -0 -0 0 0 0 4.82672e-310 0 0
80 487 2.6475 4.9765 6.04147 0.1 0 0 7 7 -0 -0 0 0 -nan 1.26481e-321 0 0
80 496 2.6475 4.9765 6.04147 0.1 0 0 7 7 -0 -0 0 0 4.82672e-310 0 0 0
80 505 2.6475 4.9765 6.04147 0.1 0 0 7 7 -0 -0 0 0 4.82672e-310 4.82672e-310 0 0
80 514 2.6475 4.9765 6.04147 0.1 0 0 7 7 -0 -0 0 0 4.79244e-322 4.82672e-310 0 0
80 523 2.6475 4.9765 6.04147 0.1 0 0 7 7 -0 -0 0 0 4.82672e-310 1.78884e-311 0 0
80 532 2.6475 4.9765 6.04147 0.1 0 0 7 7 -0 -0 0 0 1.63042e-322 4.82672e-310 0 0
80 541 2.6475 4.9765 6.04147 0.1 0 0 7 7 -0 -0 0 0 4.82672e-310 1.58101e-322 0 0
80 550 2.6475 4.9765 6.04147 0.1 0 0 7 7 -0 -0 0 0 4.79244e-322 4.82672e-310 0 0
80 559 2.6475 4.9765 6.04147 0.1 0 0 7 7 -0 -0 0 0 0 4.82672e-310 0 0
80 568 2.6475 4.9765 6.04147 0.1 0 0 7 7 -0 -0 0 0 -nan 1.26481e-321 0 0
80 577 2.6475 4.9765 6.04147 0.1 0 0 7 7 -0 -0 0 0 4.82672e-310 4.82672e-310 0 0
80 586 2.6475 4.9765 6.04147 0.1 0 0 7 7 -0 -0 0 0 4.82672e-310 4.82672e-310 0 0
80 595 2.6475 4.9765 6.04147 0.1 0 0 7 7 -0 -0 0 0 4.82672e-310 4.82672e-310 0 0
80 604 2.6475 4.9765 6.04147 0.1 0 0 7 7 -0 -0 0 0 4.82672e-310 4.82672e-310 0 0
80 613 2.6475 4.9765 6.04147 0.1 0 0 7 7 -0 -0 0 0 4.82672e-310 4.82672e-310 0 0
80 622 2.6475 4.9765 6.04147 0.1 0 0 7 7 -0 -0 0 0 4.82672e-310 4.82672e-310 0 0
80 631 2.6475 4.9765 6.04147 0.1 0 0 7 7 -0 -0 0 0 4.82672e-310 4.82672e-310 0 0
80 640 2.6475 4.9765 6.04147 0.1 0 0 7 7 -0 -0 0 0 4.82672e-310 4.82672e-310 0 0
80 649 2.6475 4.9765 6.04147 0.1 0 0 7 7 -0 -0 0 0 4.82672e-310 4.82672e-310 0 0
80 658 2.6475 4.9765 6.04147 0.1 0 0 7 7 -0 -0 0 0 4.82672e-310 4.82672e-310 0 0
80 667 2.6475 4.9765 6.04147 0.1 0 0 7 7 -0 -0 0 0 4.82672e-310 4.82672e-310 0 0
80 676 2.6475 4.9765 6.04147 0.1 0 0 7 7 -0 -0 0 0 4.82672e-310 4.82672e-310 0 0
80 685 2.6475 4.9765 6.04147 0.1 0 0 7 7 -0 -0 0 0 4.82672e-310 3.16202e-322 0 0
80 694 2.6475 4.9765 6.04147 0.1 0 0 7 7 -0 -0 0 0 6.42965e-310 0 0 0
80 703 2.6475 4.9765 6.04147 0.1 0 0 7 7 -0 -0 0 0 4.82672e-310 2.74798e-311 0 0
80 712 2.6475 4.9765 6.04147 0.1 0 0 7 7 -0 -0 0 0 4.82672e-310 4.07635e-311 0 0
80 721 2.6475 4.9765 6.04147 0.1 0 0 7 7 -0 -0 0 0 9.53547e-322 4.82672e-310 0 0
80 730 2.6475 4.9765 6.04147 0.1 0 0 7 7 -0 -0 0 0 1.58101e-322 1.01185e-320 0 0
80 739 2.6475 4.9765 6.04147 0.1 0 0 7 7 -0 -0 0 0 1.14673e-320 2.41895e-320 0 0
80 748 2.6475 4.9765 6.04147 0.1 0 0 7 7 -0 -0 0 0 4.82672e-310 4.80632e-311 0 0
80 757 2.6475 4.9765 6.04147 0.1 0 0 7 7 -0 -0 0 0 3.21143e-322 4.82672e-310 0 0
80 766 2.6475 4.9765 6.04147 0.1 0 0 7 7 -0 -0 0 0 1.58101e-322 4.82787e-310 0 0
80 775 2.6475 4.9765 6.04147 0.1 0 0 7 7 -0 0.0266735 0 0 1.16402e-320 2.76677e-320 0 0
100 208 2.6475 4.9765 6.04147 0.1 0 0 7 7 -0 -0.0266735 0 0 9.4641e-312 4.19731e-311 0 0
100 217 2.6475 4.9765 6.04147 0.1 0 0 7 7 -0 -0 0 0 3.16202e-322 4.82787e-310 0 0
100 226 2.6475 4.9765 6.04147 0.1 0 0 7 7 -0 -0 0 0 1.58101e-322 4.82787e-310 0 0
100 235 2.6475 4.9765 6.04147 0.1 0 0 7 7 -0 -0 0 0 1.16896e-320 3.11459e-320 0 0
100 244 2.6475 4.9765 6.04147 0.1 0 0 7 7 -0 -0 0 0 3.81959e-312 3.22543e-311 0 0
100 253 2.6475 4.9765 6.04147 0.1 0 0 7 7 -0 -0 0 0 2.85076e-321 4.82672e-310 0 0
100 262 2.6475 4.9765 6.04147 0.1 0 0 7 7 -0 -0 0 0 1.58101e-322 4.82787e-310 0 0
100 271 2.6475 4.9765 6.04147 0.1 0 0 7 7 -0 -0 0 0 4.82669e-310 3.46241e-320 0 0
100 280 2.6475 4.9765 6.04147 0.1 0 0 7 7 -0 -0 0 0 4.82672e-310 4.82672e-310 0 0
100 289 2.6475 4.9765 6.04147 0.1 0 0 7 7 0.00689726 0.00384944 0 0 4.82672e-310 4.82672e-310 0 0
100 298 2.6475 4.9765 6.04147 0.1 0 0 7 7 0.00198523 0.0256679 0 0 4.82672e-310 4.82672e-310 0 0
107.684 293.814 2.6475 4.9765 6.04147 0.1 0 0 7 15 -0.020665 0.00258317 0 0 4.82672e-310 4.82672e-310 0 0
117.429 289.602 2.6475 4.9765 6.04147 600 0 784 7 13 0.0170536 -0.00737359 0 0 0.983506 -0.180877 0 0
125.366 286.72 2.6475 4.9765 6.04147 600 0 829 7 15 -0.0111361 0.00437743 0 0 0.998508 -0.0546056 0 0
134.711 282.856 2.6475 4.9765 6.04147 600 0 1370 7 13 0.00928462 -0.00385727 0 0 0.886379 -0.462961 0 0
143.119 279.346 2.6475 4.9765 6.04147 600 0 1415 7 13 -0.000822435 0.000283328 0 0 0.710542 -0.703654 0 0
151.828 275.513 2.6475 4.9765 6.04147 600 0 1460 7 13 -0.000262503 5.62245e-05 0 0 0.783068 -0.621936 0 0
160.425 271.512 2.6475 4.9765 6.04147 600 0 1505 7 13 -0.000321343 9.37971e-05 0 0 0.741946 -0.67046 0 0
168.937 267.313 2.6475 4.9765 6.04147 600 0 1550 7 13 2.25397e-05 -6.97216e-05 0 0 0.730896 -0.682489 0 0
177.299 262.949 2.6475 4.9765 6.04147 600 0 1595 7 13 -0.00103239 0.000511185 0 0 0.621018 -0.783796 0 0
185.63 258.37 2.6475 4.9765 6.04147 600 0 1640 7 13 0.000322967 -0.000211225 0 0 0.619647 -0.784881 0 0
193.764 253.693 2.6475 4.9765 6.04147 600 0 1685 7 13 -0.00139668 0.000804571 0 0 0.60003 -0.799977 0 0
201.95 248.833 2.6475 4.9765 6.04147 600 0 1730 7 13 0.000916284 -0.000563001 0 0 0.728527 -0.685018 0 0
209.914 243.925 2.6475 4.9765 6.04147 600 0 1775 7 13 -0.00114118 0.000696484 0 0 0.685207 -0.728348 0 0
218.079 239.077 2.6475 4.9765 6.04147 600 0 1820 7 13 0.000748152 -0.000490127 0 0 0.666608 -0.745409 0 0
225.78 233.721 2.6475 4.9765 6.04147 600 0 1865 7 13 -0.000434934 0.00030759 0 0 0.589798 -0.807551 0 0
234.532 230.159 2.6475 4.9765 6.04147 600 0 1910 7 13 0.000151566 -0.000190832 0 0 0.63078 -0.775962 0 0
240.657 223.011 2.6475 4.9765 6.04147 600 0 1910 7 13 2.77198e-05 0.00018677 0 0 6.95296e-310 6.95296e-310 0 0
250.069 222.446 2.6475 4.9765 6.04147 600 0 2000 9 13 9.53653e-05 -0.000411523 0 0 0.810344 -0.585954 0 0
255.458 214.705 2.6475 4.9765 6.04147 600 0 2000 9 13 0.000644066 8.64284e-06 0 0 0.810344 -0.585954 0 0
264.087 210.863 2.6475 4.9765 6.04147 600 0 675 8 10 0.00039454 -0.000564154 0 0 0.805786 -0.592206 0 0
254.106 232.64 2.6475 4.9765 6.04147 600 0 1948 7 14 9.43981e-06 -8.40442e-06 0 0 0.881802 -0.47162 0 0
247.07 238.904 2.6475 4.9765 6.04147 600 0 1948 7 14 1.61553e-05 4.49135e-07 0 0 0.856272 -0.516525 0 0
244.339 247.921 2.6475 4.9765 6.04147 600 0 1903 7 14 -6.13464e-06 -3.73194e-06 0 0 0.864455 -0.50271 0 0
237.897 241.047 2.6475 4.9765 6.04147 600 0 1858 7 14 6.63138e-06 -1.48796e-05 0 0 0.920563 -0.390595 0 0
231.296 247.768 2.6475 4.9765 6.04147 600 0 1813 7 14 1.90181e-05 6.30536e-07 0 0 0.882647 -0.470037 0 0
223.13 252.463 2.6475 4.9765 6.04147 600 0 1768 7 14 3.11496e-06 -1.39248e-05 0 0 0.921302 -0.388849 0 0
215.87 258.465 2.6475 4.9765 6.04147 600 0 1723 7 14 7.42627e-06 -3.19228e-06 0 0 0.883572 -0.468295 0 0
208.419 264.228 2.6475 4.9765 6.04147 600 0 1678 7 14 1.15737e-06 -1.00022e-06 0 0 0.799573 -0.600569 0 0
200.976 270 2.6475 4.9765 6.04147 600 0 1633 7 14 -4.10647e-06 -8.83815e-07 0 0 0.863367 -0.504577 0 0
193.808 276.112 2.6475 4.9765 6.04147 600 0 1588 7 14 -3.5751e-06 5.86467e-06 0 0 0.828814 -0.559525 0 0
186.436 281.975 2.6475 4.9765 6.04147 600 0 1543 7 14 -1.9035e-05 -5.7617e-06 0 0 0.800172 -0.599771 0 0
181.187 289.797 2.6475 4.9765 6.04147 600 0 1498 7 14 6.22915e-06 1.08912e-05 0 0 0.831337 -0.555768 0 0
174.305 296.229 2.6475 4.9765 6.04147 600 0 1453 7 14 1.78868e-05 3.38291e-05 0 0 0.772007 -0.635614 0 0
166.735 301.835 2.6475 4.9765 6.04147 600 0 1408 7 14 5.85715e-05 8.4189e-05 0 0 0.835064 -0.550152 0 0
175.379 305.59 2.6475 4.9765 6.04147 600 0 1009 7 15 7.74125e-05 2.11883e-05 0 0 0.921332 -0.388777 0 0
183.626 310.153 2.6475 4.9765 6.04147 600 0 1054 7 13 9.66944e-05 -1.46328e-05 0 0 0.945449 -0.325769 0 0
192.616 312.992 2.6475 4.9765 6.04147 600 0 1099 7 13 9.29231e-05 -3.88294e-05 0 0 0.910708 -0.413051 0 0
201.959 314.267 2.6475 4.9765 6.04147 600 0 1144 7 13 8.35585e-05 -2.61047e-05 0 0 0.972433 -0.233181 0 0
211.376 314.789 2.6475 4.9765 6.04147 600 0 1189 7 13 7.00412e-05 -1.46892e-05 0 0 0.961498 -0.274812 0 0
220.807 314.984 2.6475 4.9765 6.04147 600 0 1234 7 13 5.7622e-05 -5.10891e-06 0 0 0.931207 -0.36449 0 0
230.241 315.079 2.6475 4.9765 6.04147 600 0 1279 7 13 4.29335e-05 4.67663e-06 0 0 0.95688 -0.290485 0 0
239.675 315.236 2.6475 4.9765 6.04147 600 0 1324 7 13 2.84646e-05 1.22405e-05 0 0 0.927903 -0.372821 0 0
249.106 315.562 2.6475 4.9765 6.04147 600 0 1369 7 13 1.33754e-05 1.87356e-05 0 0 0.946256 -0.323419 0 0
258.524 316.141 2.6475 4.9765 6.04147 600 0 1414 7 13 -1.04728e-06 2.23407e-05 0 0 0.972696 -0.232081 0 0
267.919 317.03 2.6475 4.9765 6.04147 600 0 1459 7 13 -1.46761e-05 2.29662e-05 0 0 0.9413 -0.337572 0 0
277.274 318.261 2.6475 4.9765 6.04147 600 0 1504 7 13 -2.67728e-05 2.06663e-05 0 0 0.925884 -0.377809 0 0
286.577 319.841 2.6475 4.9765 6.04147 600 0 1549 7 13 -3.70733e-05 1.57779e-05 0 0 0.898937 -0.438077 0 0
295.816 321.751 2.6475 4.9765 6.04147 600 0 1594 7 13 -4.53825e-05 9.2962e-06 0 0 0.97893 -0.204198 0 0
304.988 323.959 2.6475 4.9765 6.04147 600 0 1639 7 13 -5.1811e-05 2.19223e-06 0 0 0.937214 -0.348755 0 0
314.095 326.418 2.6475 4.9765 6.04147 600 0 1684 7 13 -5.66091e-05 -4.4995e-06 0 0 0.99111 -0.133041 0 0
323.142 329.083 2.6475 4.9765 6.04147 600 0 1729 7 13 -6.00998e-05 -1.01676e-05 0 0 0.966446 -0.25687 0 0
332.139 331.909 2.6475 4.9765 6.04147 600 0 1774 7 13 -6.26045e-05 -1.43034e-05 0 0 0.997897 -0.0648263 0 0
341.09 334.872 2.6475 4.9765 6.04147 600 0 1819 7 13 -6.48582e-05 -1.54003e-05 0 0 0.997646 0.0685704 0 0
349.975 338.023 2.6475 4.9765 6.04147 600 0 1864 7 13 -6.28335e-05 -2.55027e-05 0 0 0.999237 -0.039061 0 0
358.904 341.043 2.6475 4.9765 6.04147 600 0 1909 7 13 -7.45239e-05 7.24714e-06 0 0 0.99421 -0.107454 0 0
366.937 345.97 2.6475 4.9765 6.04147 600 0 1954 7 13 -4.85983e-06 -0.00010595 0 0 0.982367 -0.186961 0 0
375.97 343.286 2.6475 4.9765 6.04147 600 0 1999 7 13 0.000179141 0.00050484 0 0 0.998419 0.0562042 0 0
380.955 351.295 2.6475 4.9765 6.04147 600 0 1999 9 13 0.000639337 0.000220238 0 0 0.999298 0.0374575 0 0
386.629 358.857 2.6475 4.9765 6.04147 0.1 0 1261 8 10 0.000554198 0.000284165 0 0 0.967851 0.251525 1 0
377.601 361.644 2.6475 4.9765 6.04147 600 0 1999 9 14 0.000521735 0.000180767 0 0 0.939498 0.342555 0 0
368.57 364.364 2.6475 4.9765 6.04147 600 0 1999 7 14 0.000401647 -0.000214731 0 0 0.824415 0.565986 0 0
363.468 356.441 2.6475 4.9765 6.04147 600 0 1954 7 14 -2.77239e-05 6.05541e-05 0 0 0.851545 0.524281 0 0
354.274 354.379 2.6475 4.9765 6.04147 600 0 1909 7 14 -9.47705e-06 -1.46924e-05 0 0 0.927519 0.373776 0 0
345.431 351.125 2.6475 4.9765 6.04147 600 0 1864 7 14 -1.17535e-05 -5.10048e-07 0 0 0.862623 0.505847 0 0
336.481 348.176 2.6475 4.9765 6.04147 600 0 1819 7 14 -7.62936e-06 -2.11283e-07 0 0 0.889053 0.457805 0 0
327.475 345.403 2.6475 4.9765 6.04147 600 0 1774 7 14 -3.03857e-06 1.83139e-06 0 0 0.898563 0.438845 0 0
318.407 342.84 2.6475 4.9765 6.04147 600 0 1729 7 14 2.24965e-06 3.76255e-06 0 0 0.943864 0.330334 0 0
309.273 340.524 2.6475 4.9765 6.04147 600 0 1684 7 14 7.85322e-06 5.61851e-06 0 0 0.878327 0.478061 0 0
300.064 338.525 2.6475 4.9765 6.04147 600 0 1639 7 14 1.33779e-05 7.33678e-06 0 0 0.906782 0.4216 0 0
290.768 336.986 2.6475 4.9765 6.04147 600 0 1594 7 14 1.84254e-05 9.08381e-06 0 0 0.924219 0.381862 0 0
281.373 336.268 2.6475 4.9765 6.04147 600 0 1549 7 14 2.29748e-05 7.94956e-06 0 0 0.963564 0.26748 0 0
271.969 336.852 2.6475 4.9765 6.04147 600 0 1504 7 14 2.63602e-05 8.15427e-06 0 0 0.937049 0.349198 0 0
263.875 341.674 2.6475 4.9765 6.04147 600 0 1459 7 15 3.6076e-05 1.97877e-05 0 0 0.960477 0.27836 0 0
254.554 343.033 2.6475 4.9765 6.04147 600 0 1896 7 13 5.03097e-05 0.000108654 0 0 0.915701 0.401861 0 0
260.395 350.429 2.6475 4.9765 6.04147 600 0 1941 7 13 0.00012208 5.34568e-05 0 0 0.819912 0.572489 0 0
267.002 357.154 2.6475 4.9765 6.04147 600 0 1986 7 13 -0.000189178 0.000362004 0 0 0.741532 0.670917 0 0
267.04 366.588 2.6475 4.9765 6.04147 600 0 1986 9 13 0.000389329 0.000361763 0 0 0.726629 0.68703 0 0
266.978 376.037 2.6475 4.9765 6.04147 600 0 187 8 10 0.000227937 0.000360548 0 0 0.698865 0.715253 0 0
258.101 372.777 2.6475 4.9765 6.04147 600 0 1993 9 14 0.000282933 0.000206816 0 0 0.726629 0.68703 0 0
250.841 366.74 2.6475 4.9765 6.04147 600 0 1993 7 14 0.00041552 4.41229e-05 0 0 0.582452 0.812865 0 0
246.502 358.362 2.6475 4.9765 6.04147 600 0 1948 7 14 -0.000150494 0.000332898 0 0 0.787597 0.61619 0 0
237.931 354.426 2.6475 4.9765 6.04147 600 0 1903 7 14 2.61359e-05 -5.84646e-05 0 0 0.728412 0.685139 0 0
229.967 349.371 2.6475 4.9765 6.04147 600 0 1858 7 14 -5.55442e-05 6.74525e-05 0 0 0.845616 0.533791 0 0
221.232 345.812 2.6475 4.9765 6.04147 600 0 1279 7 15 -4.46249e-05 3.91431e-05 0 0 0.980992 0.194046 0 0
212.176 343.172 2.6475 4.9765 6.04147 600 0 1234 7 14 -4.65159e-05 4.66204e-05 0 0 0.994304 0.106583 0 0
202.892 341.498 2.6475 4.9765 6.04147 600 0 1189 7 14 -4.50547e-05 4.44993e-05 0 0 0.988833 0.149028 0 0
193.496 340.646 2.6475 4.9765 6.04147 600 0 1144 7 14 -4.2825e-05 4.00934e-05 0 0 0.974554 0.224154 0 0
184.062 340.45 2.6475 4.9765 6.04147 600 0 1099 7 14 -4.02204e-05 3.68033e-05 0 0 0.99217 0.124899 0 0
174.631 340.784 2.6475 4.9765 6.04147 600 0 1054 7 14 -3.72109e-05 3.13086e-05 0 0 0.96495 0.262432 0 0
165.222 341.516 2.6475 4.9765 6.04147 600 0 1009 7 14 -3.36825e-05 2.75684e-05 0 0 0.988166 0.153386 0 0
155.842 342.562 2.6475 4.9765 6.04147 600 0 964 7 14 -2.98713e-05 2.25214e-05 0 0 0.996428 0.0844481 0 0
146.489 343.839 2.6475 4.9765 6.04147 600 0 919 7 14 -2.55271e-05 1.8754e-05 0 0 0.995284 0.0970067 0 0
137.162 345.291 2.6475 4.9765 6.04147 600 0 874 7 14 -2.09115e-05 1.45686e-05 0 0 0.999566 0.0294652 0 0
127.854 346.868 2.6475 4.9765 6.04147 600 0 829 7 14 -1.59527e-05 1.08093e-05 0 0 0.995214 -0.097716 0 0
118.561 348.534 2.6475 4.9765 6.04147 600 0 784 7 14 -1.07749e-05 7.09547e-06 0 0 0.991302 -0.13161 0 0
109.278 350.254 2.6475 4.9765 6.04147 0.1 0 0 7 15 -5.45905e-06 3.35852e-06 0 0 4.82672e-310 4.82672e-310 0 0
100 352 2.6475 4.9765 6.04147 0.1 0 0 7 7 0.000848942 -0.0268332 0 0 4.82672e-310 4.82672e-310 0 0
100 361 2.6475 4.9765 6.04147 0.1 0 0 7 7 -0 -0 0 0 4.82672e-310 4.82672e-310 0 0
100 370 2.6475 4.9765 6.04147 0.1 0 0 7 7 -0 -0 0 0 4.82672e-310 4.82672e-310 0 0
100 379 2.6475 4.9765 6.04147 0.1 0 0 7 7 -0 -0 0 0 4.82672e-310 4.82672e-310 0 0
100 388 2.6475 4.9765 6.04147 0.1 0 0 7 7 -0 -0 0 0 4.82672e-310 4.82672e-310 0 0
100 397 2.6475 4.9765 6.04147 0.1 0 0 7 7 -0 -0 0 0 4.82672e-310 4.82672e-310 0 0
100 406 2.6475 4.9765 6.04147 0.1 0 0 7 7 -0 -0 0 0 4.82672e-310 4.82672e-310 0 0
100 415 2.6475 4.9765 6.04147 0.1 0 0 7 7 -0 -0 0 0 4.82672e-310 4.82672e-310 0 0
100 424 2.6475 4.9765 6.04147 0.1 0 0 7 7 -0 -0 0 0 4.82672e-310 4.82672e-310 0 0
100 433 2.6475 4.9765 6.04147 0.1 0 0 7 7 -0 -0 0 0 4.82672e-310 4.82672e-310 0 0
100 442 2.6475 4.9765 6.04147 0.1 0 0 7 7 -0 -0 0 0 4.82672e-310 4.82672e-310 0 0
100 451 2.6475 4.9765 6.04147 0.1 0 0 7 7 -0 -0 0 0 4.82672e-310 4.82672e-310 0 0
100 460 2.6475 4.9765 6.04147 0.1 0 0 7 7 -0 -0 0 0 4.82672e-310 4.82672e-310 0 0
100 469 2.6475 4.9765 6.04147 0.1 0 0 7 7 -0 -0 0 0 4.82672e-310 4.82672e-310 0 0
100 478 2.6475 4.9765 6.04147 0.1 0 0 7 7 -0 -0 0 0 4.82672e-310 4.82672e-310 0 0
100 487 2.6475 4.9765 6.04147 0.1 0 0 7 7 -0 -0 0 0 6.42967e-310 0 0 0
100 496 2.6475 4.9765 6.04147 0.1 0 0 7 7 -0 -0 0 0 4.82672e-310 6.32404e-322 0 0
100 505 2.6475 4.9765 6.04147 0.1 0 0 7 7 -0 -0 0 0 1.58101e-322 4.82787e-310 0 0
100 514 2.6475 4.9765 6.04147 0.1 0 0 7 7 -0 -0 0 0 4.82672e-310 0 0 0
100 523 2.6475 4.9765 6.04147 0.1 0 0 7 7 -0 -0 0 0 3.16202e-322 4.82787e-310 0 0
100 532 2.6475 4.9765 6.04147 0.1 0 0 7 7 -0 -0 0 0 4.79571e-312 6.09013e-312 0 0
100 541 2.6475 4.9765 6.04147 0.1 0 0 7 7 -0 -0 0 0 1.74899e-321 4.82672e-310 0 0
100 550 2.6475 4.9765 6.04147 0.1 0 0 7 7 -0 -0 0 0 4.20155e-312 7.57552e-312 0 0
100 559 2.6475 4.9765 6.04147 0.1 0 0 7 7 -0 -0 0 0 1.58101e-322 4.82787e-310 0 0
100 568 2.6475 4.9765 6.04147 0.1 0 0 7 7 -0 -0 0 0 4.98457e-311 3.16202e-322 0 0
100 577 2.6475 4.9765 6.04147 0.1 0 0 7 7 -0 -0 0 0 2.06025e-321 4.82672e-310 0 0
100 586 2.6475 4.9765 6.04147 0.1 0 0 7 7 -0 -0 0 0 4.82672e-310 0 0 0
100 595 2.6475 4.9765 6.04147 0.1 0 0 7 7 -0 -0 0 0 1.58101e-322 4.82787e-310 0 0
100 604 2.6475 4.9765 6.04147 0.1 0 0 7 7 -0 -0 0 0 0 5.05923e-321 0 0
100 613 2.6475 4.9765 6.04147 0.1 0 0 7 7 -0 -0 0 0 1.63042e-322 4.82672e-310 0 0
100 622 2.6475 4.9765 6.04147 0.1 0 0 7 7 -0 -0 0 0 4.50288e-311 4.64293e-311 0 0
100 631 2.6475 4.9765 6.04147 0.1 0 0 7 7 -0 -0 0 0 1.63042e-322 4.82672e-310 0 0
100 640 2.6475 4.9765 6.04147 0.1 0 0 7 7 -0 -0 0 0 4.82672e-310 1.58101e-322 0 0
100 649 2.6475 4.9765 6.04147 0.1 0 0 7 7 -0 -0 0 0 9.53547e-322 4.82672e-310 0 0
100 658 2.6475 4.9765 6.04147 0.1 0 0 7 7 4.14599e-16 0.0266735 0 0 0 1.62844e-320 0 0
109.337 659.252 2.6475 4.9765 6.04147 0.1 0 0 7 15 -1.47451e-16 1.12757e-17 0 0 9.53547e-322 4.82672e-310 0 0
118.476 661.543 2.6475 4.9765 6.04147 600 0 1328 7 13 1.52656e-16 -1.08203e-16 0 0 0.997535 0.0701724 0 0
127.851 660.62 2.6475 4.9765 6.04147 600 0 1373 7 13 -0 5.87638e-17 0 0 0.998318 0.0579705 0 0
137.264 661.018 2.6475 4.9765 6.04147 600 0 1373 7 13 1.56125e-17 2.45897e-16 0 0 0.99912 0.0419376 0 0
145.329 665.887 2.6475 4.9765 6.04147 600 0 97 7 10 0.000182478 8.5837e-05 0 0 0.99966 0.0260931 1 0
143.935 684.676 2.6475 4.9765 6.04147 600 0 1328 7 14 1.28516e-05 1.25905e-06 0 0 0.996409 0.0846653 0 0
144.635 675.282 2.6475 4.9765 6.04147 600 0 1373 7 14 5.34756e-06 6.45007e-07 0 0 0.99912 0.0419376 0 0
152.421 680.585 2.6475 4.9765 6.04147 600 0 1373 7 14 9.58879e-06 -5.27274e-06 0 0 0.903769 0.42802 0 0
153.122 671.19 2.6475 4.9765 6.04147 600 0 968 7 15 2.07364e-06 -5.65251e-06 0 0 0.974904 0.222627 0 0
161.986 674.397 2.6475 4.9765 6.04147 600 0 1013 7 13 -2.26669e-06 1.87977e-06 0 0 0.961018 0.276487 0 0
170.813 677.703 2.6475 4.9765 6.04147 600 0 1058 7 13 1.56531e-06 -1.26317e-05 0 0 0.991215 0.132257 0 0
179.811 680.512 2.6475 4.9765 6.04147 600 0 1103 7 13 -1.73845e-06 -6.99684e-06 0 0 0.989451 0.144871 0 0
188.884 683.065 2.6475 4.9765 6.04147 600 0 1148 7 13 -2.79831e-06 -8.53617e-06 0 0 0.984351 0.176217 0 0
198.041 685.299 2.6475 4.9765 6.04147 600 0 1193 7 13 -3.98081e-06 -9.54675e-06 0 0 0.984028 0.178012 0 0
207.281 687.164 2.6475 4.9765 6.04147 600 0 1238 7 13 -6.5321e-06 -3.62453e-06 0 0 0.999223 -0.0394106 0 0
216.541 688.923 2.6475 4.9765 6.04147 600 0 1283 7 13 -5.44718e-06 -1.60853e-05 0 0 0.975866 0.218372 0 0
225.908 689.967 2.6475 4.9765 6.04147 600 0 1328 7 15 -9.57577e-06 1.02806e-05 0 0 0.966742 0.255752 0 0
235.194 691.579 2.6475 4.9765 6.04147 600 0 1868 7 13 -1.65617e-06 -4.17921e-05 0 0 0.951008 0.309167 0 0
244.604 691.045 2.6475 4.9765 6.04147 600 0 1868 7 13 5.58338e-07 1.60452e-05 0 0 0.998669 0.0515855 0 0
254.025 691.348 2.6475 4.9765 6.04147 600 0 53 7 10 0.00133386 0.000100484 0 0 0.999953 0.00971907 0 0
258.166 699.809 2.6475 4.9765 6.04147 600 0 1861 7 14 1.64385e-06 -8.16948e-07 0 0 0.810985 0.585067 0 0
263.459 692.016 2.6475 4.9765 6.04147 600 0 1508 7 15 3.4695e-07 -1.72376e-06 0 0 0.999846 0.0175262 0 0
272.895 692.661 2.6475 4.9765 6.04147 600 0 1553 7 13 1.21193e-06 -1.06573e-05 0 0 0.960787 0.277287 0 0
282.335 693.24 2.6475 4.9765 6.04147 600 0 1598 7 13 1.94396e-06 -1.79492e-05 0 0 0.998689 -0.0511855 0 0
291.781 693.707 2.6475 4.9765 6.04147 600 0 1643 7 13 2.45153e-06 -2.16381e-05 0 0 0.999882 -0.0153732 0 0
301.233 694.039 2.6475 4.9765 6.04147 600 0 1688 7 13 2.85612e-06 -2.2657e-05 0 0 0.999791 -0.0204553 0 0
310.689 694.23 2.6475 4.9765 6.04147 600 0 1733 7 13 3.24792e-06 -2.18385e-05 0 0 0.999678 0.0253834 0 0
320.147 694.286 2.6475 4.9765 6.04147 600 0 1778 7 13 3.66748e-06 -1.90062e-05 0 0 0.997693 0.0678924 0 0
329.605 694.225 2.6475 4.9765 6.04147 600 0 1823 7 13 4.14877e-06 -1.34736e-05 0 0 0.997663 0.0683271 0 0
339.062 694.08 2.6475 4.9765 6.04147 600 0 1868 7 13 4.70996e-06 -4.85327e-06 0 0 0.999269 -0.0382187 0 0
348.519 693.907 2.6475 4.9765 6.04147 600 0 1913 7 13 5.29512e-06 5.98269e-06 0 0 0.999579 0.029017 0 0
357.976 693.771 2.6475 4.9765 6.04147 600 0 1958 7 13 5.75704e-06 1.61669e-05 0 0 0.996326 -0.0856396 0 0
367.435 693.733 2.6475 4.9765 6.04147 600 0 1958 9 13 5.99878e-06 2.18472e-05 0 0 0.999696 0.0246418 0 0
376.893 693.829 2.6475 4.9765 6.04147 0.1 0 1212 8 10 6.09393e-06 2.2869e-05 0 0 0.999696 0.0246418 0 0
101.434 693.885 2.6475 4.9765 6.04147 600 0 833 7 14 -1.249e-16 -1.2438e-15 0 0 0.978388 0.206777 0 0
107.508 701.086 2.6475 4.9765 6.04147 600 0 833 7 14 -1.43982e-16 5.73326e-16 0 0 0.981363 0.192162 0 0
98.235 702.746 2.6475 4.9765 6.04147 0.1 0 0 7 15 -7.24247e-17 -1.11976e-15 0 0 1.63042e-322 6.42967e-310 0 0
100 712 2.6475 4.9765 6.04147 0.1 0 0 7 7 3.41307e-16 -0.0266735 0 0 6.93893e-312 9.2519e-312 0 0
100 721 2.6475 4.9765 6.04147 0.1 0 0 7 7 -0 -0 0 0 4.79244e-322 4.82672e-310 0 0
100 730 2.6475 4.9765 6.04147 0.1 0 0 7 7 -0 -0 0 0 4.82672e-310 1.58101e-322 0 0
100 739 2.6475 4.9765 6.04147 0.1 0 0 7 7 -0 -0 0 0 2.21835e-321 4.82672e-310 0 0
100 748 2.6475 4.9765 6.04147 0.1 0 0 7 7 -0 -0 0 0 1.0419e-311 3.36761e-311 0 0
100 757 2.6475 4.9765 6.04147 0.1 0 0 7 7 -0 -0 0 0 3.16202e-322 4.82787e-310 0 0
100 766 2.6475 4.9765 6.04147 0.1 0 0 7 7 -0 -0 0 0 3.9554e-311 4.07848e-311 0 0
100 775 2.6475 4.9765 6.04147 0.1 0 0 7 7 -0 -0 0 0 2.53456e-321 4.82672e-310 0 0
100 784 2.6475 4.9765 6.04147 0.1 0 0 7 7 -0 -0 0 0 6.42967e-310 3.16202e-322 0 0
100 793 2.6475 4.9765 6.04147 0.1 0 0 7 7 -0 -0 0 0 9.52064e-321 4.82672e-310 0 0
100 802 2.6475 4.9765 6.04147 0.1 0 0 7 7 -0 0.0266735 0 0 2.71615e-312 3.23392e-311 0 0
662.142 366.626 5.295 9.953 12.0829 0 0 2000 16 -1 -0 -0 0 0 -0.05314 0.998587 22746 385985760
562.701 479.696 5.295 9.953 12.0829 0 0 2000 16 -1 -5.87139e-10 1.12133e-10 0 0 0.99906 -0.0433595 1937 1938
512.443 399.389 5.295 9.953 12.0829 0 0 2000 16 -1 -0 -0 0 0 0.925429 0.37892 22746 524650448
477.539 625.207 5.295 9.953 12.0829 0 0 2000 16 -1 -0 -0 0 0 0.960818 -0.277181 0 129
582.296 567.435 5.295 9.953 12.0829 0 0 2000 16 -1 -0 -0 0 0 0.581521 -0.813532 22746 385985760
573.735 317.016 5.295 9.953 12.0829 0 0 2000 16 -1 -0 -0 0 0 0.720656 0.693293 1825 1951
762.831 396.072 5.295 9.953 12.0829 0 0 2000 16 -1 -0 -0 0 0 -0.3589 0.933376 22751 60
714.767 549.456 5.295 9.953 12.0829 0 0 2000 16 -1 2.33252e-10 6.45157e-10 0 0 -0.794184 -0.607678 2182 513
576.407 515.699 5.295 9.953 12.0829 0 0 2000 16 -1 -0 -0 0 0 0.999853 -0.017123 22746 385985760
624.322 387.128 5.295 9.953 12.0829 0 0 2000 16 -1 -0 -0 0 0 0.015875 0.999874 1760 1959
