591.77 409.196 5.295 9.953 12.0829 0.1 0 193 3 1 -0 -0 0 0 6.95296e-310 6.95296e-310 0 0
596.277 459.103 5.295 9.953 12.0829 0.1 0 97 3 1 -5.32596e-07 -1.66289e-06 0 0 6.95296e-310 6.95296e-310 0 0
575.943 453.11 5.295 9.953 12.0829 0.1 0 92 3 1 -5.57953e-08 -4.11849e-07 0 0 6.95296e-310 6.95296e-310 0 0
578.615 472.83 5.295 9.953 12.0829 0.1 0 88 3 1 6.74291e-08 -1.70738e-08 0 0 6.42967e-310 0 0 0
637.084 398.55 5.295 9.953 12.0829 0.1 0 109 3 1 -1.75611e-06 -8.8425e-07 0 0 6.95296e-310 6.95296e-310 0 0
621.346 421.602 5.295 9.953 12.0829 0.1 0 77 3 1 2.37331e-05 -5.85886e-05 0 0 6.95296e-310 6.95296e-310 0 0
620.522 465.354 5.295 9.953 12.0829 0.1 0 54 3 1 -9.69651e-07 1.35244e-06 0 0 1.58101e-322 4.82787e-310 0 0
654.852 407.496 5.295 9.953 12.0829 0.1 0 92 3 1 1.75611e-06 8.8425e-07 0 0 6.95296e-310 6.95296e-310 0 0
660.837 428.789 5.295 9.953 12.0829 0.1 0 71 3 1 -0 -0 0 0 6.95296e-310 6.95296e-310 0 0
641.202 422.916 5.295 9.953 12.0829 0.1 0 64 3 1 5.09461e-07 3.37138e-08 0 0 6.95296e-310 6.95296e-310 0 0
640.311 471.024 5.295 9.953 12.0829 0.1 0 45 3 1 -1.00143e-06 -9.55848e-07 0 0 4.82672e-310 0 0 0
675.491 415.05 5.295 9.953 12.0829 0.1 0 99 3 1 -1.76159e-10 -2.97489e-10 0 0 6.95296e-310 6.95296e-310 0 0
685.633 432.178 5.295 9.953 12.0829 0.1 0 63 3 1 1.76159e-10 2.97489e-10 0 0 3.21143e-322 4.82672e-310 0 0
708.654 437.757 5.295 9.953 12.0829 0.1 0 87 3 1 -0 -0 0 0 0 0 0 0
587.064 490.848 5.295 9.953 12.0829 0.1 0 65 3 1 1.67999e-07 3.58273e-07 0 0 0 0 0 0
602.345 478.049 5.295 9.953 12.0829 0.1 0 42 3 1 -1.16034e-08 -1.05501e-06 0 0 6.95296e-310 6.95296e-310 0 0
621.834 485.195 5.295 9.953 12.0829 0.1 0 35 3 1 -1.10992e-06 1.08134e-06 0 0 0 0 0 0
673.278 477.692 5.295 9.953 12.0829 0.1 0 44 3 1 -3.47303e-06 9.47054e-06 0 0 6.95296e-310 6.95296e-310 0 0
638.418 496.169 5.295 9.953 12.0829 0.1 0 36 3 1 -1.95251e-06 2.36651e-06 0 0 0 0 0 0
708.623 487.25 5.295 9.953 12.0829 0.1 0 47 3 1 -4.86301e-06 1.75005e-05 0 0 6.95296e-310 6.95296e-310 0 0
654.703 484.761 5.295 9.953 12.0829 0.1 1 2313 0 0 -4.71389e-06 1.37544e-06 0 0 0 0 0 0
794.58 476.756 5.295 9.953 12.0829 0.1 0 66 3 1 5.23603e-06 -7.94137e-06 0 0 0 0 0 0
606.25 497.553 5.295 9.953 12.0829 0.1 0 41 3 1 -1.9075e-06 3.68912e-07 0 0 6.95296e-310 6.95296e-310 0 0
624.186 510.067 5.295 9.953 12.0829 0.1 0 35 3 1 -1.75318e-06 1.71204e-06 0 0 0 0 0 0
652.076 510.627 5.295 9.953 12.0829 0.1 1 1649 0 0 1.93804e-06 -2.24925e-07 0 0 6.95296e-310 6.95296e-310 0 0
638.589 525.248 5.295 9.953 12.0829 0.1 1 3069 0 0 1.25874e-06 -4.85094e-08 0 0 0 0 0 0
688.932 489.94 5.295 9.953 12.0829 0.1 0 41 3 1 -3.55249e-06 5.37526e-06 0 0 6.95296e-310 6.95296e-310 0 0
670.481 497.381 5.295 9.953 12.0829 0.1 1 1364 0 0 -2.00766e-06 4.89675e-06 0 0 0 0 0 0
730.112 498.072 5.295 9.953 12.0829 0.1 0 71 3 1 -1.31452e-09 -6.42043e-09 0 0 6.95296e-310 6.95296e-310 0 0
690.58 509.762 5.295 9.953 12.0829 0.1 1 3500 0 0 2.48242e-07 2.98683e-06 0 0 0 0 0 0
605.342 517.42 5.295 9.953 12.0829 0.1 0 49 3 1 -3.35869e-06 1.40006e-06 0 0 6.95296e-310 6.95296e-310 0 0
619.631 531.253 5.295 9.953 12.0829 0.1 0 44 3 1 2.84478e-07 -5.85226e-07 0 0 4.00421e-311 6.32404e-322 0 0
633.296 545.703 5.295 9.953 12.0829 0.1 0 43 3 1 8.54199e-07 6.81884e-07 0 0 9.53547e-322 4.82672e-310 0 0
670.823 517.278 5.295 9.953 12.0829 0.1 1 2060 0 0 2.2432e-06 1.2339e-06 0 0 6.95296e-310 6.95296e-310 0 0
656.918 532.985 5.295 9.953 12.0829 0.1 0 41 3 1 1.39227e-06 5.87705e-07 0 0 6.42967e-310 2.37152e-321 0 0
712.048 506.814 5.295 9.953 12.0829 0.1 0 80 3 1 2.14235e-06 1.30288e-05 0 0 6.95296e-310 6.95296e-310 0 0
734.105 517.572 5.295 9.953 12.0829 0.1 0 124 3 1 1.31452e-09 6.42043e-09 0 0 6.95296e-310 6.95296e-310 0 0
731.536 538.411 5.295 9.953 12.0829 0.1 0 97 3 1 2.57231e-06 7.47439e-07 0 0 6.95296e-310 6.95296e-310 0 0
715.721 526.348 5.295 9.953 12.0829 0.1 0 63 3 1 -5.10475e-07 8.78169e-06 0 0 9.35266e-321 4.82672e-310 0 0
602.088 540.618 5.295 9.953 12.0829 0.1 0 73 3 1 -9.94596e-07 -1.09463e-06 0 0 6.95296e-310 6.95296e-310 0 0
588.288 554.939 5.295 9.953 12.0829 0.1 0 137 3 1 5.54652e-07 1.98032e-06 0 0 6.95296e-310 6.95296e-310 0 0
614.966 555.806 5.295 9.953 12.0829 0.1 0 76 3 1 -0 -0 0 0 1.26975e-321 4.82672e-310 0 0
632.312 565.574 5.295 9.953 12.0829 0.1 0 87 3 1 -7.11663e-08 1.43732e-06 0 0 6.42967e-310 6.32404e-322 0 0
651.993 552.498 5.295 9.953 12.0829 0.1 0 56 3 1 1.8606e-06 6.76215e-07 0 0 6.95296e-310 6.95296e-310 0 0
680.936 565.8 5.295 9.953 12.0829 0.1 0 61 3 1 -6.27344e-08 1.75564e-07 0 0 6.95296e-310 6.95296e-310 0 0
658.769 583.486 5.295 9.953 12.0829 0.1 0 85 3 1 -1.67855e-05 -2.08426e-05 0 0 6.95296e-310 6.95296e-310 0 0
642.995 595.606 5.295 9.953 12.0829 0.1 0 138 3 1 -1.75511e-06 1.34849e-06 0 0 6.95296e-310 6.95296e-310 0 0
672.452 597.88 5.295 9.953 12.0829 0.1 0 91 3 1 -0.000290313 0.000242862 0 0 6.95296e-310 6.95296e-310 0 0
703.103 599.765 5.295 9.953 12.0829 0.1 0 151 3 1 1.04332e-06 9.5743e-07 0 0 4.82672e-310 1.58101e-322 0 0
687.633 547.059 5.295 9.953 12.0829 0.1 0 50 3 1 6.27344e-08 -1.75564e-07 0 0 6.95296e-310 6.95296e-310 0 0
718.946 574.339 5.295 9.953 12.0829 0.1 0 70 3 1 -3.40282e-07 4.63969e-07 0 0 6.95296e-310 6.95296e-310 0 0
688.441 586.317 5.295 9.953 12.0829 0.1 0 87 3 1 -0.000265026 0.000277766 0 0 6.95296e-310 6.95296e-310 0 0
80 235 2.6475 4.9765 6.04147 0.1 0 0 7 7 -0 -0.0266735 0 0 4.82672e-310 0 0 0
80 244 2.6475 4.9765 6.04147 0.1 0 0 7 7 -0 -0 0 0 3.21143e-322 4.82672e-310 0 0
80 253 2.6475 4.9765 6.04147 0.1 0 0 7 7 -0 -0 0 0 4.82672e-310 3.16202e-322 0 0
80 262 2.6475 4.9765 6.04147 0.1 0 0 7 7 -0 -0 0 0 1.58101e-322 4.82787e-310 0 0
80 271 2.6475 4.9765 6.04147 0.1 0 0 7 7 -0 -0 0 0 4.03179e-313 6.36599e-313 0 0
80 280 2.6475 4.9765 6.04147 0.1 0 0 7 7 -0 -0 0 0 4.60473e-312 4.64717e-312 0 0
80 289 2.6475 4.9765 6.04147 0.1 0 0 7 7 -0 -0 0 0 1.63042e-322 4.82672e-310 0 0
80 298 2.6475 4.9765 6.04147 0.1 0 0 7 7 -0 -0 0 0 4.82672e-310 1.58101e-322 0 0
80 307 2.6475 4.9765 6.04147 0.1 0 0 7 7 -0 -0 0 0 1.58101e-322 4.82787e-310 0 0
80 316 2.6475 4.9765 6.04147 0.1 0 0 7 7 -0 -0 0 0 5.49173e-311 6.32404e-322 0 0
80 325 2.6475 4.9765 6.04147 0.1 0 0 7 7 -0 -0 0 0 1.11165e-321 4.82672e-310 0 0
80 334 2.6475 4.9765 6.04147 0.1 0 0 7 7 -0 -0 0 0 4.82672e-310 0 0 0
80 343 2.6475 4.9765 6.04147 0.1 0 0 7 7 -0 -0 0 0 4.82672e-310 0 0 0
80 352 2.6475 4.9765 6.04147 0.1 0 0 7 7 -0 -0 0 0 1.27963e-321 0 0 0
80 361 2.6475 4.9765 6.04147 0.1 0 0 7 7 -0 -0 0 0 4.82672e-310 1.58101e-322 0 0
80 370 2.6475 4.9765 6.04147 0.1 0 0 7 7 -0 -0 0 0 1.58101e-322 4.82787e-310 0 0
80 379 2.6475 4.9765 6.04147 0.1 0 0 7 7 -0 -0 0 0 4.82672e-310 3.16202e-322 0 0
80 388 2.6475 4.9765 6.04147 0.1 0 0 7 7 -0 -0 0 0 1.90215e-321 4.82672e-310 0 0
80 397 2.6475 4.9765 6.04147 0.1 0 0 7 7 -0 -0 0 0 4.82672e-310 3.16202e-322 0 0
80 406 2.6475 4.9765 6.04147 0.1 0 0 7 7 -0 -0 0 0 1.58101e-322 4.82787e-310 0 0
80 415 2.6475 4.9765 6.04147 0.1 0 0 7 7 -0 -0 0 0 4.82672e-310 0 0 0
80 424 2.6475 4.9765 6.04147 0.1 0 0 7 7 -0 -0 0 0 4.82672e-310 4.82672e-310 0 0
80 433 2.6475 4.9765 6.04147 0.1 0 0 7 7 -0 -0 0 0 4.82672e-310 4.82672e-310 0 0
80 442 2.6475 4.9765 6.04147 0.1 0 0 7 7 -0 -0 0 0 4.82672e-310 4.82672e-310 0 0
80 451 2.6475 4.9765 6.04147 0.1 0 0 7 7 -0 -0 0 0 4.82672e-310 4.82672e-310 0 0
80 460 2.6475 4.9765 6.04147 0.1 0 0 7 7 -0 -0 0 0 4.82672e-310 4.82672e-310 0 0
80 469 2.6475 4.9765 6.04147 0.1 0 0 7 7 -0 -0 0 0 4.82672e-310 4.82672e-310 0 0
80 478 2.6475 4.9765 6.04147 0.1 0 0 7 7 -0 -0 0 0 0 4.82672e-310 0 0
80 487 2.6475 4.9765 6.04147 0.1 0 0 7 7 -0 -0 0 0 -nan 1.26481e-321 0 0
80 496 2.6475 4.9765 6.04147 0.1 0 0 7 7 -0 -0 0 0 4.82672e-310 0 0 0
80 505 2.6475 4.9765 6.04147 0.1 0 0 7 7 -0 -0 0 0 4.82672e-310 4.82672e-310 0 0
80 514 2.6475 4.9765 6.04147 0.1 0 0 7 7 -0 -0 0 0 4.79244e-322 4.82672e-310 0 0
80 523 2.6475 4.9765 6.04147 0.1 0 0 7 7 -0 -0 0 0 4.82672e-310 1.78884e-311 0 0
80 532 2.6475 4.9765 6.04147 0.1 0 0 7 7 -0 -0 0 0 1.63042e-322 4.82672e-310 0 0
80 541 2.6475 4.9765 6.04147 0.1 0 0 7 7 -0 -0 0 0 4.82672e-310 1.58101e-322 0 0
80 550 2.6475 4.9765 6.04147 0.1 0 0 7 7 -0 -0 0 0 4.79244e-322 4.82672e-310 0 0
80 559 2.6475 4.9765 6.04147 0.1 0 0 7 7 -0 -0 0 0 0 4.82672e-310 0 0
80 568 2.6475 4.9765 6.04147 0.1 0 0 7 7 -0 -0 0 0 -nan 1.26481e-321 0 0
80 577 2.6475 4.9765 6.04147 0.1 0 0 7 7 -0 -0 0 0 4.82672e-310 4.82672e-310 0 0
80 586 2.6475 4.9765 6.04147 0.1 0 0 7 7 -0 -0 0 0 4.82672e-310 4.82672e-310 0 0
80 595 2.6475 4.9765 6.04147 0.1 0 0 7 7 -0 -0 0 0 4.82672e-310 4.82672e-310 0 0
80 604 2.6475 4.9765 6.04147 0.1 0 0 7 7 -0 -0 0 0 4.82672e-310 4.82672e-310 0 0
80 613 2.6475 4.9765 6.04147 0.1 0 0 7 7 -0 -0 0 0 4.82672e-310 4.82672e-310 0 0
80 622 2.6475 4.9765 6.04147 0.1 0 0 7 7 -0 -0 0 0 4.82672e-310 4.82672e-310 0 0
80 631 2.6475 4.9765 6.04147 0.1 0 0 7 7 -0 -0 0 0 4.82672e-310 4.82672e-310 0 0
80 640 2.6475 4.9765 6.04147 0.1 0 0 7 7 -0 -0 0 0 4.82672e-310 4.82672e-310 0 0
80 649 2.6475 4.9765 6.04147 0.1 0 0 7 7 -0 -0 0 0 4.82672e-310 4.82672e-310 0 0
80 658 2.6475 4.9765 6.04147 0.1 0 0 7 7 -0 -0 0 0 4.82672e-310 4.82672e-310 0 0
80 667 2.6475 4.9765 6.04147 0.1 0 0 7 7 -0 -0 0 0 4.82672e-310 4.82672e-310 0 0
80 676 2.6475 4.9765 6.04147 0.1 0 0 7 7 -0 -0 0 0 4.82672e-310 4.82672e-310 0 0
80 685 2.6475 4.9765 6.04147 0.1 0 0 7 7 -0 -0 0 0 4.82672e-310 3.16202e-322 0 0
80 694 2.6475 4.9765 6.04147 0.1 0 0 7 7 -0 -0 0 0 6.42965e-310 0 0 0
80 703 2.6475 4.9765 6.04147 0.1 0 0 7 7 -0 -0 0 0 4.82672e-310 2.74798e-311 0 0
80 712 2.6475 4.9765 6.04147 0.1 0 0 7 7 -0 -0 0 0 4.82672e-310 4.07635e-311 0 0
80 721 2.6475 4.9765 6.04147 0.1 0 0 7 7 -0 -0 0 0 9.53547e-322 4.82672e-310 0 0
80 730 2.6475 4.9765 6.04147 0.1 0 0 7 7 -0 -0 0 0 1.58101e-322 1.01185e-320 0 0
80 739 2.6475 4.9765 6.04147 0.1 0 0 7 7 -0 -0 0 0 1.14673e-320 2.41895e-320 0 0
80 748 2.6475 4.9765 6.04147 0.1 0 0 7 7 -0 -0 0 0 4.82672e-310 4.80632e-311 0 0
80 757 2.6475 4.9765 6.04147 0.1 0 0 7 7 -0 -0 0 0 3.21143e-322 4.82672e-310 0 0
80 766 2.6475 4.9765 6.04147 0.1 0 0 7 7 -0 -0 0 0 1.58101e-322 4.82787e-310 0 0
80 775 2.6475 4.9765 6.04147 0.1 0 0 7 7 -0 0.0266735 0 0 1.16402e-320 2.76677e-320 0 0
100 208 2.6475 4.9765 6.04147 0.1 0 0 7 7 -0 -0.0266735 0 0 9.4641e-312 4.19731e-311 0 0
100 217 2.6475 4.9765 6.04147 0.1 0 0 7 7 -0 -0 0 0 3.16202e-322 4.82787e-310 0 0
100 226 2.6475 4.9765 6.04147 0.1 0 0 7 7 -0 -0 0 0 1.58101e-322 4.82787e-310 0 0
100 235 2.6475 4.9765 6.04147 0.1 0 0 7 7 -0 -0 0 0 1.16896e-320 3.11459e-320 0 0
100 244 2.6475 4.9765 6.04147 0.1 0 0 7 7 -0 -0 0 0 3.81959e-312 3.22543e-311 0 0
100 253 2.6475 4.9765 6.04147 0.1 0 0 7 7 -0 -0 0 0 2.85076e-321 4.82672e-310 0 0
100 262 2.6475 4.9765 6.04147 0.1 0 0 7 7 -0 -0 0 0 1.58101e-322 4.82787e-310 0 0
100 271 2.6475 4.9765 6.04147 0.1 0 0 7 7 -0 -0 0 0 4.82669e-310 3.46241e-320 0 0
100 280 2.6475 4.9765 6.04147 0.1 0 0 7 7 -0 -0 0 0 4.82672e-310 4.82672e-310 0 0
100 289 2.6475 4.9765 6.04147 0.1 0 0 7 7 2.0174e-05 1.09112e-05 0 0 4.82672e-310 4.82672e-310 0 0
100 298 2.6475 4.9765 6.04147 0.1 0 0 7 7 0.0006534 0.0263173 0 0 4.82672e-310 4.82672e-310 0 0
108.287 293.482 2.6475 4.9765 6.04147 0.1 0 0 7 15 -3.66906e-10 6.46247e-11 0 0 4.82672e-310 4.82672e-310 0 0
116.686 289.176 2.6475 4.9765 6.04147 600 0 784 7 13 -5.75734e-08 -1.10372e-07 0 0 0.983506 -0.180877 0 0
125.085 284.869 2.6475 4.9765 6.04147 600 0 829 7 15 -1.13537e-07 -2.18341e-07 0 0 0.998508 -0.0546056 0 0
133.483 280.558 2.6475 4.9765 6.04147 600 0 1370 7 13 -1.67069e-07 -3.21486e-07 0 0 0.886379 -0.462961 0 0
141.878 276.244 2.6475 4.9765 6.04147 600 0 1415 7 13 -2.17084e-07 -4.17665e-07 0 0 0.710542 -0.703654 0 0
150.27 271.925 2.6475 4.9765 6.04147 600 0 1460 7 13 -2.62643e-07 -5.05039e-07 0 0 0.783068 -0.621936 0 0
158.66 267.599 2.6475 4.9765 6.04147 600 0 1505 7 13 -3.02984e-07 -5.82134e-07 0 0 0.741946 -0.67046 0 0
167.045 263.266 2.6475 4.9765 6.04147 600 0 1550 7 13 -3.37544e-07 -6.47874e-07 0 0 0.730896 -0.682489 0 0
175.427 258.925 2.6475 4.9765 6.04147 600 0 1595 7 13 -3.65961e-07 -7.016e-07 0 0 0.621018 -0.783796 0 0
183.803 254.575 2.6475 4.9765 6.04147 600 0 1640 7 13 -3.8807e-07 -7.43039e-07 0 0 0.619647 -0.784881 0 0
192.175 250.216 2.6475 4.9765 6.04147 600 0 1685 7 13 -4.03881e-07 -7.72269e-07 0 0 0.60003 -0.799977 0 0
200.542 245.848 2.6475 4.9765 6.04147 600 0 1730 7 13 -4.13551e-07 -7.89655e-07 0 0 0.728527 -0.685018 0 0
208.904 241.469 2.6475 4.9765 6.04147 600 0 1775 7 13 -4.17347e-07 -7.95773e-07 0 0 0.685207 -0.728348 0 0
217.261 237.081 2.6475 4.9765 6.04147 600 0 1820 7 13 -4.1561e-07 -7.91338e-07 0 0 0.666608 -0.745409 0 0
225.612 232.682 2.6475 4.9765 6.04147 600 0 1865 7 13 -4.08718e-07 -7.77126e-07 0 0 0.589798 -0.807551 0 0
233.959 228.274 2.6475 4.9765 6.04147 600 0 1910 7 13 -3.97054e-07 -7.53917e-07 0 0 0.63078 -0.775962 0 0
242.3 223.857 2.6475 4.9765 6.04147 600 0 1910 7 13 -3.80983e-07 -7.22449e-07 0 0 6.95296e-310 6.95296e-310 0 0
250.637 219.43 2.6475 4.9765 6.04147 600 0 2000 7 13 -3.6084e-07 -6.83391e-07 0 0 0.810344 -0.585954 0 0
258.969 214.995 2.6475 4.9765 6.04147 600 0 2045 7 13 -3.36923e-07 -6.3734e-07 0 0 0.811739 -0.58402 0 0
267.297 210.552 2.6475 4.9765 6.04147 600 0 2090 7 13 -3.09505e-07 -5.8483e-07 0 0 0.814796 -0.579747 0 0
275.621 206.102 2.6475 4.9765 6.04147 600 0 2135 7 13 -2.78843e-07 -5.26362e-07 0 0 0.848218 -0.529648 0 0
283.941 201.646 2.6475 4.9765 6.04147 600 0 2180 7 13 -2.452e-07 -4.62438e-07 0 0 0.847969 -0.530045 0 0
292.259 197.183 2.6475 4.9765 6.04147 600 0 2225 7 13 -2.08861e-07 -3.93596e-07 0 0 0.851253 -0.524755 0 0
300.573 192.716 2.6475 4.9765 6.04147 600 0 2270 7 13 -1.70153e-07 -3.2044e-07 0 0 0.868279 -0.496076 0 0
308.886 188.244 2.6475 4.9765 6.04147 600 0 2315 7 15 -1.29454e-07 -2.43667e-07 0 0 0.858417 -0.512953 0 0
317.197 183.77 2.6475 4.9765 6.04147 600 0 2855 7 13 -8.71992e-08 -1.64069e-07 0 0 0.828238 -0.560377 0 0
325.507 179.294 2.6475 4.9765 6.04147 600 0 2855 7 13 -4.38727e-08 -8.25295e-08 0 0 0.863038 -0.505139 0 0
333.816 174.816 2.6475 4.9765 6.04147 600 0 50 7 10 -0.000543353 0.000328325 0 0 0.872509 -0.488598 0 0
340.387 181.567 2.6475 4.9765 6.04147 600 0 2848 7 14 -5.96327e-07 5.74486e-07 0 0 0.872509 -0.488598 0 0
342.951 172.501 2.6475 4.9765 6.04147 600 0 2495 7 15 1.63255e-07 8.14239e-07 0 0 0.921166 -0.389169 0 0
352.116 170.307 2.6475 4.9765 6.04147 600 0 2540 7 13 1.86405e-07 6.99634e-07 0 0 0.948419 -0.31702 0 0
361.293 168.165 2.6475 4.9765 6.04147 600 0 2585 7 13 1.00696e-07 7.84706e-07 0 0 0.940255 -0.340471 0 0
370.484 166.081 2.6475 4.9765 6.04147 600 0 2630 7 13 2.6567e-07 1.10812e-06 0 0 0.976028 -0.217644 0 0
379.693 164.08 2.6475 4.9765 6.04147 600 0 2675 7 13 2.26769e-07 1.54804e-06 0 0 0.913959 -0.405806 0 0
388.926 162.193 2.6475 4.9765 6.04147 600 0 2720 7 13 3.93992e-07 1.84294e-06 0 0 0.882204 -0.470867 0 0
398.186 160.445 2.6475 4.9765 6.04147 600 0 2765 7 13 2.93136e-07 2.02407e-06 0 0 0.968989 -0.247105 0 0
407.473 158.847 2.6475 4.9765 6.04147 600 0 2810 7 13 3.78119e-07 1.97602e-06 0 0 0.946594 -0.322429 0 0
416.785 157.397 2.6475 4.9765 6.04147 600 0 2855 7 15 2.35272e-07 1.75001e-06 0 0 0.970944 -0.239305 0 0
426.116 156.079 2.6475 4.9765 6.04147 600 0 3395 7 13 2.2511e-07 1.29405e-06 0 0 0.994402 -0.10566 0 0
435.46 154.858 2.6475 4.9765 6.04147 600 0 3395 7 13 8.74147e-08 6.93121e-07 0 0 0.996516 -0.0833978 0 0
444.811 153.688 2.6475 4.9765 6.04147 600 0 51 7 10 0.00228353 -0.000239962 0 0 0.996445 -0.0842433 0 0
448.664 145.091 2.6475 4.9765 6.04147 600 0 3388 7 14 1.45952e-06 6.5249e-07 0 0 0.970358 -0.241671 0 0
454.24 152.685 2.6475 4.9765 6.04147 600 0 3035 7 15 1.65572e-07 1.59919e-06 0 0 0.990914 -0.1345 0 0
463.669 151.693 2.6475 4.9765 6.04147 600 0 3080 7 13 2.43101e-07 2.39638e-06 0 0 0.990657 -0.136376 0 0
473.1 150.712 2.6475 4.9765 6.04147 600 0 3125 7 13 2.44425e-07 2.46902e-06 0 0 0.987466 -0.15783 0 0
482.531 149.74 2.6475 4.9765 6.04147 600 0 3170 7 13 1.51971e-07 1.63229e-06 0 0 0.994949 -0.100377 0 0
491.963 148.774 2.6475 4.9765 6.04147 600 0 3215 7 13 -2.8726e-08 -7.21976e-08 0 0 0.993361 -0.115035 0 0
501.395 147.808 2.6475 4.9765 6.04147 600 0 3260 7 13 -2.6616e-07 -2.33062e-06 0 0 0.986436 -0.164147 0 0
510.826 146.832 2.6475 4.9765 6.04147 600 0 3305 7 13 -5.06287e-07 -4.59439e-06 0 0 0.994489 0.104845 0 0
520.256 145.839 2.6475 4.9765 6.04147 600 0 3350 7 13 -6.82602e-07 -6.21165e-06 0 0 0.998422 -0.0561558 0 0
529.682 144.822 2.6475 4.9765 6.04147 600 0 3395 7 15 -7.33006e-07 -6.62392e-06 0 0 0.992837 -0.119481 0 0
539.106 143.778 2.6475 4.9765 6.04147 600 0 3935 7 13 -6.2149e-07 -5.56368e-06 0 0 0.999099 0.0424357 0 0
548.527 142.713 2.6475 4.9765 6.04147 600 0 3935 7 13 -3.57303e-07 -3.17496e-06 0 0 0.97518 -0.221415 0 0
557.947 141.636 2.6475 4.9765 6.04147 600 0 53 7 10 -0.00126656 0.000672511 0 0 0.988882 -0.1487 0 0
559.731 150.886 2.6475 4.9765 6.04147 600 0 3928 7 14 -8.87251e-08 3.7753e-08 0 0 0.988882 -0.1487 0 0
566.872 144.742 2.6475 4.9765 6.04147 600 0 3575 7 15 3.12031e-06 3.1865e-06 0 0 0.993878 0.110482 0 0
575.792 147.862 2.6475 4.9765 6.04147 600 0 3620 7 13 1.92544e-05 -3.38957e-05 0 0 0.989899 0.141772 0 0
584.806 150.702 2.6475 4.9765 6.04147 600 0 3665 7 13 1.53039e-05 -5.72996e-06 0 0 0.991819 0.127651 0 0
593.843 153.468 2.6475 4.9765 6.04147 600 0 3710 7 13 1.49009e-05 4.24093e-06 0 0 0.980372 0.197155 0 0
602.881 156.231 2.6475 4.9765 6.04147 600 0 3755 7 13 1.57043e-05 1.84038e-05 0 0 0.979447 0.201703 0 0
611.89 159.088 2.6475 4.9765 6.04147 600 0 3800 7 13 1.28331e-05 3.47694e-05 0 0 0.967439 0.253104 0 0
620.833 162.148 2.6475 4.9765 6.04147 600 0 3845 7 13 1.60901e-05 3.96603e-05 0 0 0.987115 0.16001 0 0
629.699 165.427 2.6475 4.9765 6.04147 600 0 3890 7 13 1.95657e-06 8.35041e-05 0 0 0.915184 0.403036 0 0
638.364 169.207 2.6475 4.9765 6.04147 600 0 3935 7 13 4.43634e-05 -4.09407e-06 0 0 0.9171 0.398657 0 0
647.086 172.857 2.6475 4.9765 6.04147 600 0 3980 7 13 -2.93315e-05 0.000176052 0 0 0.92944 0.368973 0 0
655.308 177.527 2.6475 4.9765 6.04147 600 0 3980 9 13 5.89614e-05 2.52027e-05 0 0 0.812022 0.583627 0 0
663.553 182.16 2.6475 4.9765 6.04147 600 0 2675 8 10 8.24921e-05 -1.57279e-05 0 0 0.888127 0.459597 0 0
251.025 234.12 2.6475 4.9765 6.04147 600 0 1948 7 14 1.32439e-05 -1.44796e-05 0 0 0.881802 -0.47162 0 0
244.666 241.072 2.6475 4.9765 6.04147 600 0 1948 7 14 -4.62085e-05 4.05393e-05 0 0 0.856272 -0.516525 0 0
240.692 249.613 2.6475 4.9765 6.04147 600 0 1903 7 14 7.8712e-05 -1.6945e-05 0 0 0.864455 -0.50271 0 0
235.282 241.9 2.6475 4.9765 6.04147 600 0 1858 7 14 3.22635e-05 -5.56123e-05 0 0 0.920563 -0.390595 0 0
231.306 250.442 2.6475 4.9765 6.04147 600 0 1813 7 14 -0.0001585 6.07945e-05 0 0 0.882647 -0.470037 0 0
222.032 252.088 2.6475 4.9765 6.04147 600 0 1768 7 14 0.000139709 -0.000103541 0 0 0.921302 -0.388849 0 0
216.82 259.94 2.6475 4.9765 6.04147 600 0 1723 7 14 -0.000235001 0.000179839 0 0 0.883572 -0.468295 0 0
208.45 264.251 2.6475 4.9765 6.04147 600 0 1678 7 14 0.000401087 -0.000310107 0 0 0.799573 -0.600569 0 0
201.695 270.833 2.6475 4.9765 6.04147 600 0 1633 7 14 -0.000501389 0.000654413 0 0 0.863367 -0.504577 0 0
196.654 278.772 2.6475 4.9765 6.04147 600 0 1588 7 14 0.000543552 -0.00117563 0 0 0.828814 -0.559525 0 0
193.457 287.661 2.6475 4.9765 6.04147 600 0 1543 7 14 0.00030242 0.00215872 0 0 0.800172 -0.599771 0 0
196.914 296.37 2.6475 4.9765 6.04147 600 0 1498 7 14 -0.00491731 -0.00284284 0 0 0.831337 -0.555768 0 0
205.96 299.431 2.6475 4.9765 6.04147 600 0 1453 7 14 0.00884866 0.00877793 0 0 0.772007 -0.635614 0 0
204.653 308.668 2.6475 4.9765 6.04147 600 0 1408 7 14 0.00530767 -0.00547613 0 0 0.835064 -0.550152 0 0
213.213 305.128 2.6475 4.9765 6.04147 600 0 1009 7 15 -0.0179413 -0.00297715 0 0 0.921332 -0.388777 0 0
222.798 306.43 2.6475 4.9765 6.04147 600 0 1054 7 13 0.0124597 0.00150962 0 0 0.945449 -0.325769 0 0
232.033 307.301 2.6475 4.9765 6.04147 600 0 1099 7 13 -0.00683356 -0.000519906 0 0 0.910708 -0.413051 0 0
241.545 307.722 2.6475 4.9765 6.04147 600 0 1144 7 13 0.00465104 0.000120985 0 0 0.972433 -0.233181 0 0
250.921 307.767 2.6475 4.9765 6.04147 600 0 1189 7 13 -0.00260037 2.20634e-06 0 0 0.961498 -0.274812 0 0
260.387 307.503 2.6475 4.9765 6.04147 600 0 1234 7 13 0.00180253 -8.67608e-05 0 0 0.931207 -0.36449 0 0
269.788 306.986 2.6475 4.9765 6.04147 600 0 1279 7 13 -0.00100651 4.75178e-05 0 0 0.95688 -0.290485 0 0
279.212 306.252 2.6475 4.9765 6.04147 600 0 1324 7 13 0.000727357 -7.74773e-05 0 0 0.927903 -0.372821 0 0
288.6 305.337 2.6475 4.9765 6.04147 600 0 1369 7 13 -0.000342489 2.12631e-05 0 0 0.946256 -0.323419 0 0
297.986 304.266 2.6475 4.9765 6.04147 600 0 1414 7 13 0.000288798 -4.76384e-05 0 0 0.972696 -0.232081 0 0
307.349 303.063 2.6475 4.9765 6.04147 600 0 1459 7 13 -9.36187e-05 2.09831e-07 0 0 0.9413 -0.337572 0 0
316.702 301.74 2.6475 4.9765 6.04147 600 0 1504 7 13 0.000126557 -2.99942e-05 0 0 0.925884 -0.377809 0 0
326.038 300.312 2.6475 4.9765 6.04147 600 0 1549 7 15 -6.02769e-06 -1.01584e-05 0 0 0.898937 -0.438077 0 0
335.361 298.786 2.6475 4.9765 6.04147 600 0 2308 7 13 6.7649e-05 -2.20825e-05 0 0 0.863324 -0.504649 0 0
344.669 297.171 2.6475 4.9765 6.04147 600 0 2353 7 13 2.25686e-05 -1.45031e-05 0 0 0.830603 -0.556866 0 0
353.964 295.471 2.6475 4.9765 6.04147 600 0 2398 7 13 4.6066e-05 -1.87766e-05 0 0 0.779255 -0.626707 0 0
363.244 293.692 2.6475 4.9765 6.04147 600 0 2443 7 13 3.06631e-05 -1.57184e-05 0 0 0.719513 -0.694479 0 0
372.512 291.839 2.6475 4.9765 6.04147 600 0 2488 7 13 3.74934e-05 -1.65689e-05 0 0 0.77187 -0.635781 0 0
381.767 289.922 2.6475 4.9765 6.04147 600 0 2533 7 13 3.18393e-05 -1.453e-05 0 0 0.755129 -0.655576 0 0
391.011 287.95 2.6475 4.9765 6.04147 600 0 2578 7 13 3.31968e-05 -1.34678e-05 0 0 0.815671 -0.578516 0 0
400.247 285.935 2.6475 4.9765 6.04147 600 0 2623 7 13 3.05828e-05 -1.10233e-05 0 0 0.783612 -0.621251 0 0
409.477 283.89 2.6475 4.9765 6.04147 600 0 2668 7 13 3.00729e-05 -8.58203e-06 0 0 0.868925 -0.494944 0 0
418.706 281.834 2.6475 4.9765 6.04147 600 0 2713 7 13 2.82784e-05 -5.3188e-06 0 0 0.845139 -0.534547 0 0
427.936 279.783 2.6475 4.9765 6.04147 600 0 2758 7 13 2.70214e-05 -1.85761e-06 0 0 0.897429 -0.441159 0 0
437.173 277.758 2.6475 4.9765 6.04147 600 0 2803 7 15 2.52563e-05 1.72847e-06 0 0 0.902092 -0.431544 0 0
446.42 275.777 2.6475 4.9765 6.04147 600 0 3346 7 13 2.34034e-05 4.76566e-06 0 0 0.873686 -0.48649 0 0
455.68 273.854 2.6475 4.9765 6.04147 600 0 3391 7 13 2.16441e-05 9.0079e-06 0 0 0.853321 -0.521386 0 0
464.957 272.012 2.6475 4.9765 6.04147 600 0 3391 7 13 2.42819e-05 3.5464e-05 0 0 6.95296e-310 6.95296e-310 0 0
474.278 270.407 2.6475 4.9765 6.04147 600 0 3436 7 13 1.84145e-05 1.50536e-05 0 0 6.95296e-310 6.95296e-310 0 0
483.618 268.913 2.6475 4.9765 6.04147 600 0 3481 7 13 4.38644e-05 0.000190655 0 0 6.95296e-310 6.95296e-310 0 0
493.072 268.576 2.6475 4.9765 6.04147 600 0 3526 7 13 3.58484e-05 2.11032e-05 0 0 6.95296e-310 6.95296e-310 0 0
502.53 268.372 2.6475 4.9765 6.04147 600 0 3616 7 13 3.61497e-05 6.22175e-05 0 0 0.934806 -0.355159 0 0
511.99 268.527 2.6475 4.9765 6.04147 600 0 3661 7 13 3.07839e-05 5.18191e-05 0 0 0.946756 -0.321952 0 0
521.439 269.021 2.6475 4.9765 6.04147 600 0 3706 7 13 2.41215e-05 6.41048e-05 0 0 0.967611 -0.252446 0 0
530.857 269.947 2.6475 4.9765 6.04147 600 0 3751 7 13 6.02174e-05 8.4461e-05 0 0 0.95916 -0.282863 0 0
540.217 271.345 2.6475 4.9765 6.04147 600 0 3796 7 13 -1.76313e-05 8.40856e-05 0 0 0.99638 -0.0850166 0 0
549.499 273.19 2.6475 4.9765 6.04147 600 0 3841 7 13 -9.274e-05 6.15041e-05 0 0 0.991174 -0.132566 0 0
558.694 275.462 2.6475 4.9765 6.04147 600 0 3886 7 13 0.000543559 0.000291068 0 0 0.997143 0.0755362 0 0
567.718 278.334 2.6475 4.9765 6.04147 600 0 3931 7 13 -7.34647e-05 0.000177061 0 0 0.999894 0.0145837 0 0
576.472 281.943 2.6475 4.9765 6.04147 600 0 3976 7 13 -0.000700797 -6.8128e-05 0 0 0.99989 -0.0148023 0 0
584.718 286.619 2.6475 4.9765 6.04147 600 0 3976 9 13 0.000429602 0.000714124 0 0 0.963652 0.267159 0 0
591.316 293.412 2.6475 4.9765 6.04147 600 0 699 8 10 -0.00088669 0.000363871 0 0 0.882501 0.47031 0 0
582.677 297.317 2.6475 4.9765 6.04147 600 0 3969 9 14 -0.00330396 0.000401784 0 0 0.882501 0.47031 0 0
573.269 298.649 2.6475 4.9765 6.04147 600 0 3969 7 14 0.000166629 0.00538349 0 0 0.877664 0.479276 0 0
565.961 292.541 2.6475 4.9765 6.04147 600 0 3924 7 14 -0.00152522 -0.000755322 0 0 0.924919 0.380164 0 0
558.025 287.515 2.6475 4.9765 6.04147 600 0 3879 7 14 0.00558356 0.00263681 0 0 0.950423 0.31096 0 0
548.999 284.487 2.6475 4.9765 6.04147 600 0 3834 7 14 -0.00608257 -0.00174113 0 0 0.985294 0.17087 0 0
539.921 282.317 2.6475 4.9765 6.04147 600 0 3789 7 14 0.00600647 0.00118667 0 0 0.987707 0.156315 0 0
530.526 280.871 2.6475 4.9765 6.04147 600 0 3744 7 14 -0.00487979 -0.000630181 0 0 0.993642 0.112583 0 0
521.241 279.956 2.6475 4.9765 6.04147 600 0 3699 7 14 0.00543803 0.000390807 0 0 0.999995 0.00330027 0 0
511.728 279.461 2.6475 4.9765 6.04147 600 0 3654 7 14 -0.00784449 -0.000220892 0 0 0.997449 -0.0713805 0 0
502.388 279.356 2.6475 4.9765 6.04147 600 0 3609 7 14 0.00676983 -0.000155743 0 0 0.985542 -0.169432 0 0
492.882 280.153 2.6475 4.9765 6.04147 600 0 3564 7 14 -0.00593418 0.0002704 0 0 0.96577 -0.259398 0 0
483.514 280.317 2.6475 4.9765 6.04147 600 0 3519 7 14 0.00460742 -0.00087043 0 0 0.933723 -0.357997 0 0
475.777 285.99 2.6475 4.9765 6.04147 600 0 3474 7 14 -0.0109215 0.00347111 0 0 0.906202 -0.422844 0 0
467.087 282.963 2.6475 4.9765 6.04147 600 0 3429 7 14 0.0233706 -0.0131741 0 0 0.99334 -0.115217 0 0
459.682 289.472 2.6475 4.9765 6.04147 600 0 3384 7 14 -0.0228149 0.0271078 0 0 0.971318 -0.237785 0 0
468.929 292.162 2.6475 4.9765 6.04147 600 0 2983 7 15 0.0108064 -0.0155671 0 0 0.942242 -0.334934 0 0
486.302 290.952 2.6475 4.9765 6.04147 600 0 3028 13 13 -0.000138359 -0.000513484 0 0 0.922051 -0.387068 0 0
495.723 291.332 2.6475 4.9765 6.04147 600 0 3073 13 13 0.00029049 0.000119958 0 0 0.957522 -0.288361 0 0
504.552 294.623 2.6475 4.9765 6.04147 600 0 3073 13 13 -0.000147143 -5.41477e-05 0 0 6.95296e-310 6.95296e-310 0 0
513.361 297.94 2.6475 4.9765 6.04147 600 0 3163 13 13 -0.000992978 -0.000435979 0 0 0.998125 -0.0612118 0 0
521.977 301.842 2.6475 4.9765 6.04147 600 0 3208 13 13 0.00291489 0.00140797 0 0 0.988888 -0.148661 0 0
530.372 305.995 2.6475 4.9765 6.04147 600 0 3208 13 13 -0.00464957 -0.00240995 0 0 6.95296e-310 6.95296e-310 0 0
538.763 310.506 2.6475 4.9765 6.04147 600 0 3253 13 13 0.0064138 0.00352496 0 0 6.95296e-310 6.95296e-310 0 0
546.9 315.045 2.6475 4.9765 6.04147 600 0 3343 13 13 -0.00808147 -0.00439439 0 0 0.999486 0.0320586 0 0
555.392 319.523 2.6475 4.9765 6.04147 600 0 3388 13 13 0.0112245 0.0034457 0 0 0.983223 0.182406 0 0
562.673 325.236 2.6475 4.9765 6.04147 600 0 3433 13 13 -0.00568698 -0.0118005 0 0 0.994806 0.101792 0 0
569.308 332.199 2.6475 4.9765 6.04147 600 0 3478 13 13 0.00670211 0.00702385 0 0 0.958799 0.284086 0 0
575.696 338.966 2.6475 4.9765 6.04147 600 0 3523 13 13 -0.00594361 -0.00619226 0 0 0.858988 0.511996 0 0
582.373 345.784 2.6475 4.9765 6.04147 600 0 3568 13 13 0.00433319 0.00467265 0 0 0.863333 0.504634 0 0
588.454 352.889 2.6475 4.9765 6.04147 600 0 3613 13 13 -0.00230797 -0.00282798 0 0 0.709751 0.704453 0 0
593.991 360.565 2.6475 4.9765 6.04147 600 0 3658 13 13 0.000788499 0.00109357 0 0 0.737903 0.674907 0 0
599.496 368.198 2.6475 4.9765 6.04147 600 0 3703 13 13 7.77882e-06 0.000166385 0 0 0.536072 0.844172 0 0
603.395 376.78 2.6475 4.9765 6.04147 600 0 3748 13 13 -8.41545e-05 -0.000278567 0 0 0.571029 0.82093 0 0
609.068 384.311 2.6475 4.9765 6.04147 600 0 3793 13 13 -1.82558e-05 -1.20497e-06 0 0 0.433643 0.901085 0 0
611.509 393.413 2.6475 4.9765 6.04147 600 0 3838 13 13 1.87168e-05 -7.38839e-05 0 0 0.383454 0.92356 0 0
617.323 400.829 2.6475 4.9765 6.04147 600 0 3838 13 13 -2.26245e-05 -4.47929e-05 0 0 0.459984 0.887927 0 0
624.567 406.853 2.6475 4.9765 6.04147 600 0 1605 13 10 -3.59058e-05 -2.98533e-05 0 0 0.689716 0.72408 0 0
558.947 338.34 2.6475 4.9765 6.04147 600 0 3471 7 14 -7.94171e-05 -5.852e-06 0 0 0.788195 0.615426 0 0
549.554 337.654 2.6475 4.9765 6.04147 600 0 3471 7 14 0.000234676 0.000426849 0 0 0.749645 0.66184 0 0
546.281 328.805 2.6475 4.9765 6.04147 600 0 3426 7 14 -0.000998314 -0.000969247 0 0 0.792098 0.610394 0 0
538.41 323.69 2.6475 4.9765 6.04147 600 0 3381 7 14 0.00247773 0.00150841 0 0 0.807394 0.590012 0 0
530.236 318.898 2.6475 4.9765 6.04147 600 0 3336 7 14 -0.00402719 -0.00156874 0 0 0.84943 0.527701 0 0
521.195 316.631 2.6475 4.9765 6.04147 600 0 3291 7 14 0.00705627 0.00366227 0 0 0.8829 0.469562 0 0
513.17 311.432 2.6475 4.9765 6.04147 600 0 3246 7 14 -0.0107588 -0.00382673 0 0 0.913166 0.407588 0 0
504.054 310.3 2.6475 4.9765 6.04147 600 0 3201 7 14 0.0195165 0.00179807 0 0 0.914562 0.404446 0 0
494.307 309.48 2.6475 4.9765 6.04147 600 0 3156 7 14 -0.0248201 -0.00719126 0 0 0.949399 0.314073 0 0
489.832 301.397 2.6475 4.9765 6.04147 600 0 3111 7 14 0.00438942 0.0103022 0 0 0.994708 0.102742 0 0
485.12 309.481 2.6475 4.9765 6.04147 600 0 3066 7 14 0.0114945 -0.000946238 0 0 0.955938 0.29357 0 0
480.262 301.287 2.6475 4.9765 6.04147 600 0 3021 7 14 -0.0112387 -0.00256921 0 0 0.977717 0.209927 0 0
471.403 301.686 2.6475 4.9765 6.04147 600 0 2976 7 14 0.0461063 0.0161463 0 0 0.983716 0.17973 0 0
461.595 298.772 2.6475 4.9765 6.04147 600 0 2931 7 14 -0.0512135 -0.0146029 0 0 0.99044 0.137944 0 0
452.928 295.886 2.6475 4.9765 6.04147 600 0 2886 7 14 0.0428572 -0.00760641 0 0 0.999266 0.0383059 0 0
442.96 297.413 2.6475 4.9765 6.04147 600 0 2841 7 14 -0.0416689 0.00593432 0 0 0.999526 -0.0307983 0 0
434.147 298.377 2.6475 4.9765 6.04147 600 0 2796 7 14 0.0279716 -0.000969443 0 0 0.999483 0.0321576 0 0
424.347 298.39 2.6475 4.9765 6.04147 600 0 2751 7 14 -0.0237852 0.00151456 0 0 0.999983 0.00574638 0 0
415.656 301.127 2.6475 4.9765 6.04147 600 0 2706 7 14 0.0110978 -0.00116787 0 0 0.992038 -0.125941 0 0
406.103 300.547 2.6475 4.9765 6.04147 600 0 2661 7 14 -0.00928456 0.000645651 0 0 0.977925 -0.208955 0 0
397.231 303.344 2.6475 4.9765 6.04147 600 0 2616 7 14 0.00637583 -0.00115964 0 0 0.975351 -0.22066 0 0
387.739 303.754 2.6475 4.9765 6.04147 600 0 2571 7 14 -0.0043805 0.000645774 0 0 0.95662 -0.291338 0 0
379.018 307.172 2.6475 4.9765 6.04147 600 0 2526 7 14 0.00214116 -0.000837563 0 0 0.928561 -0.37118 0 0
370.225 310.626 2.6475 4.9765 6.04147 600 0 2481 7 14 -0.00105533 0.000509553 0 0 0.902774 -0.430116 0 0
362.801 316.41 2.6475 4.9765 6.04147 600 0 2436 7 14 9.39919e-05 -0.000134704 0 0 0.922771 -0.385349 0 0
353.981 319.704 2.6475 4.9765 6.04147 600 0 2391 7 14 0.000430016 -0.00123859 0 0 0.851827 -0.523824 0 0
346.553 325.526 2.6475 4.9765 6.04147 600 0 2346 7 14 -0.00136842 -7.48072e-05 0 0 0.86623 -0.499645 0 0
355.324 329.059 2.6475 4.9765 6.04147 600 0 1729 7 15 0.00243662 0.00218896 0 0 0.966446 -0.25687 0 0
363.029 334.385 2.6475 4.9765 6.04147 600 0 1774 7 13 -0.0028684 -0.00246949 0 0 0.997897 -0.0648263 0 0
369.717 341.116 2.6475 4.9765 6.04147 600 0 1819 7 13 0.00389556 0.00291635 0 0 0.997646 0.0685704 0 0
377.772 345.795 2.6475 4.9765 6.04147 600 0 1864 7 13 -0.00718495 -0.00382988 0 0 0.999237 -0.039061 0 0
386.293 350.139 2.6475 4.9765 6.04147 600 0 1909 7 13 0.00951402 0.00509057 0 0 0.99421 -0.107454 0 0
394.179 354.607 2.6475 4.9765 6.04147 600 0 1954 7 13 -0.0246629 -0.0111518 0 0 0.982367 -0.186961 0 0
403.224 358.495 2.6475 4.9765 6.04147 600 0 1999 7 13 0.0280249 0.0135846 0 0 0.998419 0.0562042 0 0
410.86 363.436 2.6475 4.9765 6.04147 600 0 2044 7 13 -0.0244792 -0.00922894 0 0 0.995223 -0.0976253 0 0
420.359 366.04 2.6475 4.9765 6.04147 600 0 2089 7 13 0.023938 0.0177621 0 0 0.996932 -0.0782716 0 0
428.455 370.637 2.6475 4.9765 6.04147 600 0 2134 7 13 -0.025959 -0.00445923 0 0 0.982428 -0.186639 0 0
437.001 374.795 2.6475 4.9765 6.04147 600 0 2179 7 13 -0.00480403 0.0030317 0 0 0.998969 0.0454068 0 0
446.464 376.142 2.6475 4.9765 6.04147 600 0 2224 7 13 0.0248545 0.0109031 0 0 0.998599 0.0529077 0 0
455.863 378.326 2.6475 4.9765 6.04147 600 0 2269 7 13 -0.00884214 0.00972331 0 0 0.999743 -0.022666 0 0
458.045 387.471 2.6475 4.9765 6.04147 600 0 2314 7 13 -0.0394962 -0.00561362 0 0 0.999951 -0.00989107 0 0
468 388.429 2.6475 4.9765 6.04147 600 0 2359 7 13 0.0305617 0.00314916 0 0 0.966884 0.255216 0 0
476.978 389.61 2.6475 4.9765 6.04147 600 0 2404 7 13 -0.0164006 -0.0024436 0 0 0.972813 0.23159 0 0
486.531 391.2 2.6475 4.9765 6.04147 600 0 2449 7 13 0.0150688 0.00272498 0 0 0.979364 0.202106 0 0
495.448 392.967 2.6475 4.9765 6.04147 600 0 2494 7 13 -0.024071 -0.00532277 0 0 0.989041 0.147641 0 0
505.103 395.141 2.6475 4.9765 6.04147 600 0 2539 7 13 0.0333568 0.0045212 0 0 0.976473 0.21564 0 0
513.208 390.733 2.6475 4.9765 6.04147 600 0 2584 7 13 -0.00981159 0.0127376 0 0 0.967813 0.25167 0 0
512.813 399.939 2.6475 4.9765 6.04147 600 0 2629 7 13 -0.0226198 -0.0283303 0 0 0.978999 0.203867 0 0
518.839 407.796 2.6475 4.9765 6.04147 600 0 2674 7 13 0.0156553 0.0184063 0 0 0.945031 0.326982 0 0
527.798 409.888 2.6475 4.9765 6.04147 600 0 2719 7 15 -0.00777585 0.00182223 0 0 0.968925 0.247354 0 0
536.431 405.862 2.6475 4.9765 6.04147 600 0 3260 7 13 0.00326769 -0.00134821 0 0 0.998428 0.0560501 0 0
545.706 407.502 2.6475 4.9765 6.04147 600 0 3260 7 13 -0.000996359 -0.000194106 0 0 0.999569 0.0293653 0 0
555.055 408.951 2.6475 4.9765 6.04147 600 0 52 7 10 -0.00022419 0.000212334 0 0 0.995602 0.0936845 0 0
556.112 418.313 2.6475 4.9765 6.04147 600 0 3253 7 14 -6.48036e-06 7.16179e-07 0 0 0.974652 0.223728 0 0
563.706 412.738 2.6475 4.9765 6.04147 600 0 2899 7 15 -2.40421e-06 6.21565e-06 0 0 0.983255 0.182237 0 0
572.303 416.645 2.6475 4.9765 6.04147 600 0 2944 7 13 3.98775e-06 -7.07461e-06 0 0 0.99461 0.103689 0 0
580.934 420.478 2.6475 4.9765 6.04147 600 0 2989 7 13 1.08981e-06 3.00289e-07 0 0 0.999714 0.0239223 0 0
589.565 424.31 2.6475 4.9765 6.04147 600 0 3034 7 13 3.59957e-06 -4.38343e-06 0 0 0.997788 -0.066474 0 0
598.218 428.091 2.6475 4.9765 6.04147 600 0 3079 7 13 6.72371e-06 -1.04639e-05 0 0 0.97844 -0.20653 0 0
606.92 431.759 2.6475 4.9765 6.04147 600 0 3124 7 13 5.82428e-06 -6.96403e-06 0 0 0.890833 -0.454331 0 0
615.655 435.347 2.6475 4.9765 6.04147 600 0 3169 7 13 2.6691e-05 -5.63658e-05 0 0 0.89735 -0.441319 0 0
624.786 437.757 2.6475 4.9765 6.04147 600 0 3214 7 13 1.45746e-05 -7.5768e-06 0 0 0.451687 -0.892176 0 0
633.945 440.062 2.6475 4.9765 6.04147 600 0 3259 7 13 1.46313e-05 -5.41874e-06 0 0 0.98887 -0.148784 0 0
643.124 442.284 2.6475 4.9765 6.04147 600 0 3304 7 13 1.41253e-05 9.34995e-07 0 0 0.868306 -0.496029 0 0
652.309 444.485 2.6475 4.9765 6.04147 600 0 3349 7 13 1.34657e-05 6.20145e-06 0 0 0.525959 -0.85051 0 0
661.487 446.712 2.6475 4.9765 6.04147 600 0 3394 7 13 1.40347e-05 9.85431e-06 0 0 0.720446 -0.693511 0 0
670.653 448.995 2.6475 4.9765 6.04147 600 0 3439 7 13 1.40319e-05 1.20713e-05 0 0 0.738942 -0.673769 0 0
679.8 451.351 2.6475 4.9765 6.04147 600 0 3484 7 13 1.55283e-05 1.42055e-05 0 0 0.488907 -0.872336 0 0
688.925 453.793 2.6475 4.9765 6.04147 600 0 3529 7 13 1.54577e-05 1.61733e-05 0 0 0.693985 -0.71999 0 0
698.024 456.333 2.6475 4.9765 6.04147 600 0 3574 7 13 1.73541e-05 1.9279e-05 0 0 0.438824 -0.898573 0 0
707.091 458.987 2.6475 4.9765 6.04147 600 0 3619 7 13 1.69176e-05 2.20704e-05 0 0 0.899717 -0.436473 0 0
716.119 461.774 2.6475 4.9765 6.04147 600 0 3664 7 13 1.91372e-05 2.61843e-05 0 0 0.363232 -0.931699 0 0
725.099 464.712 2.6475 4.9765 6.04147 600 0 3709 7 13 1.88375e-05 2.84006e-05 0 0 0.989003 -0.147894 0 0
734.025 467.812 2.6475 4.9765 6.04147 600 0 3754 7 13 2.21491e-05 3.0539e-05 0 0 0.112579 -0.993643 0 0
742.896 471.07 2.6475 4.9765 6.04147 600 0 3799 7 13 2.41348e-05 2.68648e-05 0 0 0.892815 0.450424 0 0
751.722 474.449 2.6475 4.9765 6.04147 600 0 3844 7 13 3.32513e-05 1.41619e-05 0 0 0.927468 0.373902 0 0
760.545 477.838 2.6475 4.9765 6.04147 600 0 3889 7 13 3.97627e-05 -5.15033e-08 0 0 0.997226 0.074436 0 0
769.406 481.13 2.6475 4.9765 6.04147 600 0 3934 7 13 4.96819e-05 -1.63894e-05 0 0 0.966801 0.255532 0 0
778.343 484.213 2.6475 4.9765 6.04147 600 0 3979 7 13 -6.35024e-05 0.000316248 0 0 0.991426 -0.130666 0 0
786.374 489.204 2.6475 4.9765 6.04147 600 0 3979 9 13 9.50424e-05 6.5826e-05 0 0 0.841541 -0.540193 0 0
792.456 496.457 2.6475 4.9765 6.04147 0.1 0 3261 8 10 0.000118717 4.64757e-05 0 0 0.967851 0.251525 1 0
783.582 499.703 2.6475 4.9765 6.04147 600 0 3979 9 14 0.000128212 7.22138e-05 0 0 0.753026 0.657991 0 0
774.207 498.586 2.6475 4.9765 6.04147 600 0 3979 7 14 0.000167106 -0.000267541 0 0 0.881056 0.473013 0 0
765.953 494.008 2.6475 4.9765 6.04147 600 0 3934 7 14 -3.05613e-05 8.55798e-05 0 0 0.915119 0.403183 0 0
757.21 490.453 2.6475 4.9765 6.04147 600 0 3889 7 14 1.34406e-07 4.84488e-06 0 0 0.184082 0.982911 0 0
748.445 486.952 2.6475 4.9765 6.04147 600 0 3844 7 14 2.09982e-06 -3.65917e-06 0 0 -0.157257 0.987558 0 0
739.699 483.401 2.6475 4.9765 6.04147 600 0 3799 7 14 -1.78785e-06 1.70848e-06 0 0 -0.00546188 0.999985 0 0
730.944 479.877 2.6475 4.9765 6.04147 600 0 3754 7 14 -5.02052e-06 6.53702e-06 0 0 0.441143 0.897437 0 0
722.15 476.446 2.6475 4.9765 6.04147 600 0 3709 7 14 -6.3298e-06 7.42409e-06 0 0 -0.0487737 0.99881 0 0
713.316 473.124 2.6475 4.9765 6.04147 600 0 3664 7 14 -1.10554e-05 1.65308e-05 0 0 0.480399 0.87705 0 0
704.228 470.574 2.6475 4.9765 6.04147 600 0 3619 7 14 -7.68001e-06 4.11077e-06 0 0 0.103464 0.994633 0 0
695.12 468.097 2.6475 4.9765 6.04147 600 0 3574 7 14 -8.24845e-06 9.16138e-07 0 0 0.459929 0.887956 0 0
686.002 465.655 2.6475 4.9765 6.04147 600 0 3529 7 14 -7.23155e-06 2.03351e-07 0 0 0.853039 0.521847 0 0
676.877 463.239 2.6475 4.9765 6.04147 600 0 3484 7 14 -1.13345e-05 8.35806e-06 0 0 0.629396 0.777085 0 0
667.648 461.259 2.6475 4.9765 6.04147 600 0 3439 7 14 -7.16609e-06 -1.48907e-06 0 0 0.154845 0.987939 0 0
658.418 459.28 2.6475 4.9765 6.04147 600 0 3394 7 14 -8.94145e-06 -7.35928e-06 0 0 0.181172 0.983451 0 0
649.201 457.24 2.6475 4.9765 6.04147 600 0 3349 7 14 -4.22503e-06 -9.97333e-06 0 0 0.700095 0.714049 0 0
640.007 455.099 2.6475 4.9765 6.04147 600 0 3304 7 14 -8.98143e-06 -1.27658e-05 0 0 0.46801 0.883723 0 0
630.84 452.842 2.6475 4.9765 6.04147 600 0 3259 7 14 -1.71639e-06 -9.28925e-06 0 0 -0.0988025 0.995107 0 0
621.698 450.489 2.6475 4.9765 6.04147 600 0 3214 7 14 -1.41003e-05 -1.69008e-06 0 0 0.441071 0.897472 0 0
612.53 448.235 2.6475 4.9765 6.04147 600 0 3169 7 14 3.53433e-06 -8.34091e-06 0 0 -0.203868 0.978998 0 0
603.387 445.882 2.6475 4.9765 6.04147 600 0 3124 7 14 -1.49484e-05 -1.76961e-05 0 0 0.50294 0.864322 0 0
594.282 443.387 2.6475 4.9765 6.04147 600 0 3079 7 14 1.51753e-05 -1.047e-05 0 0 0.475085 0.87994 0 0
585.219 440.739 2.6475 4.9765 6.04147 600 0 3034 7 14 -2.45557e-05 -2.20471e-05 0 0 0.604007 0.796979 0 0
576.202 437.943 2.6475 4.9765 6.04147 600 0 2989 7 14 3.4806e-05 -2.76095e-06 0 0 0.941812 0.336139 0 0
567.228 435.008 2.6475 4.9765 6.04147 600 0 2944 7 14 -4.70448e-05 -2.93242e-05 0 0 0.946154 0.323718 0 0
558.3 431.94 2.6475 4.9765 6.04147 600 0 2899 7 14 7.55051e-05 1.2632e-05 0 0 0.899445 0.437034 0 0
549.417 428.735 2.6475 4.9765 6.04147 600 0 2854 7 14 -0.000103025 -5.43499e-05 0 0 0.91459 0.404382 0 0
540.595 425.377 2.6475 4.9765 6.04147 600 0 2809 7 14 0.000161127 4.65117e-05 0 0 0.929181 0.369625 0 0
531.831 421.859 2.6475 4.9765 6.04147 600 0 2764 7 14 -0.000195456 -0.00011138 0 0 0.905281 0.424813 0 0
523.195 418.054 2.6475 4.9765 6.04147 600 0 2719 7 14 0.000971417 -0.00141061 0 0 0.818258 0.574851 0 0
513.778 417.332 2.6475 4.9765 6.04147 600 0 2674 7 14 0.000768329 6.84083e-05 0 0 0.836737 0.547605 0 0
504.869 414.151 2.6475 4.9765 6.04147 600 0 2629 7 14 -0.00178173 -0.000648345 0 0 0.828117 0.560555 0 0
496.051 410.947 2.6475 4.9765 6.04147 600 0 2584 7 14 0.00447005 0.00162697 0 0 0.855072 0.518509 0 0
487.103 407.686 2.6475 4.9765 6.04147 600 0 2539 7 14 -0.00682905 -0.00248225 0 0 0.795788 0.605575 0 0
478.295 404.49 2.6475 4.9765 6.04147 600 0 2494 7 14 0.00529482 0.00191502 0 0 0.861803 0.507243 0 0
469.418 401.325 2.6475 4.9765 6.04147 600 0 2449 7 14 0.00340525 0.00114673 0 0 0.784122 0.620607 0 0
460.374 398.228 2.6475 4.9765 6.04147 600 0 2404 7 14 -0.0129425 -0.00527578 0 0 0.955563 0.294786 0 0
452.04 394.706 2.6475 4.9765 6.04147 600 0 2359 7 15 0.0331898 0.0288734 0 0 0.966884 0.255216 0 0
449.11 384.918 2.6475 4.9765 6.04147 600 0 2738 7 13 0.0291592 -0.0682484 0 0 0.973075 0.23049 0 0
442.59 392.202 2.6475 4.9765 6.04147 600 0 49 7 10 -0.035307 0.0297491 0 0 0.664712 0.747099 0 0
434.831 386.795 2.6475 4.9765 6.04147 600 0 2745 7 14 -0.0063503 -0.00357149 0 0 0.928724 0.370773 0 0
426.426 382.773 2.6475 4.9765 6.04147 600 0 2745 7 14 0.00743325 0.00589986 0 0 0.905376 0.424611 0 0
420.416 375.41 2.6475 4.9765 6.04147 600 0 2179 7 15 0.0131785 -0.0175431 0 0 0.887379 0.461041 0 0
410.804 374.871 2.6475 4.9765 6.04147 600 0 2134 7 14 -0.0157025 -0.00318747 0 0 0.804094 0.594502 0 0
402.108 371.773 2.6475 4.9765 6.04147 600 0 2089 7 14 0.015371 0.00492541 0 0 0.858997 0.511981 0 0
392.871 369.054 2.6475 4.9765 6.04147 600 0 2044 7 14 -0.0112269 -0.00357504 0 0 0.896738 0.442562 0 0
384.224 365.688 2.6475 4.9765 6.04147 600 0 1999 7 14 0.00459296 0.00169247 0 0 0.824415 0.565986 0 0
375.219 362.691 2.6475 4.9765 6.04147 600 0 1954 7 14 -0.00293502 -0.000978106 0 0 0.851545 0.524281 0 0
366.312 359.715 2.6475 4.9765 6.04147 600 0 1909 7 14 0.00153644 0.000515767 0 0 0.927519 0.373776 0 0
357.38 356.629 2.6475 4.9765 6.04147 600 0 1864 7 14 -0.000943031 -0.00026977 0 0 0.862623 0.505847 0 0
348.285 354.189 2.6475 4.9765 6.04147 600 0 1819 7 14 0.000629971 0.000159774 0 0 0.889053 0.457805 0 0
339.418 350.961 2.6475 4.9765 6.04147 600 0 1774 7 14 -0.000297015 -2.61646e-05 0 0 0.898563 0.438845 0 0
330.108 349.508 2.6475 4.9765 6.04147 600 0 1729 7 14 0.0002758 1.56238e-05 0 0 0.943864 0.330334 0 0
321.318 346.099 2.6475 4.9765 6.04147 600 0 1684 7 14 -7.06331e-05 4.84174e-05 0 0 0.878327 0.478061 0 0
311.896 346.229 2.6475 4.9765 6.04147 600 0 1639 7 14 0.000120262 -2.63743e-05 0 0 0.906782 0.4216 0 0
302.994 343.137 2.6475 4.9765 6.04147 600 0 1594 7 14 -2.11819e-05 4.30318e-05 0 0 0.924219 0.381862 0 0
293.783 345.12 2.6475 4.9765 6.04147 600 0 1549 7 14 6.05967e-05 -1.26499e-05 0 0 0.963564 0.26748 0 0
284.599 347.225 2.6475 4.9765 6.04147 600 0 1504 7 14 -2.06553e-05 -1.67214e-06 0 0 0.937049 0.349198 0 0
275.224 348.162 2.6475 4.9765 6.04147 600 0 1459 7 15 5.87156e-05 -4.18985e-05 0 0 0.960477 0.27836 0 0
267.93 354.125 2.6475 4.9765 6.04147 600 0 1896 7 13 -3.82262e-05 1.5201e-06 0 0 0.915701 0.401861 0 0
276.741 357.461 2.6475 4.9765 6.04147 600 0 1941 7 13 2.91493e-05 0.00012055 0 0 0.819912 0.572489 0 0
276.746 366.882 2.6475 4.9765 6.04147 600 0 1986 7 13 1.79509e-06 -8.24708e-05 0 0 0.741532 0.670917 0 0
282.107 374.632 2.6475 4.9765 6.04147 600 0 2031 7 13 9.60906e-05 0.000141777 0 0 0.787684 0.616079 0 0
287.393 382.43 2.6475 4.9765 6.04147 600 0 2076 7 13 -7.6307e-05 -0.000107369 0 0 0.864418 0.502773 0 0
292.144 390.572 2.6475 4.9765 6.04147 600 0 2121 7 13 0.000152878 0.000157865 0 0 0.843688 0.536834 0 0
298.428 397.592 2.6475 4.9765 6.04147 600 0 2166 7 13 -0.000129688 -0.000133897 0 0 0.849686 0.527288 0 0
304.009 405.192 2.6475 4.9765 6.04147 600 0 2211 7 13 0.000195046 0.000195305 0 0 0.871254 0.490832 0 0
310.446 412.071 2.6475 4.9765 6.04147 600 0 2256 7 13 -0.000188271 -0.000199433 0 0 0.850925 0.525287 0 0
316.781 419.059 2.6475 4.9765 6.04147 600 0 2301 7 13 0.000259938 0.000250658 0 0 0.902262 0.431188 0 0
323.485 425.677 2.6475 4.9765 6.04147 600 0 2346 7 13 -0.000289931 -0.00028689 0 0 0.875108 0.483927 0 0
330.299 432.201 2.6475 4.9765 6.04147 600 0 2391 7 13 0.000355883 0.000317572 0 0 0.910057 0.414482 0 0
337.314 438.487 2.6475 4.9765 6.04147 600 0 2436 7 13 -0.000413491 -0.000368767 0 0 0.854256 0.519853 0 0
344.512 444.587 2.6475 4.9765 6.04147 600 0 2481 7 13 0.000452759 0.000345093 0 0 0.884469 0.4666 0 0
352.028 450.26 2.6475 4.9765 6.04147 600 0 2526 7 13 -0.000498273 -0.000373879 0 0 0.919907 0.392136 0 0
359.656 455.811 2.6475 4.9765 6.04147 600 0 2571 7 13 0.000386533 0.000373251 0 0 0.914183 0.405302 0 0
366.221 462.562 2.6475 4.9765 6.04147 600 0 2616 7 15 -0.000138563 -0.000574298 0 0 0.931991 0.362481 0 0
374.883 466.285 2.6475 4.9765 6.04147 600 0 3119 7 13 0.000107828 0.000125172 0 0 0.974891 0.222682 0 0
381.241 473.239 2.6475 4.9765 6.04147 600 0 0 7 10 0.00194391 0.000522134 0 0 0.981635 0.19077 0 0
389.96 476.946 2.6475 4.9765 6.04147 600 0 3119 7 14 0.000243694 -0.000462303 0 0 0.965096 0.261897 0 0
398.808 480.335 2.6475 4.9765 6.04147 600 0 2796 7 15 0.000157806 -0.000230553 0 0 0.984372 0.176102 0 0
407.547 483.992 2.6475 4.9765 6.04147 600 0 2841 7 13 -9.61579e-06 -8.03515e-05 0 0 0.963096 0.26916 0 0
416.404 487.356 2.6475 4.9765 6.04147 600 0 2886 7 13 3.49317e-05 -1.95831e-05 0 0 0.959843 0.280538 0 0
425.307 490.593 2.6475 4.9765 6.04147 600 0 2931 7 13 -1.2384e-05 -3.1088e-05 0 0 0.994159 0.107925 0 0
434.249 493.726 2.6475 4.9765 6.04147 600 0 2976 7 13 2.29744e-05 -2.31451e-05 0 0 0.987848 0.155424 0 0
443.231 496.736 2.6475 4.9765 6.04147 600 0 3021 7 13 -3.62769e-06 -3.78177e-05 0 0 0.979184 0.202976 0 0
452.262 499.6 2.6475 4.9765 6.04147 600 0 3066 7 13 2.33038e-05 -3.45437e-05 0 0 0.99821 0.0597989 0 0
461.345 502.295 2.6475 4.9765 6.04147 600 0 3111 7 13 -2.38171e-06 -4.67073e-05 0 0 0.999721 0.0236182 0 0
470.441 499.738 2.6475 4.9765 6.04147 600 0 3156 7 13 1.7126e-05 -4.8823e-05 0 0 0.996057 0.088712 0 0
468.156 508.849 2.6475 4.9765 6.04147 600 0 3201 7 13 1.96873e-05 -4.11718e-05 0 0 0.994527 0.104484 0 0
477.253 506.286 2.6475 4.9765 6.04147 600 0 3246 7 13 7.20415e-06 -5.14684e-05 0 0 0.997948 0.0640308 0 0
486.541 508.156 2.6475 4.9765 6.04147 600 0 3291 7 13 1.8362e-05 -5.39542e-05 0 0 0.991034 -0.133607 0 0
495.875 509.781 2.6475 4.9765 6.04147 600 0 3336 7 13 4.27736e-06 -6.13411e-05 0 0 0.997112 -0.0759447 0 0
505.251 511.139 2.6475 4.9765 6.04147 600 0 3381 7 13 2.90972e-05 -6.30783e-05 0 0 0.991348 -0.131258 0 0
514.664 512.208 2.6475 4.9765 6.04147 600 0 3426 7 13 -5.17259e-05 -7.53008e-05 0 0 0.994169 -0.107838 0 0
524.108 512.968 2.6475 4.9765 6.04147 600 0 3471 7 13 1.3887e-05 -7.12379e-05 0 0 0.997689 -0.0679486 0 0
533.572 513.406 2.6475 4.9765 6.04147 600 0 3516 7 13 0.000103874 -7.11161e-05 0 0 0.975423 -0.220343 0 0
543.045 513.521 2.6475 4.9765 6.04147 600 0 3561 7 13 -8.6144e-05 -6.94285e-05 0 0 0.989365 -0.145453 0 0
552.49 513.333 2.6475 4.9765 6.04147 600 0 3606 7 13 -0.00202628 3.30614e-05 0 0 0.982527 -0.186121 0 0
561.948 512.606 2.6475 4.9765 6.04147 600 0 3651 7 13 0.00339751 0.00901955 0 0 0.969359 -0.245647 0 0
564.63 521.629 2.6475 4.9765 6.04147 600 0 3696 7 13 -0.0140054 -0.0166981 0 0 0.990191 0.139718 0 0
572.926 526.966 2.6475 4.9765 6.04147 600 0 3741 7 13 0.0157414 0.0334967 0 0 0.982604 -0.185714 0 0
569.099 535.598 2.6475 4.9765 6.04147 600 0 3786 7 13 0.0140488 -0.0109853 0 0 0.901084 0.433644 0 0
578.667 534.889 2.6475 4.9765 6.04147 600 0 3831 7 13 -0.0271034 -0.00831435 0 0 0.94195 0.335752 0 0
588.349 533.623 2.6475 4.9765 6.04147 600 0 3876 7 13 0.0269868 0.00738241 0 0 0.97042 0.241422 0 0
582.208 525.891 2.6475 4.9765 6.04147 600 0 3921 7 13 -0.0418098 -0.00429931 0 0 0.959673 0.281117 0 0
592.083 524.955 2.6475 4.9765 6.04147 600 0 3966 7 13 0.0215528 0.00218281 0 0 0.958443 0.285284 0 0
590.037 515.662 2.6475 4.9765 6.04147 600 0 3966 9 13 -0.00537551 -0.00785876 0 0 0.829817 -0.558035 0 0
588.741 506.464 2.6475 4.9765 6.04147 600 0 2187 8 10 -0.00456105 0.00544441 0 0 0.941395 -0.337306 0 0
573.841 551.225 2.6475 4.9765 6.04147 600 0 3703 7 14 3.33056e-05 2.82866e-06 0 0 0.989274 0.146072 0 0
564.466 550.298 2.6475 4.9765 6.04147 600 0 3658 7 14 3.23941e-05 0.000129145 0 0 0.99666 0.0816667 0 0
560.094 541.96 2.6475 4.9765 6.04147 600 0 3613 7 14 -0.00329513 0.00207179 0 0 0.991129 0.132906 0 0
550.962 539.809 2.6475 4.9765 6.04147 600 0 3613 7 14 0.000296256 0.00014723 0 0 0.990691 0.136131 0 0
542.84 535.033 2.6475 4.9765 6.04147 600 0 3568 7 14 -0.000208605 -0.000130728 0 0 0.999909 -0.0134723 0 0
533.456 535.835 2.6475 4.9765 6.04147 600 0 3523 7 14 -1.58369e-05 3.86232e-07 0 0 0.99848 0.0551134 0 0
524.157 534.324 2.6475 4.9765 6.04147 600 0 3478 7 14 8.27424e-06 9.10893e-07 0 0 0.99343 0.114441 0 0
514.755 533.726 2.6475 4.9765 6.04147 600 0 3433 7 14 4.52227e-06 1.02877e-07 0 0 0.978731 0.205148 0 0
505.343 533.323 2.6475 4.9765 6.04147 600 0 3388 7 14 -1.08366e-05 -5.19919e-07 0 0 0.991198 0.132387 0 0
495.947 532.649 2.6475 4.9765 6.04147 600 0 3343 7 14 9.56788e-06 -5.18884e-07 0 0 0.95217 0.305568 0 0
486.56 533.457 2.6475 4.9765 6.04147 600 0 3298 7 15 -6.25973e-06 -8.1012e-07 0 0 0.96603 0.258429 0 0
481.701 525.386 2.6475 4.9765 6.04147 600 0 3652 7 13 7.87201e-07 1.55618e-06 0 0 0.89964 0.436632 0 0
477.141 533.63 2.6475 4.9765 6.04147 600 0 54 7 10 0.00935318 0.00453234 0 0 0.89964 0.436632 0 0
468.599 529.491 2.6475 4.9765 6.04147 600 0 3659 7 14 -0.0179182 -0.00870214 0 0 0.907824 0.41935 0 0
460.378 525.489 2.6475 4.9765 6.04147 600 0 3659 7 14 0.0308029 0.0151186 0 0 0.807372 0.590043 0 0
451.453 521.095 2.6475 4.9765 6.04147 600 0 3118 7 15 -0.0307579 -0.0152099 0 0 0.918058 0.396446 0 0
443.435 517.085 2.6475 4.9765 6.04147 600 0 3073 7 14 0.0295793 0.0150122 0 0 0.929484 0.368862 0 0
434.598 512.573 2.6475 4.9765 6.04147 600 0 3028 7 14 -0.0289337 -0.0148709 0 0 0.799597 0.600537 0 0
426.633 508.404 2.6475 4.9765 6.04147 600 0 2983 7 14 0.021048 0.0112003 0 0 0.83974 0.542989 0 0
418.021 503.774 2.6475 4.9765 6.04147 600 0 2938 7 14 -0.0197698 -0.010837 0 0 0.746293 0.665618 0 0
410.089 499.249 2.6475 4.9765 6.04147 600 0 2893 7 14 0.0147871 0.0083466 0 0 0.809352 0.587324 0 0
401.659 494.511 2.6475 4.9765 6.04147 600 0 2848 7 14 -0.0126019 -0.00812169 0 0 0.811241 0.584712 0 0
394.474 488.708 2.6475 4.9765 6.04147 600 0 2803 7 14 0.0091709 0.00570529 0 0 0.773537 0.633751 0 0
385.523 485.275 2.6475 4.9765 6.04147 600 0 2758 7 14 -0.00925311 -0.00323891 0 0 0.644924 0.764246 0 0
376.962 481.633 2.6475 4.9765 6.04147 600 0 2713 7 14 0.00688333 0.00399361 0 0 0.692837 0.721094 0 0
369.197 476.067 2.6475 4.9765 6.04147 600 0 2668 7 14 -0.00613456 -0.00433084 0 0 0.74778 0.663947 0 0
361.53 470.744 2.6475 4.9765 6.04147 600 0 2623 7 14 0.00535681 0.00410384 0 0 0.804946 0.593349 0 0
353.713 465.279 2.6475 4.9765 6.04147 600 0 2578 7 14 -0.00514615 -0.00368231 0 0 0.669657 0.742671 0 0
346.154 459.77 2.6475 4.9765 6.04147 600 0 2533 7 14 0.00455888 0.00332141 0 0 0.54127 0.840849 0 0
338.458 454.164 2.6475 4.9765 6.04147 600 0 2488 7 14 -0.00418355 -0.00305636 0 0 0.690352 0.723473 0 0
330.896 448.629 2.6475 4.9765 6.04147 600 0 2443 7 14 0.00362604 0.00265276 0 0 0.560153 0.828389 0 0
323.221 443.021 2.6475 4.9765 6.04147 600 0 2398 7 14 -0.00322747 -0.00235356 0 0 0.614826 0.788663 0 0
315.633 437.493 2.6475 4.9765 6.04147 600 0 2353 7 14 0.00270621 0.00196888 0 0 0.679587 0.733595 0 0
307.946 431.928 2.6475 4.9765 6.04147 600 0 2308 7 14 -0.00235704 -0.00169268 0 0 0.495883 0.86839 0 0
300.301 426.452 2.6475 4.9765 6.04147 600 0 2263 7 14 0.00194535 0.00139176 0 0 0.640344 0.768088 0 0
292.557 420.991 2.6475 4.9765 6.04147 600 0 2218 7 14 -0.0016929 -0.00117077 0 0 0.56653 0.824041 0 0
284.807 415.642 2.6475 4.9765 6.04147 600 0 2173 7 14 0.00141175 0.000976856 0 0 0.599748 0.800189 0 0
276.946 410.366 2.6475 4.9765 6.04147 600 0 2128 7 14 -0.00124946 -0.000807897 0 0 0.653264 0.75713 0 0
269.041 405.236 2.6475 4.9765 6.04147 600 0 2083 7 14 0.00107629 0.000706515 0 0 0.643871 0.765134 0 0
261.007 400.239 2.6475 4.9765 6.04147 600 0 2038 7 14 -0.000975145 -0.000569221 0 0 0.528516 0.848924 0 0
252.897 395.432 2.6475 4.9765 6.04147 600 0 1993 7 14 0.000881853 0.000535868 0 0 0.582452 0.812865 0 0
244.643 390.814 2.6475 4.9765 6.04147 600 0 1948 7 14 -0.000814125 -0.000413727 0 0 0.787597 0.61619 0 0
236.293 386.432 2.6475 4.9765 6.04147 600 0 1903 7 14 0.000786231 0.000428629 0 0 0.728412 0.685139 0 0
227.794 382.291 2.6475 4.9765 6.04147 600 0 1858 7 14 -0.000734302 -0.000314538 0 0 0.845616 0.533791 0 0
219.194 378.423 2.6475 4.9765 6.04147 600 0 1279 7 15 0.000773605 0.0003632 0 0 0.980992 0.194046 0 0
210.449 374.836 2.6475 4.9765 6.04147 600 0 1234 7 14 -0.000730632 -0.000257524 0 0 0.994304 0.106583 0 0
201.615 371.546 2.6475 4.9765 6.04147 600 0 1189 7 14 0.000847315 0.000325704 0 0 0.988833 0.149028 0 0
192.65 368.553 2.6475 4.9765 6.04147 600 0 1144 7 14 -0.000812645 -0.000231894 0 0 0.974554 0.224154 0 0
183.618 365.868 2.6475 4.9765 6.04147 600 0 1099 7 14 0.00100509 0.000301403 0 0 0.99217 0.124899 0 0
174.479 363.465 2.6475 4.9765 6.04147 600 0 1054 7 14 -0.000969555 -0.000220592 0 0 0.96495 0.262432 0 0
165.302 361.354 2.6475 4.9765 6.04147 600 0 1009 7 14 0.00119254 0.000270031 0 0 0.988166 0.153386 0 0
156.038 359.489 2.6475 4.9765 6.04147 600 0 964 7 14 -0.00111602 -0.000198754 0 0 0.996428 0.0844481 0 0
146.767 357.871 2.6475 4.9765 6.04147 600 0 919 7 14 0.00126149 0.000213816 0 0 0.995284 0.0970067 0 0
137.429 356.443 2.6475 4.9765 6.04147 600 0 874 7 14 -0.00107482 -0.000149607 0 0 0.999566 0.0294652 0 0
128.102 355.193 2.6475 4.9765 6.04147 600 0 829 7 14 0.00101781 0.000133195 0 0 0.995214 -0.097716 0 0
118.731 354.063 2.6475 4.9765 6.04147 600 0 784 7 14 -0.000685874 -7.79296e-05 0 0 0.991302 -0.13161 0 0
109.371 353.034 2.6475 4.9765 6.04147 0.1 0 0 7 15 0.000397292 4.36499e-05 0 0 4.82672e-310 4.82672e-310 0 0
100 352 2.6475 4.9765 6.04147 0.1 0 0 7 7 5.11259e-05 -0.0266679 0 0 4.82672e-310 4.82672e-310 0 0
100 361 2.6475 4.9765 6.04147 0.1 0 0 7 7 -0 -0 0 0 4.82672e-310 4.82672e-310 0 0
100 370 2.6475 4.9765 6.04147 0.1 0 0 7 7 -0 -0 0 0 4.82672e-310 4.82672e-310 0 0
100 379 2.6475 4.9765 6.04147 0.1 0 0 7 7 -0 -0 0 0 4.82672e-310 4.82672e-310 0 0
100 388 2.6475 4.9765 6.04147 0.1 0 0 7 7 -0 -0 0 0 4.82672e-310 4.82672e-310 0 0
100 397 2.6475 4.9765 6.04147 0.1 0 0 7 7 -0 -0 0 0 4.82672e-310 4.82672e-310 0 0
100 406 2.6475 4.9765 6.04147 0.1 0 0 7 7 -0 -0 0 0 4.82672e-310 4.82672e-310 0 0
100 415 2.6475 4.9765 6.04147 0.1 0 0 7 7 -0 -0 0 0 4.82672e-310 4.82672e-310 0 0
100 424 2.6475 4.9765 6.04147 0.1 0 0 7 7 -0 -0 0 0 4.82672e-310 4.82672e-310 0 0
100 433 2.6475 4.9765 6.04147 0.1 0 0 7 7 -0 -0 0 0 4.82672e-310 4.82672e-310 0 0
100 442 2.6475 4.9765 6.04147 0.1 0 0 7 7 -0 -0 0 0 4.82672e-310 4.82672e-310 0 0
100 451 2.6475 4.9765 6.04147 0.1 0 0 7 7 -0 -0 0 0 4.82672e-310 4.82672e-310 0 0
100 460 2.6475 4.9765 6.04147 0.1 0 0 7 7 -0 -0 0 0 4.82672e-310 4.82672e-310 0 0
100 469 2.6475 4.9765 6.04147 0.1 0 0 7 7 -0 -0 0 0 4.82672e-310 4.82672e-310 0 0
100 478 2.6475 4.9765 6.04147 0.1 0 0 7 7 -0 -0 0 0 4.82672e-310 4.82672e-310 0 0
100 487 2.6475 4.9765 6.04147 0.1 0 0 7 7 -0 -0 0 0 6.42967e-310 0 0 0
100 496 2.6475 4.9765 6.04147 0.1 0 0 7 7 -0 -0 0 0 4.82672e-310 6.32404e-322 0 0
100 505 2.6475 4.9765 6.04147 0.1 0 0 7 7 -0 -0 0 0 1.58101e-322 4.82787e-310 0 0
100 514 2.6475 4.9765 6.04147 0.1 0 0 7 7 -0 -0 0 0 4.82672e-310 0 0 0
100 523 2.6475 4.9765 6.04147 0.1 0 0 7 7 -0 -0 0 0 3.16202e-322 4.82787e-310 0 0
100 532 2.6475 4.9765 6.04147 0.1 0 0 7 7 -0 -0 0 0 4.79571e-312 6.09013e-312 0 0
100 541 2.6475 4.9765 6.04147 0.1 0 0 7 7 -0 -0 0 0 1.74899e-321 4.82672e-310 0 0
100 550 2.6475 4.9765 6.04147 0.1 0 0 7 7 -0 -0 0 0 4.20155e-312 7.57552e-312 0 0
100 559 2.6475 4.9765 6.04147 0.1 0 0 7 7 -0 -0 0 0 1.58101e-322 4.82787e-310 0 0
100 568 2.6475 4.9765 6.04147 0.1 0 0 7 7 -0 -0 0 0 4.98457e-311 3.16202e-322 0 0
100 577 2.6475 4.9765 6.04147 0.1 0 0 7 7 -0 -0 0 0 2.06025e-321 4.82672e-310 0 0
100 586 2.6475 4.9765 6.04147 0.1 0 0 7 7 -0 -0 0 0 4.82672e-310 0 0 0
100 595 2.6475 4.9765 6.04147 0.1 0 0 7 7 -0 -0 0 0 1.58101e-322 4.82787e-310 0 0
100 604 2.6475 4.9765 6.04147 0.1 0 0 7 7 -0 -0 0 0 0 5.05923e-321 0 0
100 613 2.6475 4.9765 6.04147 0.1 0 0 7 7 -0 -0 0 0 1.63042e-322 4.82672e-310 0 0
100 622 2.6475 4.9765 6.04147 0.1 0 0 7 7 -0 -0 0 0 4.50288e-311 4.64293e-311 0 0
100 631 2.6475 4.9765 6.04147 0.1 0 0 7 7 -0 -0 0 0 1.63042e-322 4.82672e-310 0 0
100 640 2.6475 4.9765 6.04147 0.1 0 0 7 7 -0 -0 0 0 4.82672e-310 1.58101e-322 0 0
100 649 2.6475 4.9765 6.04147 0.1 0 0 7 7 -0 -0 0 0 9.53547e-322 4.82672e-310 0 0
100 658 2.6475 4.9765 6.04147 0.1 0 0 7 7 4.14599e-16 0.0266735 0 0 0 1.62844e-320 0 0
109.337 659.252 2.6475 4.9765 6.04147 0.1 0 0 7 15 -1.47451e-16 1.12757e-17 0 0 9.53547e-322 4.82672e-310 0 0
118.476 661.543 2.6475 4.9765 6.04147 600 0 1328 7 13 1.52656e-16 -1.08203e-16 0 0 0.997535 0.0701724 0 0
127.851 660.62 2.6475 4.9765 6.04147 600 0 1373 7 13 -0 5.87638e-17 0 0 0.998318 0.0579705 0 0
137.264 661.018 2.6475 4.9765 6.04147 600 0 1373 7 13 1.56125e-17 2.45897e-16 0 0 0.99912 0.0419376 0 0
145.329 665.887 2.6475 4.9765 6.04147 600 0 97 7 10 3.78299e-05 3.65273e-06 0 0 0.99966 0.0260931 1 0
144.32 684.702 2.6475 4.9765 6.04147 600 0 1328 7 14 6.67229e-06 -1.22431e-05 0 0 0.996409 0.0846653 0 0
144.825 675.295 2.6475 4.9765 6.04147 600 0 1373 7 14 -2.3139e-05 3.23297e-05 0 0 0.99912 0.0419376 0 0
152.719 680.436 2.6475 4.9765 6.04147 600 0 1373 7 14 1.37415e-06 -4.61521e-06 0 0 0.903769 0.42802 0 0
153.226 671.028 2.6475 4.9765 6.04147 600 0 968 7 15 8.36035e-05 1.45367e-05 0 0 0.974904 0.222627 0 0
162.207 673.872 2.6475 4.9765 6.04147 600 0 1013 7 13 -9.22584e-05 -2.71316e-05 0 0 0.961018 0.276487 0 0
170.757 677.835 2.6475 4.9765 6.04147 600 0 1058 7 13 0.000101859 1.88665e-05 0 0 0.991215 0.132257 0 0
179.96 679.851 2.6475 4.9765 6.04147 600 0 1103 7 13 -0.000103601 -2.08797e-05 0 0 0.989451 0.144871 0 0
188.81 683.089 2.6475 4.9765 6.04147 600 0 1148 7 13 0.000109791 1.91016e-05 0 0 0.984351 0.176217 0 0
198.06 684.878 2.6475 4.9765 6.04147 600 0 1193 7 13 -0.000101821 -1.89616e-05 0 0 0.984028 0.178012 0 0
207.246 686.983 2.6475 4.9765 6.04147 600 0 1238 7 13 9.75703e-05 1.9452e-05 0 0 0.999223 -0.0394106 0 0
216.476 688.871 2.6475 4.9765 6.04147 600 0 1283 7 13 -8.13442e-05 -2.10873e-05 0 0 0.975866 0.218372 0 0
225.868 689.648 2.6475 4.9765 6.04147 600 0 1328 7 15 6.8187e-05 2.65347e-06 0 0 0.966742 0.255752 0 0
235.276 690.157 2.6475 4.9765 6.04147 600 0 1868 7 13 -4.68711e-05 -6.57918e-06 0 0 0.951008 0.309167 0 0
244.698 690.01 2.6475 4.9765 6.04147 600 0 1868 7 13 2.31692e-05 1.2524e-05 0 0 0.998669 0.0515855 0 0
254.025 691.348 2.6475 4.9765 6.04147 600 0 53 7 10 0.00071006 -3.57428e-05 0 0 0.999953 0.00971907 0 0
258.991 699.354 2.6475 4.9765 6.04147 600 0 1861 7 14 3.10372e-08 -1.92492e-08 0 0 0.810985 0.585067 0 0
263.46 691.06 2.6475 4.9765 6.04147 600 0 1508 7 15 -1.12323e-09 -3.65745e-08 0 0 0.999846 0.0175262 0 0
272.895 690.772 2.6475 4.9765 6.04147 600 0 1553 7 13 -2.10243e-09 -6.82321e-08 0 0 0.960787 0.277287 0 0
282.331 690.483 2.6475 4.9765 6.04147 600 0 1598 7 13 -2.94352e-09 -9.5294e-08 0 0 0.998689 -0.0511855 0 0
291.766 690.192 2.6475 4.9765 6.04147 600 0 1643 7 13 -3.59035e-09 -1.15937e-07 0 0 0.999882 -0.0153732 0 0
301.201 689.901 2.6475 4.9765 6.04147 600 0 1688 7 13 -3.99877e-09 -1.28772e-07 0 0 0.999791 -0.0204553 0 0
310.636 689.607 2.6475 4.9765 6.04147 600 0 1733 7 13 -4.13972e-09 -1.32933e-07 0 0 0.999678 0.0253834 0 0
320.071 689.313 2.6475 4.9765 6.04147 600 0 1778 7 13 -4.00156e-09 -1.2814e-07 0 0 0.997693 0.0678924 0 0
329.506 689.016 2.6475 4.9765 6.04147 600 0 1823 7 13 -3.59156e-09 -1.14716e-07 0 0 0.997663 0.0683271 0 0
338.941 688.718 2.6475 4.9765 6.04147 600 0 1868 7 15 -2.93575e-09 -9.35664e-08 0 0 0.999269 -0.0382187 0 0
348.376 688.42 2.6475 4.9765 6.04147 600 0 2408 7 13 -2.07787e-09 -6.61143e-08 0 0 0.993405 -0.114658 0 0
357.811 688.12 2.6475 4.9765 6.04147 600 0 2408 7 13 -1.07626e-09 -3.42092e-08 0 0 0.990293 -0.138996 0 0
367.246 687.82 2.6475 4.9765 6.04147 600 0 51 7 10 0.00118673 -6.52252e-05 0 0 0.983862 -0.17893 0 0
372.348 695.74 2.6475 4.9765 6.04147 600 0 2401 7 14 2.06701e-09 -1.33093e-09 0 0 0.997435 -0.0715738 0 0
376.706 687.388 2.6475 4.9765 6.04147 600 0 2048 7 15 -1.12276e-10 -2.46701e-09 0 0 0.999322 0.0368125 0 0
386.166 686.955 2.6475 4.9765 6.04147 600 0 2093 7 13 -2.09965e-10 -4.60324e-09 0 0 0.999938 -0.0111387 0 0
395.626 686.523 2.6475 4.9765 6.04147 600 0 2138 7 13 -2.93491e-10 -6.4294e-09 0 0 0.998899 0.0469027 0 0
405.085 686.091 2.6475 4.9765 6.04147 600 0 2183 7 13 -3.57231e-10 -7.82249e-09 0 0 0.99988 0.0154977 0 0
414.545 685.658 2.6475 4.9765 6.04147 600 0 2228 7 13 -3.96879e-10 -8.68866e-09 0 0 0.999978 -0.00668235 0 0
424.005 685.226 2.6475 4.9765 6.04147 600 0 2273 7 13 -4.09795e-10 -8.96957e-09 0 0 0.999987 -0.00512253 0 0
433.465 684.793 2.6475 4.9765 6.04147 600 0 2318 7 13 -3.95071e-10 -8.6463e-09 0 0 0.999728 -0.0233186 0 0
442.924 684.361 2.6475 4.9765 6.04147 600 0 2363 7 13 -3.53732e-10 -7.74063e-09 0 0 0.998908 0.0467201 0 0
452.384 683.928 2.6475 4.9765 6.04147 600 0 2408 7 15 -2.88536e-10 -6.31355e-09 0 0 0.981977 -0.189 0 0
461.844 683.496 2.6475 4.9765 6.04147 600 0 2948 7 13 -2.03896e-10 -4.4612e-09 0 0 0.974121 0.226025 0 0
471.304 683.063 2.6475 4.9765 6.04147 600 0 2948 7 13 -1.05503e-10 -2.30834e-09 0 0 0.999839 -0.0179548 0 0
480.763 682.63 2.6475 4.9765 6.04147 600 0 53 7 10 -0.000153466 -0.000917346 0 0 0.999987 0.00503411 0 0
480.971 673.212 2.6475 4.9765 6.04147 600 0 2941 7 14 2.56973e-08 5.61777e-10 0 0 0.999839 -0.0179548 0 0
489.055 678.05 2.6475 4.9765 6.04147 600 0 2588 7 15 1.24915e-08 2.26057e-08 0 0 0.972804 -0.23163 0 0
497.346 673.47 2.6475 4.9765 6.04147 600 0 2633 7 13 2.33057e-08 4.2188e-08 0 0 0.958182 -0.286161 0 0
505.638 668.89 2.6475 4.9765 6.04147 600 0 2678 7 13 3.25511e-08 5.89315e-08 0 0 0.951158 -0.308703 0 0
513.93 664.31 2.6475 4.9765 6.04147 600 0 2723 7 13 3.96051e-08 7.17085e-08 0 0 0.963977 -0.265986 0 0
522.221 659.731 2.6475 4.9765 6.04147 600 0 2768 7 13 4.39923e-08 7.96578e-08 0 0 0.866682 -0.498861 0 0
530.514 655.152 2.6475 4.9765 6.04147 600 0 2813 7 13 4.54167e-08 8.22427e-08 0 0 0.860272 -0.509835 0 0
538.806 650.573 2.6475 4.9765 6.04147 600 0 2858 7 13 4.37819e-08 7.92874e-08 0 0 0.885435 -0.464762 0 0
547.098 645.995 2.6475 4.9765 6.04147 600 0 2903 7 13 3.91976e-08 7.09894e-08 0 0 0.884837 -0.465901 0 0
555.391 641.417 2.6475 4.9765 6.04147 600 0 2948 7 15 3.19723e-08 5.79066e-08 0 0 0.908361 -0.418187 0 0
563.684 636.839 2.6475 4.9765 6.04147 600 0 3488 7 13 2.25925e-08 4.09199e-08 0 0 0.898879 -0.438196 0 0
571.977 632.262 2.6475 4.9765 6.04147 600 0 3488 7 13 1.16902e-08 2.11739e-08 0 0 0.899739 -0.436428 0 0
580.27 627.685 2.6475 4.9765 6.04147 600 0 53 7 10 -0.00182428 0.00100684 0 0 0.76122 -0.648493 0 0
576.882 618.894 2.6475 4.9765 6.04147 600 0 3481 7 14 -1.79658e-06 -4.15473e-07 0 0 0.802585 -0.596538 0 0
586.189 620.355 2.6475 4.9765 6.04147 600 0 3128 7 15 5.09061e-06 -5.39155e-06 0 0 0.755168 -0.655532 0 0
591.082 612.305 2.6475 4.9765 6.04147 600 0 3173 7 13 -7.20715e-06 9.34193e-06 0 0 0.687783 -0.725916 0 0
598.01 605.92 2.6475 4.9765 6.04147 600 0 3218 7 13 1.16035e-05 -1.03492e-05 0 0 0.687042 -0.726617 0 0
605.085 599.7 2.6475 4.9765 6.04147 600 0 3263 7 13 -1.41067e-05 1.15642e-05 0 0 0.664804 -0.747018 0 0
612.662 594.101 2.6475 4.9765 6.04147 600 0 3308 7 13 1.51143e-05 -1.09436e-05 0 0 0.628536 -0.77778 0 0
620.328 588.625 2.6475 4.9765 6.04147 600 0 3353 7 13 -1.52917e-05 9.72241e-06 0 0 0.75461 -0.656173 0 0
628.689 584.283 2.6475 4.9765 6.04147 600 0 3398 7 13 1.32875e-05 -7.04921e-06 0 0 0.778651 -0.627458 0 0
636.977 579.806 2.6475 4.9765 6.04147 600 0 3443 7 13 -1.04603e-05 5.23967e-06 0 0 0.650247 -0.759723 0 0
645.673 576.181 2.6475 4.9765 6.04147 600 0 3488 7 13 4.82375e-06 -4.04223e-06 0 0 0.724628 -0.68914 0 0
650.295 567.971 2.6475 4.9765 6.04147 600 0 3533 7 13 -1.59672e-06 2.67804e-06 0 0 0.711524 -0.702662 0 0
659.474 565.853 2.6475 4.9765 6.04147 600 0 3578 7 13 2.10948e-06 -2.0301e-06 0 0 0.744453 -0.667675 0 0
666.137 559.192 2.6475 4.9765 6.04147 600 0 3623 7 13 -1.2379e-06 -7.08614e-07 0 0 0.935482 -0.353375 0 0
668.705 550.128 2.6475 4.9765 6.04147 600 0 3668 7 13 1.68012e-06 -2.65682e-06 0 0 0.363215 -0.931705 0 0
672.613 541.556 2.6475 4.9765 6.04147 600 0 3713 7 13 2.54332e-06 7.31717e-08 0 0 0.41459 -0.910008 0 0
679.074 534.699 2.6475 4.9765 6.04147 600 0 3758 7 13 5.756e-06 9.30484e-07 0 0 -0.788382 -0.615186 0 0
687.802 531.153 2.6475 4.9765 6.04147 600 0 3803 7 13 9.1707e-06 1.16998e-05 0 0 0.924335 -0.381583 0 0
696.644 534.407 2.6475 4.9765 6.04147 600 0 3848 7 13 4.90563e-06 2.51228e-05 0 0 0.781542 0.623852 0 0
702.368 541.891 2.6475 4.9765 6.04147 600 0 3893 7 13 -1.48523e-05 4.00975e-05 0 0 0.862301 0.506396 0 0
703.652 551.225 2.6475 4.9765 6.04147 600 0 3938 7 13 3.66694e-05 3.35688e-05 0 0 0.449399 0.893331 0 0
707.44 559.854 2.6475 4.9765 6.04147 600 0 3983 7 13 -0.000238539 0.000154974 0 0 0.522046 0.852917 0 0
701.86 567.454 2.6475 4.9765 6.04147 600 0 3983 9 13 3.48049e-05 0.000356615 0 0 -0.44107 0.897473 0 0
699.53 576.598 2.6475 4.9765 6.04147 0.1 0 3212 8 10 -0.000258843 0.00028241 0 0 -0.576284 0.817249 0 0
101.434 693.885 2.6475 4.9765 6.04147 600 0 833 7 14 -1.249e-16 -1.2438e-15 0 0 0.978388 0.206777 0 0
107.508 701.086 2.6475 4.9765 6.04147 600 0 833 7 14 -1.43982e-16 5.73326e-16 0 0 0.981363 0.192162 0 0
98.235 702.746 2.6475 4.9765 6.04147 0.1 0 0 7 15 -7.24247e-17 -1.11976e-15 0 0 1.63042e-322 6.42967e-310 0 0
100 712 2.6475 4.9765 6.04147 0.1 0 0 7 7 3.41307e-16 -0.0266735 0 0 6.93893e-312 9.2519e-312 0 0
100 721 2.6475 4.9765 6.04147 0.1 0 0 7 7 -0 -0 0 0 4.79244e-322 4.82672e-310 0 0
100 730 2.6475 4.9765 6.04147 0.1 0 0 7 7 -0 -0 0 0 4.82672e-310 1.58101e-322 0 0
100 739 2.6475 4.9765 6.04147 0.1 0 0 7 7 -0 -0 0 0 2.21835e-321 4.82672e-310 0 0
100 748 2.6475 4.9765 6.04147 0.1 0 0 7 7 -0 -0 0 0 1.0419e-311 3.36761e-311 0 0
100 757 2.6475 4.9765 6.04147 0.1 0 0 7 7 -0 -0 0 0 3.16202e-322 4.82787e-310 0 0
100 766 2.6475 4.9765 6.04147 0.1 0 0 7 7 -0 -0 0 0 3.9554e-311 4.07848e-311 0 0
100 775 2.6475 4.9765 6.04147 0.1 0 0 7 7 -0 -0 0 0 2.53456e-321 4.82672e-310 0 0
100 784 2.6475 4.9765 6.04147 0.1 0 0 7 7 -0 -0 0 0 6.42967e-310 3.16202e-322 0 0
100 793 2.6475 4.9765 6.04147 0.1 0 0 7 7 -0 -0 0 0 9.52064e-321 4.82672e-310 0 0
100 802 2.6475 4.9765 6.04147 0.1 0 0 7 7 -0 0.0266735 0 0 2.71615e-312 3.23392e-311 0 0
662.142 366.626 5.295 9.953 12.0829 0 0 4000 16 -1 -0 -0 0 0 -0.0671795 0.997741 22746 385985760
560.094 480.114 5.295 9.953 12.0829 0 0 4000 16 -1 -1.79633e-07 7.06498e-08 0 0 0.959007 -0.283382 1937 1938
526.487 395.802 5.295 9.953 12.0829 0 0 4000 16 -1 0.00640111 -0.00176694 0 0 0.975733 0.218964 22746 524650448
477.539 625.207 5.295 9.953 12.0829 0 0 4000 16 -1 -0 -0 0 0 0.959284 -0.282444 0 129
581.314 573.569 5.295 9.953 12.0829 0 0 4000 16 -1 -7.98833e-07 2.13395e-06 0 0 0.634087 -0.773262 22746 385985760
567.223 311.761 5.295 9.953 12.0829 0 0 4000 16 -1 -0.00158194 0.000233895 0 0 0.846732 0.53202 1825 1951
762.831 396.072 5.295 9.953 12.0829 0 0 4000 16 -1 -0 -0 0 0 -0.330241 0.943897 22751 60
730.716 558.29 5.295 9.953 12.0829 0 0 4000 16 -1 2.91709e-07 7.13514e-07 0 0 -0.2032 -0.979137 2182 513
576.252 513.051 5.295 9.953 12.0829 0 0 4000 16 -1 0.0156864 -0.0114078 0 0 0.860597 -0.509287 22746 385985760
622.996 381.913 5.295 9.953 12.0829 0 0 4000 16 -1 -4.84812e-05 8.34778e-06 0 0 0.505444 0.86286 1760 1959
