581.026 421.085 5.295 9.953 12.0829 0.1 0 193 3 1 -1.13684e-09 -1.73111e-09 0 0 6.95296e-310 6.95296e-310 0 0
591.953 437.724 5.295 9.953 12.0829 0.1 0 97 3 1 -1.10403e-09 -1.09306e-09 0 0 6.95296e-310 6.95296e-310 0 0
584.507 456.184 5.295 9.953 12.0829 0.1 0 92 3 1 -9.75168e-10 -2.42731e-10 0 0 6.95296e-310 6.95296e-310 0 0
582.254 475.961 5.295 9.953 12.0829 0.1 0 88 3 1 -5.93909e-10 5.45229e-10 0 0 6.42967e-310 0 0 0
622.038 417.35 5.295 9.953 12.0829 0.1 0 109 3 1 -6.17687e-10 -1.18958e-09 0 0 6.95296e-310 6.95296e-310 0 0
611.557 434.273 5.295 9.953 12.0829 0.1 0 77 3 1 -2.50673e-10 -4.94014e-10 0 0 6.95296e-310 6.95296e-310 0 0
607.423 456.225 5.295 9.953 12.0829 0.1 0 54 3 1 -9.88442e-10 -1.05476e-10 0 0 1.58101e-322 4.82787e-310 0 0
641.446 421.775 5.295 9.953 12.0829 0.1 0 92 3 1 -8.86331e-12 -1.96234e-09 0 0 6.95296e-310 6.95296e-310 0 0
650.843 439.323 5.295 9.953 12.0829 0.1 0 71 3 1 1.17808e-09 -1.90802e-09 0 0 6.95296e-310 6.95296e-310 0 0
630.944 438.784 5.295 9.953 12.0829 0.1 0 64 3 1 4.65942e-10 -4.50134e-10 0 0 6.95296e-310 6.95296e-310 0 0
627.216 458.337 5.295 9.953 12.0829 0.1 0 45 3 1 -5.87593e-10 -2.28103e-10 0 0 4.82672e-310 0 0 0
666.166 426.618 5.295 9.953 12.0829 0.1 0 99 3 1 1.83295e-09 -2.06861e-09 0 0 6.95296e-310 6.95296e-310 0 0
670.062 446.139 5.295 9.953 12.0829 0.1 0 63 3 1 9.16871e-10 -1.61903e-09 0 0 3.21143e-322 4.82672e-310 0 0
689.532 450.28 5.295 9.953 12.0829 0.1 0 87 3 1 1.19141e-09 -7.56957e-10 0 0 0 0 0 0
589.931 494.327 5.295 9.953 12.0829 0.1 0 65 3 1 -3.52491e-09 2.5135e-09 0 0 0 0 0 0
612.01 475.731 5.295 9.953 12.0829 0.1 0 42 3 1 -0 -0 0 0 6.95296e-310 6.95296e-310 0 0
628.034 488.313 5.295 9.953 12.0829 0.1 0 35 3 1 -6.44476e-10 1.03647e-09 0 0 0 0 0 0
654.738 458.843 5.295 9.953 12.0829 0.1 0 44 3 1 7.10658e-10 -8.64103e-10 0 0 6.95296e-310 6.95296e-310 0 0
640.713 472.968 5.295 9.953 12.0829 0.1 0 36 3 1 -3.66082e-11 8.76828e-12 0 0 0 0 0 0
672.848 467.106 5.295 9.953 12.0829 0.1 0 47 3 1 1.35113e-09 -1.91574e-10 0 0 6.95296e-310 6.95296e-310 0 0
658.77 481.345 5.295 9.953 12.0829 0.1 0 35 3 1 7.18706e-10 -5.89147e-10 0 0 0 0 0 0
692.548 469.956 5.295 9.953 12.0829 0.1 0 66 3 1 2.01933e-09 -4.86738e-10 0 0 0 0 0 0
609.75 496.18 5.295 9.953 12.0829 0.1 0 41 3 1 -2.44746e-09 -2.27325e-11 0 0 6.95296e-310 6.95296e-310 0 0
625.888 508.24 5.295 9.953 12.0829 0.1 0 35 3 1 2.38927e-10 -6.03056e-10 0 0 0 0 0 0
645.752 497.386 5.295 9.953 12.0829 0.1 0 32 3 1 4.85151e-10 6.54884e-10 0 0 6.95296e-310 6.95296e-310 0 0
643.741 517.19 5.295 9.953 12.0829 0.1 0 34 3 1 -9.91528e-11 9.76373e-10 0 0 0 0 0 0
679.427 485.893 5.295 9.953 12.0829 0.1 0 41 3 1 2.61833e-09 -5.65333e-11 0 0 6.95296e-310 6.95296e-310 0 0
665.473 500.088 5.295 9.953 12.0829 0.1 1 1364 0 0 1.38446e-09 -3.74862e-10 0 0 0 0 0 0
699.677 488.542 5.295 9.953 12.0829 0.1 0 71 3 1 2.05573e-10 7.94088e-10 0 0 6.95296e-310 6.95296e-310 0 0
685.789 505.071 5.295 9.953 12.0829 0.1 0 48 3 1 -0 -0 0 0 0 0 0 0
600.52 513.816 5.295 9.953 12.0829 0.1 0 49 3 1 -2.30143e-09 1.03716e-09 0 0 6.95296e-310 6.95296e-310 0 0
618.556 526.747 5.295 9.953 12.0829 0.1 0 44 3 1 -1.0155e-09 -7.58287e-10 0 0 4.00421e-311 6.32404e-322 0 0
636.121 536.112 5.295 9.953 12.0829 0.1 0 43 3 1 -1.06469e-09 5.27452e-10 0 0 9.53547e-322 4.82672e-310 0 0
669.804 519.517 5.295 9.953 12.0829 0.1 0 42 3 1 -2.60651e-10 7.90615e-10 0 0 6.95296e-310 6.95296e-310 0 0
655.885 533.747 5.295 9.953 12.0829 0.1 0 41 3 1 -3.08486e-10 1.68856e-09 0 0 6.42967e-310 2.37152e-321 0 0
708.183 506.538 5.295 9.953 12.0829 0.1 0 80 3 1 5.25526e-10 1.11187e-09 0 0 6.95296e-310 6.95296e-310 0 0
725.213 520.741 5.295 9.953 12.0829 0.1 0 124 3 1 1.23634e-09 -7.17827e-10 0 0 6.95296e-310 6.95296e-310 0 0
707.999 530.736 5.295 9.953 12.0829 0.1 0 97 3 1 1.34255e-09 3.84795e-10 0 0 6.95296e-310 6.95296e-310 0 0
688.833 525.36 5.295 9.953 12.0829 0.1 0 63 3 1 8.61934e-10 -4.2799e-10 0 0 9.35266e-321 4.82672e-310 0 0
599.909 533.712 5.295 9.953 12.0829 0.1 0 73 3 1 -5.01801e-10 1.81376e-09 0 0 6.95296e-310 6.95296e-310 0 0
583.344 544.751 5.295 9.953 12.0829 0.1 0 137 3 1 -1.63486e-09 1.08945e-09 0 0 6.95296e-310 6.95296e-310 0 0
613.46 548.292 5.295 9.953 12.0829 0.1 0 76 3 1 9.82246e-10 1.0568e-09 0 0 1.26975e-321 4.82672e-310 0 0
636.934 571.37 5.295 9.953 12.0829 0.1 0 87 3 1 -4.69566e-10 2.98268e-10 0 0 6.42967e-310 6.32404e-322 0 0
645.76 553.528 5.295 9.953 12.0829 0.1 0 56 3 1 9.27218e-11 3.00366e-10 0 0 6.95296e-310 6.95296e-310 0 0
665.352 557.049 5.295 9.953 12.0829 0.1 0 61 3 1 3.97586e-10 1.71471e-10 0 0 6.95296e-310 6.95296e-310 0 0
656.526 574.891 5.295 9.953 12.0829 0.1 0 85 3 1 -2.58733e-10 2.7961e-10 0 0 6.95296e-310 6.95296e-310 0 0
646.332 591.989 5.295 9.953 12.0829 0.1 0 138 3 1 -3.56416e-10 5.97823e-10 0 0 6.95296e-310 6.95296e-310 0 0
676.214 577.826 5.295 9.953 12.0829 0.1 0 91 3 1 2.75603e-11 1.08422e-10 0 0 6.95296e-310 6.95296e-310 0 0
694.302 586.136 5.295 9.953 12.0829 0.1 0 151 3 1 2.38746e-10 1.09694e-10 0 0 4.82672e-310 1.58101e-322 0 0
674.914 539.59 5.295 9.953 12.0829 0.1 0 50 3 1 6.03069e-10 -1.84262e-10 0 0 6.95296e-310 6.95296e-310 0 0
693.951 546.223 5.295 9.953 12.0829 0.1 0 70 3 1 1.33282e-11 -1.57156e-10 0 0 6.95296e-310 6.95296e-310 0 0
692.269 566.057 5.295 9.953 12.0829 0.1 0 87 3 1 1.88947e-10 8.8872e-12 0 0 6.95296e-310 6.95296e-310 0 0
80 235 2.6475 4.9765 6.04147 0.1 0 0 7 7 -0 -0.0266735 0 0 4.82672e-310 0 0 0
80 244 2.6475 4.9765 6.04147 0.1 0 0 7 7 -0 -0 0 0 3.21143e-322 4.82672e-310 0 0
80 253 2.6475 4.9765 6.04147 0.1 0 0 7 7 -0 -0 0 0 4.82672e-310 3.16202e-322 0 0
80 262 2.6475 4.9765 6.04147 0.1 0 0 7 7 -0 -0 0 0 1.58101e-322 4.82787e-310 0 0
80 271 2.6475 4.9765 6.04147 0.1 0 0 7 7 -0 -0 0 0 4.03179e-313 6.36599e-313 0 0
80 280 2.6475 4.9765 6.04147 0.1 0 0 7 7 -0 -0 0 0 4.60473e-312 4.64717e-312 0 0
80 289 2.6475 4.9765 6.04147 0.1 0 0 7 7 -0 -0 0 0 1.63042e-322 4.82672e-310 0 0
80 298 2.6475 4.9765 6.04147 0.1 0 0 7 7 -0 -0 0 0 4.82672e-310 1.58101e-322 0 0
80 307 2.6475 4.9765 6.04147 0.1 0 0 7 7 -0 -0 0 0 1.58101e-322 4.82787e-310 0 0
80 316 2.6475 4.9765 6.04147 0.1 0 0 7 7 -0 -0 0 0 5.49173e-311 6.32404e-322 0 0
80 325 2.6475 4.9765 6.04147 0.1 0 0 7 7 -0 -0 0 0 1.11165e-321 4.82672e-310 0 0
80 334 2.6475 4.9765 6.04147 0.1 0 0 7 7 -0 -0 0 0 4.82672e-310 0 0 0
80 343 2.6475 4.9765 6.04147 0.1 0 0 7 7 -0 -0 0 0 4.82672e-310 0 0 0
80 352 2.6475 4.9765 6.04147 0.1 0 0 7 7 -0 -0 0 0 1.27963e-321 0 0 0
80 361 2.6475 4.9765 6.04147 0.1 0 0 7 7 -0 -0 0 0 4.82672e-310 1.58101e-322 0 0
80 370 2.6475 4.9765 6.04147 0.1 0 0 7 7 -0 -0 0 0 1.58101e-322 4.82787e-310 0 0
80 379 2.6475 4.9765 6.04147 0.1 0 0 7 7 -0 -0 0 0 4.82672e-310 3.16202e-322 0 0
80 388 2.6475 4.9765 6.04147 0.1 0 0 7 7 -0 -0 0 0 1.90215e-321 4.82672e-310 0 0
80 397 2.6475 4.9765 6.04147 0.1 0 0 7 7 -0 -0 0 0 4.82672e-310 3.16202e-322 0 0
80 406 2.6475 4.9765 6.04147 0.1 0 0 7 7 -0 -0 0 0 1.58101e-322 4.82787e-310 0 0
80 415 2.6475 4.9765 6.04147 0.1 0 0 7 7 -0 -0 0 0 4.82672e-310 0 0 0
80 424 2.6475 4.9765 6.04147 0.1 0 0 7 7 -0 -0 0 0 4.82672e-310 4.82672e-310 0 0
80 433 2.6475 4.9765 6.04147 0.1 0 0 7 7 -0 -0 0 0 4.82672e-310 4.82672e-310 0 0
80 442 2.6475 4.9765 6.04147 0.1 0 0 7 7 -0 -0 0 0 4.82672e-310 4.82672e-310 0 0
80 451 2.6475 4.9765 6.04147 0.1 0 0 7 7 -0 -0 0 0 4.82672e-310 4.82672e-310 0 0
80 460 2.6475 4.9765 6.04147 0.1 0 0 7 7 -0 -0 0 0 4.82672e-310 4.82672e-310 0 0
80 469 2.6475 4.9765 6.04147 0.1 0 0 7 7 -0 -0 0 0 4.82672e-310 4.82672e-310 0 0
80 478 2.6475 4.9765 6.04147 0.1 0 0 7 7 -0 -0 0 0 0 4.82672e-310 0 0
80 487 2.6475 4.9765 6.04147 0.1 0 0 7 7 -0 -0 0 0 -nan 1.26481e-321 0 0
80 496 2.6475 4.9765 6.04147 0.1 0 0 7 7 -0 -0 0 0 4.82672e-310 0 0 0
80 505 2.6475 4.9765 6.04147 0.1 0 0 7 7 -0 -0 0 0 4.82672e-310 4.82672e-310 0 0
80 514 2.6475 4.9765 6.04147 0.1 0 0 7 7 -0 -0 0 0 4.79244e-322 4.82672e-310 0 0
80 523 2.6475 4.9765 6.04147 0.1 0 0 7 7 -0 -0 0 0 4.82672e-310 1.78884e-311 0 0
80 532 2.6475 4.9765 6.04147 0.1 0 0 7 7 -0 -0 0 0 1.63042e-322 4.82672e-310 0 0
80 541 2.6475 4.9765 6.04147 0.1 0 0 7 7 -0 -0 0 0 4.82672e-310 1.58101e-322 0 0
80 550 2.6475 4.9765 6.04147 0.1 0 0 7 7 -0 -0 0 0 4.79244e-322 4.82672e-310 0 0
80 559 2.6475 4.9765 6.04147 0.1 0 0 7 7 -0 -0 0 0 0 4.82672e-310 0 0
80 568 2.6475 4.9765 6.04147 0.1 0 0 7 7 -0 -0 0 0 -nan 1.26481e-321 0 0
80 577 2.6475 4.9765 6.04147 0.1 0 0 7 7 -0 -0 0 0 4.82672e-310 4.82672e-310 0 0
80 586 2.6475 4.9765 6.04147 0.1 0 0 7 7 -0 -0 0 0 4.82672e-310 4.82672e-310 0 0
80 595 2.6475 4.9765 6.04147 0.1 0 0 7 7 -0 -0 0 0 4.82672e-310 4.82672e-310 0 0
80 604 2.6475 4.9765 6.04147 0.1 0 0 7 7 -0 -0 0 0 4.82672e-310 4.82672e-310 0 0
80 613 2.6475 4.9765 6.04147 0.1 0 0 7 7 -0 -0 0 0 4.82672e-310 4.82672e-310 0 0
80 622 2.6475 4.9765 6.04147 0.1 0 0 7 7 -0 -0 0 0 4.82672e-310 4.82672e-310 0 0
80 631 2.6475 4.9765 6.04147 0.1 0 0 7 7 -0 -0 0 0 4.82672e-310 4.82672e-310 0 0
80 640 2.6475 4.9765 6.04147 0.1 0 0 7 7 -0 -0 0 0 4.82672e-310 4.82672e-310 0 0
80 649 2.6475 4.9765 6.04147 0.1 0 0 7 7 -0 -0 0 0 4.82672e-310 4.82672e-310 0 0
80 658 2.6475 4.9765 6.04147 0.1 0 0 7 7 -0 -0 0 0 4.82672e-310 4.82672e-310 0 0
80 667 2.6475 4.9765 6.04147 0.1 0 0 7 7 -0 -0 0 0 4.82672e-310 4.82672e-310 0 0
80 676 2.6475 4.9765 6.04147 0.1 0 0 7 7 -0 -0 0 0 4.82672e-310 4.82672e-310 0 0
80 685 2.6475 4.9765 6.04147 0.1 0 0 7 7 -0 -0 0 0 4.82672e-310 3.16202e-322 0 0
80 694 2.6475 4.9765 6.04147 0.1 0 0 7 7 -0 -0 0 0 6.42965e-310 0 0 0
80 703 2.6475 4.9765 6.04147 0.1 0 0 7 7 -0 -0 0 0 4.82672e-310 2.74798e-311 0 0
80 712 2.6475 4.9765 6.04147 0.1 0 0 7 7 -0 -0 0 0 4.82672e-310 4.07635e-311 0 0
80 721 2.6475 4.9765 6.04147 0.1 0 0 7 7 -0 -0 0 0 9.53547e-322 4.82672e-310 0 0
80 730 2.6475 4.9765 6.04147 0.1 0 0 7 7 -0 -0 0 0 1.58101e-322 1.01185e-320 0 0
80 739 2.6475 4.9765 6.04147 0.1 0 0 7 7 -0 -0 0 0 1.14673e-320 2.41895e-320 0 0
80 748 2.6475 4.9765 6.04147 0.1 0 0 7 7 -0 -0 0 0 4.82672e-310 4.80632e-311 0 0
80 757 2.6475 4.9765 6.04147 0.1 0 0 7 7 -0 -0 0 0 3.21143e-322 4.82672e-310 0 0
80 766 2.6475 4.9765 6.04147 0.1 0 0 7 7 -0 -0 0 0 1.58101e-322 4.82787e-310 0 0
80 775 2.6475 4.9765 6.04147 0.1 0 0 7 7 -0 0.0266735 0 0 1.16402e-320 2.76677e-320 0 0
100 208 2.6475 4.9765 6.04147 0.1 0 0 7 7 -0 -0.0266735 0 0 9.4641e-312 4.19731e-311 0 0
100 217 2.6475 4.9765 6.04147 0.1 0 0 7 7 -0 -0 0 0 3.16202e-322 4.82787e-310 0 0
100 226 2.6475 4.9765 6.04147 0.1 0 0 7 7 -0 -0 0 0 1.58101e-322 4.82787e-310 0 0
100 235 2.6475 4.9765 6.04147 0.1 0 0 7 7 -0 -0 0 0 1.16896e-320 3.11459e-320 0 0
100 244 2.6475 4.9765 6.04147 0.1 0 0 7 7 -0 -0 0 0 3.81959e-312 3.22543e-311 0 0
100 253 2.6475 4.9765 6.04147 0.1 0 0 7 7 -0 -0 0 0 2.85076e-321 4.82672e-310 0 0
100 262 2.6475 4.9765 6.04147 0.1 0 0 7 7 -0 -0 0 0 1.58101e-322 4.82787e-310 0 0
100 271 2.6475 4.9765 6.04147 0.1 0 0 7 7 -0 -0 0 0 4.82669e-310 3.46241e-320 0 0
100 280 2.6475 4.9765 6.04147 0.1 0 0 7 7 -0 -0 0 0 4.82672e-310 4.82672e-310 0 0
100 289 2.6475 4.9765 6.04147 0.1 0 0 7 7 -0 -0 0 0 4.82672e-310 4.82672e-310 0 0
100 298 2.6475 4.9765 6.04147 0.1 0 0 7 7 0.00299094 0.0264008 0 0 4.82672e-310 4.82672e-310 0 0
109.454 297.137 2.6475 4.9765 6.04147 0.1 0 0 7 15 -0.000398919 -2.71126e-05 0 0 4.82672e-310 4.82672e-310 0 0
118.89 296.045 2.6475 4.9765 6.04147 600 0 784 7 13 0.000694385 -0.000235083 0 0 0.983506 -0.180877 0 0
128.253 294.521 2.6475 4.9765 6.04147 600 0 829 7 15 -0.00110311 3.91727e-05 0 0 0.998508 -0.0546056 0 0
137.52 292.416 2.6475 4.9765 6.04147 600 0 1370 7 13 0.0011986 -0.000525972 0 0 0.886379 -0.462961 0 0
146.596 289.674 2.6475 4.9765 6.04147 600 0 1415 7 13 -0.00144324 0.000263606 0 0 0.710542 -0.703654 0 0
155.447 286.212 2.6475 4.9765 6.04147 600 0 1460 7 13 0.00117074 -0.000797579 0 0 0.783068 -0.621936 0 0
163.928 281.972 2.6475 4.9765 6.04147 600 0 1460 9 13 -0.00102169 0.000513923 0 0 0.592227 -0.805771 0 0
172.427 277.727 2.6475 4.9765 6.04147 600 0 175 8 10 0.000444114 -0.000608904 0 0 0.749224 -0.662316 0 0
173.657 287.072 2.6475 4.9765 6.04147 600 0 1498 9 14 5.17294e-05 0.000300067 0 0 0.744094 -0.668074 0 0
175.768 296.256 2.6475 4.9765 6.04147 600 0 1498 7 14 -0.00515777 0.00146071 0 0 0.831337 -0.555768 0 0
166.679 299.154 2.6475 4.9765 6.04147 600 0 1453 7 14 0.000140434 0.00919766 0 0 0.772007 -0.635614 0 0
159.137 304.88 2.6475 4.9765 6.04147 600 0 1408 7 14 0.0116536 -0.00198682 0 0 0.835064 -0.550152 0 0
167.885 308.538 2.6475 4.9765 6.04147 600 0 1009 7 15 0.000448027 -0.0041354 0 0 0.921332 -0.388777 0 0
175.877 313.842 2.6475 4.9765 6.04147 600 0 1054 7 13 -0.0120832 -0.00553941 0 0 0.945449 -0.325769 0 0
185.296 315.556 2.6475 4.9765 6.04147 600 0 1099 7 13 0.00993919 0.00122003 0 0 0.910708 -0.413051 0 0
194.668 316.176 2.6475 4.9765 6.04147 600 0 1144 7 13 -0.00463387 -0.000334501 0 0 0.972433 -0.233181 0 0
204.188 316.113 2.6475 4.9765 6.04147 600 0 1189 7 13 0.00345432 -0.000160995 0 0 0.961498 -0.274812 0 0
213.666 315.703 2.6475 4.9765 6.04147 600 0 1234 7 13 0.000525891 -0.000113667 0 0 0.931207 -0.36449 0 0
223.172 315.093 2.6475 4.9765 6.04147 600 0 1279 7 13 -0.000441026 2.38992e-05 0 0 0.95688 -0.290485 0 0
232.691 314.473 2.6475 4.9765 6.04147 600 0 1324 7 13 0.00098822 3.87855e-05 0 0 0.927903 -0.372821 0 0
242.22 314.054 2.6475 4.9765 6.04147 600 0 1369 7 13 -0.000414641 0.000238656 0 0 0.946256 -0.323419 0 0
251.776 314.108 2.6475 4.9765 6.04147 600 0 1414 7 13 0.000916674 0.000401498 0 0 0.972696 -0.232081 0 0
261.31 314.867 2.6475 4.9765 6.04147 600 0 1459 7 13 0.000233664 0.000513596 0 0 0.9413 -0.337572 0 0
270.746 316.483 2.6475 4.9765 6.04147 600 0 1459 9 13 -0.00095877 0.00318307 0 0 0.946868 -0.321622 0 0
277.313 323.378 2.6475 4.9765 6.04147 0.1 0 761 8 10 -0.00684641 -0.00285878 0 0 0.996176 0.0873739 0 0
268.635 327.077 2.6475 4.9765 6.04147 600 0 1459 9 14 0.00426737 -0.00111823 0 0 0.996226 0.0867927 0 0
259.095 327.476 2.6475 4.9765 6.04147 600 0 1459 7 14 -0.00753372 0.000392323 0 0 0.960477 0.27836 0 0
249.651 327.972 2.6475 4.9765 6.04147 600 0 1414 7 14 0.00940058 -0.000511781 0 0 0.984591 0.174872 0 0
240.116 328.553 2.6475 4.9765 6.04147 600 0 1369 7 14 -0.00648414 0.000466646 0 0 0.97729 0.211907 0 0
230.585 329.278 2.6475 4.9765 6.04147 600 0 1324 7 14 0.086713 -0.0078731 0 0 0.992068 0.125704 0 0
220.162 330.232 2.6475 4.9765 6.04147 600 0 1279 7 14 -0.0882776 0.00813313 0 0 0.980992 0.194046 0 0
211.703 331.094 2.6475 4.9765 6.04147 600 0 1234 7 14 0.00782635 -0.00080543 0 0 0.994304 0.106583 0 0
202.218 332.128 2.6475 4.9765 6.04147 600 0 1189 7 14 -0.00649937 0.000744258 0 0 0.988833 0.149028 0 0
192.86 333.221 2.6475 4.9765 6.04147 600 0 1144 7 14 0.00442572 -0.000515393 0 0 0.974554 0.224154 0 0
183.421 334.41 2.6475 4.9765 6.04147 600 0 1099 7 14 -0.00337957 0.000467612 0 0 0.99217 0.124899 0 0
174.058 335.701 2.6475 4.9765 6.04147 600 0 1054 7 14 0.00200416 -0.000252747 0 0 0.96495 0.262432 0 0
164.669 337.139 2.6475 4.9765 6.04147 600 0 1009 7 14 -0.00145407 0.000278124 0 0 0.988166 0.153386 0 0
155.334 338.742 2.6475 4.9765 6.04147 600 0 964 7 14 0.000840418 -9.91699e-05 0 0 0.996428 0.0844481 0 0
146.014 340.538 2.6475 4.9765 6.04147 600 0 919 7 14 -0.000597872 0.0001758 0 0 0.995284 0.0970067 0 0
136.745 342.53 2.6475 4.9765 6.04147 600 0 874 7 14 0.000357662 -2.63738e-05 0 0 0.999566 0.0294652 0 0
127.509 344.709 2.6475 4.9765 6.04147 600 0 829 7 14 -0.000247786 0.000106047 0 0 0.995214 -0.097716 0 0
118.316 347.045 2.6475 4.9765 6.04147 600 0 784 7 14 0.000142323 -3.62262e-06 0 0 0.991302 -0.13161 0 0
109.15 349.494 2.6475 4.9765 6.04147 0.1 0 0 7 15 -7.0838e-05 3.63057e-05 0 0 4.82672e-310 4.82672e-310 0 0
100 352 2.6475 4.9765 6.04147 0.1 0 0 7 7 0.00256094 -0.0273751 0 0 4.82672e-310 4.82672e-310 0 0
100 361 2.6475 4.9765 6.04147 0.1 0 0 7 7 -0 -0 0 0 4.82672e-310 4.82672e-310 0 0
100 370 2.6475 4.9765 6.04147 0.1 0 0 7 7 -0 -0 0 0 4.82672e-310 4.82672e-310 0 0
100 379 2.6475 4.9765 6.04147 0.1 0 0 7 7 -0 -0 0 0 4.82672e-310 4.82672e-310 0 0
100 388 2.6475 4.9765 6.04147 0.1 0 0 7 7 -0 -0 0 0 4.82672e-310 4.82672e-310 0 0
100 397 2.6475 4.9765 6.04147 0.1 0 0 7 7 -0 -0 0 0 4.82672e-310 4.82672e-310 0 0
100 406 2.6475 4.9765 6.04147 0.1 0 0 7 7 -0 -0 0 0 4.82672e-310 4.82672e-310 0 0
100 415 2.6475 4.9765 6.04147 0.1 0 0 7 7 -0 -0 0 0 4.82672e-310 4.82672e-310 0 0
100 424 2.6475 4.9765 6.04147 0.1 0 0 7 7 -0 -0 0 0 4.82672e-310 4.82672e-310 0 0
100 433 2.6475 4.9765 6.04147 0.1 0 0 7 7 -0 -0 0 0 4.82672e-310 4.82672e-310 0 0
100 442 2.6475 4.9765 6.04147 0.1 0 0 7 7 -0 -0 0 0 4.82672e-310 4.82672e-310 0 0
100 451 2.6475 4.9765 6.04147 0.1 0 0 7 7 -0 -0 0 0 4.82672e-310 4.82672e-310 0 0
100 460 2.6475 4.9765 6.04147 0.1 0 0 7 7 -0 -0 0 0 4.82672e-310 4.82672e-310 0 0
100 469 2.6475 4.9765 6.04147 0.1 0 0 7 7 -0 -0 0 0 4.82672e-310 4.82672e-310 0 0
100 478 2.6475 4.9765 6.04147 0.1 0 0 7 7 -0 -0 0 0 4.82672e-310 4.82672e-310 0 0
100 487 2.6475 4.9765 6.04147 0.1 0 0 7 7 -0 -0 0 0 6.42967e-310 0 0 0
100 496 2.6475 4.9765 6.04147 0.1 0 0 7 7 -0 -0 0 0 4.82672e-310 6.32404e-322 0 0
100 505 2.6475 4.9765 6.04147 0.1 0 0 7 7 -0 -0 0 0 1.58101e-322 4.82787e-310 0 0
100 514 2.6475 4.9765 6.04147 0.1 0 0 7 7 -0 -0 0 0 4.82672e-310 0 0 0
100 523 2.6475 4.9765 6.04147 0.1 0 0 7 7 -0 -0 0 0 3.16202e-322 4.82787e-310 0 0
100 532 2.6475 4.9765 6.04147 0.1 0 0 7 7 -0 -0 0 0 4.79571e-312 6.09013e-312 0 0
100 541 2.6475 4.9765 6.04147 0.1 0 0 7 7 -0 -0 0 0 1.74899e-321 4.82672e-310 0 0
100 550 2.6475 4.9765 6.04147 0.1 0 0 7 7 -0 -0 0 0 4.20155e-312 7.57552e-312 0 0
100 559 2.6475 4.9765 6.04147 0.1 0 0 7 7 -0 -0 0 0 1.58101e-322 4.82787e-310 0 0
100 568 2.6475 4.9765 6.04147 0.1 0 0 7 7 -0 -0 0 0 4.98457e-311 3.16202e-322 0 0
100 577 2.6475 4.9765 6.04147 0.1 0 0 7 7 -0 -0 0 0 2.06025e-321 4.82672e-310 0 0
100 586 2.6475 4.9765 6.04147 0.1 0 0 7 7 -0 -0 0 0 4.82672e-310 0 0 0
100 595 2.6475 4.9765 6.04147 0.1 0 0 7 7 -0 -0 0 0 1.58101e-322 4.82787e-310 0 0
100 604 2.6475 4.9765 6.04147 0.1 0 0 7 7 -0 -0 0 0 0 5.05923e-321 0 0
100 613 2.6475 4.9765 6.04147 0.1 0 0 7 7 -0 -0 0 0 1.63042e-322 4.82672e-310 0 0
100 622 2.6475 4.9765 6.04147 0.1 0 0 7 7 -0 -0 0 0 4.50288e-311 4.64293e-311 0 0
100 631 2.6475 4.9765 6.04147 0.1 0 0 7 7 -0 -0 0 0 1.63042e-322 4.82672e-310 0 0
100 640 2.6475 4.9765 6.04147 0.1 0 0 7 7 -0 -0 0 0 4.82672e-310 1.58101e-322 0 0
100 649 2.6475 4.9765 6.04147 0.1 0 0 7 7 -0 -0 0 0 9.53547e-322 4.82672e-310 0 0
100 658 2.6475 4.9765 6.04147 0.1 0 0 7 7 0.000361277 0.0267225 0 0 0 1.62844e-320 0 0
109.329 659.263 2.6475 4.9765 6.04147 0.1 0 0 7 15 -0.00132349 -0.000288359 0 0 9.53547e-322 4.82672e-310 0 0
118.489 661.537 2.6475 4.9765 6.04147 600 0 1328 7 13 0.00214419 0.000124238 0 0 0.997535 0.0701724 0 0
127.845 660.62 2.6475 4.9765 6.04147 600 0 1373 7 13 -0.00214379 7.52118e-05 0 0 0.998318 0.0579705 0 0
137.274 661.012 2.6475 4.9765 6.04147 600 0 1373 7 13 0.00122995 0.000202041 0 0 0.99912 0.0419376 0 0
145.329 665.887 2.6475 4.9765 6.04147 600 0 97 7 10 -0.00306001 0.000194118 0 0 0.99966 0.0260931 1 0
133.332 680.607 2.6475 4.9765 6.04147 600 0 1328 7 14 0.00191278 -0.00355559 0 0 0.996409 0.0846653 0 0
139.192 673.099 2.6475 4.9765 6.04147 600 0 1373 7 14 0.00340236 -0.00078199 0 0 0.99912 0.0419376 0 0
142.611 681.886 2.6475 4.9765 6.04147 600 0 1373 7 14 -0.00288802 0.00848738 0 0 0.903769 0.42802 0 0
148.65 674.654 2.6475 4.9765 6.04147 600 0 968 7 15 0.00529303 -0.00179446 0 0 0.974904 0.222627 0 0
157.006 679.291 2.6475 4.9765 6.04147 600 0 1013 7 13 0.00197064 -0.000221156 0 0 0.961018 0.276487 0 0
166.07 682.566 2.6475 4.9765 6.04147 600 0 1058 7 13 0.000649599 -0.000351699 0 0 0.991215 0.132257 0 0
175.262 685.197 2.6475 4.9765 6.04147 600 0 1103 7 13 -0.0467841 -0.0114321 0 0 0.989451 0.144871 0 0
184.93 687.489 2.6475 4.9765 6.04147 600 0 1148 7 13 0.0468878 0.0108852 0 0 0.984351 0.176217 0 0
193.738 689.31 2.6475 4.9765 6.04147 600 0 1193 7 13 -0.0121968 -0.00241107 0 0 0.984028 0.178012 0 0
203.158 691.009 2.6475 4.9765 6.04147 600 0 1238 7 13 0.0094703 0.00157239 0 0 0.999223 -0.0394106 0 0
212.462 692.429 2.6475 4.9765 6.04147 600 0 1283 7 13 -0.00332339 -0.000555069 0 0 0.975866 0.218372 0 0
221.917 693.599 2.6475 4.9765 6.04147 600 0 1328 7 13 0.00254713 0.00019218 0 0 0.966742 0.255752 0 0
231.356 694.486 2.6475 4.9765 6.04147 600 0 1373 7 13 -0.00196283 -0.000248823 0 0 0.994386 0.105809 0 0
240.847 695.101 2.6475 4.9765 6.04147 600 0 1418 7 13 0.00115985 -1.53036e-05 0 0 0.992172 0.124881 0 0
250.318 695.458 2.6475 4.9765 6.04147 600 0 1463 7 13 -0.00142496 -0.000102627 0 0 0.999894 0.014538 0 0
259.805 695.574 2.6475 4.9765 6.04147 600 0 1463 9 13 0.000302335 -3.70649e-05 0 0 0.99991 0.0134302 0 0
269.269 695.517 2.6475 4.9765 6.04147 0.1 0 712 8 10 -0.000770301 -1.29621e-05 0 0 0.999834 -0.0182181 0 0
101.434 693.885 2.6475 4.9765 6.04147 600 0 833 7 14 -1.249e-16 -1.2438e-15 0 0 0.978388 0.206777 0 0
107.508 701.086 2.6475 4.9765 6.04147 600 0 833 7 14 -1.43982e-16 5.73326e-16 0 0 0.981363 0.192162 0 0
98.235 702.746 2.6475 4.9765 6.04147 0.1 0 0 7 15 -7.24247e-17 -1.11976e-15 0 0 1.63042e-322 6.42967e-310 0 0
100 712 2.6475 4.9765 6.04147 0.1 0 0 7 7 3.41307e-16 -0.0266735 0 0 6.93893e-312 9.2519e-312 0 0
100 721 2.6475 4.9765 6.04147 0.1 0 0 7 7 -0 -0 0 0 4.79244e-322 4.82672e-310 0 0
100 730 2.6475 4.9765 6.04147 0.1 0 0 7 7 -0 -0 0 0 4.82672e-310 1.58101e-322 0 0
100 739 2.6475 4.9765 6.04147 0.1 0 0 7 7 -0 -0 0 0 2.21835e-321 4.82672e-310 0 0
100 748 2.6475 4.9765 6.04147 0.1 0 0 7 7 -0 -0 0 0 1.0419e-311 3.36761e-311 0 0
100 757 2.6475 4.9765 6.04147 0.1 0 0 7 7 -0 -0 0 0 3.16202e-322 4.82787e-310 0 0
100 766 2.6475 4.9765 6.04147 0.1 0 0 7 7 -0 -0 0 0 3.9554e-311 4.07848e-311 0 0
100 775 2.6475 4.9765 6.04147 0.1 0 0 7 7 -0 -0 0 0 2.53456e-321 4.82672e-310 0 0
100 784 2.6475 4.9765 6.04147 0.1 0 0 7 7 -0 -0 0 0 6.42967e-310 3.16202e-322 0 0
100 793 2.6475 4.9765 6.04147 0.1 0 0 7 7 -0 -0 0 0 9.52064e-321 4.82672e-310 0 0
100 802 2.6475 4.9765 6.04147 0.1 0 0 7 7 -0 0.0266735 0 0 2.71615e-312 3.23392e-311 0 0
662.142 366.626 5.295 9.953 12.0829 0 0 1500 16 -1 -0 -0 0 0 -0.0655312 0.997851 22746 385985760
562.701 479.696 5.295 9.953 12.0829 0 0 1500 16 -1 -1.0652e-09 2.03439e-10 0 0 0.998745 -0.0500792 1937 1938
512.443 399.389 5.295 9.953 12.0829 0 0 1500 16 -1 -0 -0 0 0 0.929044 0.369968 22746 524650448
477.539 625.207 5.295 9.953 12.0829 0 0 1500 16 -1 -0 -0 0 0 0.959522 -0.281632 0 129
582.296 567.435 5.295 9.953 12.0829 0 0 1500 16 -1 -0 -0 0 0 0.579381 -0.815057 22746 385985760
573.735 317.016 5.295 9.953 12.0829 0 0 1500 16 -1 -0 -0 0 0 0.70273 0.711457 1825 1951
762.831 396.072 5.295 9.953 12.0829 0 0 1500 16 -1 -0 -0 0 0 -0.38247 0.923968 22751 60
714.767 549.456 5.295 9.953 12.0829 0 0 1500 16 -1 4.25076e-10 1.17569e-09 0 0 -0.79411 -0.607774 2182 513
576.407 515.699 5.295 9.953 12.0829 0 0 1500 16 -1 -0 -0 0 0 0.999835 -0.0181805 22746 385985760
624.322 387.128 5.295 9.953 12.0829 0 0 1500 16 -1 -0 -0 0 0 0.0118142 0.99993 1760 1959
