588.967 415.226 5.295 9.953 12.0829 0.1 0 193 3 1 0.000136602 -0.000201527 0 0 6.95296e-310 6.95296e-310 0 0
597.254 444.14 5.295 9.953 12.0829 0.1 0 97 3 1 0.000132263 0.000272021 0 0 6.95296e-310 6.95296e-310 0 0
582.451 457.307 5.295 9.953 12.0829 0.1 0 92 3 1 -8.22567e-05 2.59005e-05 0 0 6.95296e-310 6.95296e-310 0 0
582.027 477.147 5.295 9.953 12.0829 0.1 0 88 3 1 -3.30154e-06 2.65658e-05 0 0 6.42967e-310 0 0 0
623.029 415.101 5.295 9.953 12.0829 0.1 0 109 3 1 3.12424e-06 -5.60277e-06 0 0 6.95296e-310 6.95296e-310 0 0
613.344 432.467 5.295 9.953 12.0829 0.1 0 77 3 1 -3.92856e-05 -1.39943e-05 0 0 6.95296e-310 6.95296e-310 0 0
610.18 458.857 5.295 9.953 12.0829 0.1 0 54 3 1 0.000288354 0.000143774 0 0 1.58101e-322 4.82787e-310 0 0
641.999 421.271 5.295 9.953 12.0829 0.1 0 92 3 1 4.35732e-05 -7.70654e-05 0 0 6.95296e-310 6.95296e-310 0 0
652.089 439.246 5.295 9.953 12.0829 0.1 0 71 3 1 2.31612e-06 -1.73588e-06 0 0 6.95296e-310 6.95296e-310 0 0
632.243 438.526 5.295 9.953 12.0829 0.1 0 64 3 1 -3.40212e-06 -0.000102508 0 0 6.95296e-310 6.95296e-310 0 0
629.878 458.166 5.295 9.953 12.0829 0.1 0 45 3 1 0.000282933 -6.61291e-05 0 0 4.82672e-310 0 0 0
666.898 425.981 5.295 9.953 12.0829 0.1 0 99 3 1 5.50392e-06 -4.9304e-06 0 0 6.95296e-310 6.95296e-310 0 0
670.606 446.443 5.295 9.953 12.0829 0.1 0 63 3 1 6.42045e-06 4.91169e-06 0 0 3.21143e-322 4.82672e-310 0 0
690.106 450.281 5.295 9.953 12.0829 0.1 0 87 3 1 1.20208e-05 -1.88281e-06 0 0 0 0 0 0
590.036 495.325 5.295 9.953 12.0829 0.1 0 65 3 1 9.09368e-06 2.07323e-05 0 0 0 0 0 0
611.946 478.425 5.295 9.953 12.0829 0.1 0 42 3 1 -5.11199e-05 0.00018094 0 0 6.95296e-310 6.95296e-310 0 0
628.58 489.116 5.295 9.953 12.0829 0.1 0 35 3 1 2.90797e-05 6.86019e-05 0 0 0 0 0 0
654.78 458.965 5.295 9.953 12.0829 0.1 0 44 3 1 3.41926e-08 2.50554e-07 0 0 6.95296e-310 6.95296e-310 0 0
641.531 474.114 5.295 9.953 12.0829 0.1 0 36 3 1 6.36537e-05 9.77405e-05 0 0 0 0 0 0
673.077 466.835 5.295 9.953 12.0829 0.1 0 47 3 1 2.37238e-05 -5.09783e-05 0 0 6.95296e-310 6.95296e-310 0 0
659.841 481.607 5.295 9.953 12.0829 0.1 1 2313 0 0 9.90259e-05 1.80293e-05 0 0 0 0 0 0
692.69 470 5.295 9.953 12.0829 0.1 0 66 3 1 1.64454e-05 -1.33581e-06 0 0 0 0 0 0
609.759 498.002 5.295 9.953 12.0829 0.1 0 41 3 1 -1.7458e-05 0.00018892 0 0 6.95296e-310 6.95296e-310 0 0
626.341 508.819 5.295 9.953 12.0829 0.1 0 35 3 1 5.92623e-05 7.43332e-05 0 0 0 0 0 0
646.398 497.774 5.295 9.953 12.0829 0.1 1 1649 0 0 5.13845e-05 3.70634e-05 0 0 6.95296e-310 6.95296e-310 0 0
644.148 517.53 5.295 9.953 12.0829 0.1 0 34 3 1 7.57855e-05 4.36437e-05 0 0 0 0 0 0
679.542 485.822 5.295 9.953 12.0829 0.1 0 41 3 1 1.21061e-05 -1.31081e-05 0 0 6.95296e-310 6.95296e-310 0 0
666.062 500.418 5.295 9.953 12.0829 0.1 1 1364 0 0 5.7181e-05 3.30412e-05 0 0 0 0 0 0
699.697 488.603 5.295 9.953 12.0829 0.1 0 71 3 1 1.36154e-06 4.6712e-06 0 0 6.95296e-310 6.95296e-310 0 0
685.789 505.071 5.295 9.953 12.0829 0.1 0 48 3 1 -0 -0 0 0 0 0 0 0
599.23 514.709 5.295 9.953 12.0829 0.1 0 49 3 1 -0.000173392 9.54165e-05 0 0 6.95296e-310 6.95296e-310 0 0
618.415 527.012 5.295 9.953 12.0829 0.1 0 44 3 1 -2.78922e-05 3.87081e-05 0 0 4.00421e-311 6.32404e-322 0 0
636.078 536.132 5.295 9.953 12.0829 0.1 0 43 3 1 -1.23119e-05 7.0867e-06 0 0 9.53547e-322 4.82672e-310 0 0
669.873 519.87 5.295 9.953 12.0829 0.1 1 2060 0 0 5.80876e-06 4.48859e-05 0 0 6.95296e-310 6.95296e-310 0 0
655.814 533.878 5.295 9.953 12.0829 0.1 0 41 3 1 -1.03025e-05 2.90719e-05 0 0 6.42967e-310 2.37152e-321 0 0
708.202 506.579 5.295 9.953 12.0829 0.1 0 80 3 1 1.95012e-06 4.12138e-06 0 0 6.95296e-310 6.95296e-310 0 0
725.227 520.733 5.295 9.953 12.0829 0.1 0 124 3 1 7.68111e-06 -4.48316e-06 0 0 6.95296e-310 6.95296e-310 0 0
708.058 530.754 5.295 9.953 12.0829 0.1 0 97 3 1 1.58452e-05 4.80178e-06 0 0 6.95296e-310 6.95296e-310 0 0
688.936 525.391 5.295 9.953 12.0829 0.1 0 63 3 1 1.72081e-05 5.22449e-06 0 0 9.35266e-321 4.82672e-310 0 0
599.893 534.488 5.295 9.953 12.0829 0.1 0 73 3 1 6.54839e-07 9.36638e-05 0 0 6.95296e-310 6.95296e-310 0 0
583.033 544.95 5.295 9.953 12.0829 0.1 0 137 3 1 -4.38827e-05 2.72326e-05 0 0 6.95296e-310 6.95296e-310 0 0
613.79 548.636 5.295 9.953 12.0829 0.1 0 76 3 1 4.89324e-05 4.98198e-05 0 0 1.26975e-321 4.82672e-310 0 0
636.934 571.37 5.295 9.953 12.0829 0.1 0 87 3 1 -1.13029e-10 6.64781e-11 0 0 6.42967e-310 6.32404e-322 0 0
645.76 553.528 5.295 9.953 12.0829 0.1 0 56 3 1 -7.27948e-11 -9.98704e-11 0 0 6.95296e-310 6.95296e-310 0 0
665.352 557.049 5.295 9.953 12.0829 0.1 0 61 3 1 9.36576e-11 3.35765e-11 0 0 6.95296e-310 6.95296e-310 0 0
656.526 574.891 5.295 9.953 12.0829 0.1 0 85 3 1 -6.22842e-11 6.56231e-11 0 0 6.95296e-310 6.95296e-310 0 0
646.332 591.989 5.295 9.953 12.0829 0.1 0 138 3 1 -8.46095e-11 1.41918e-10 0 0 6.95296e-310 6.95296e-310 0 0
676.214 577.826 5.295 9.953 12.0829 0.1 0 91 3 1 7.35129e-12 2.65553e-11 0 0 6.95296e-310 6.95296e-310 0 0
694.302 586.136 5.295 9.953 12.0829 0.1 0 151 3 1 5.8891e-11 2.70578e-11 0 0 4.82672e-310 1.58101e-322 0 0
674.914 539.59 5.295 9.953 12.0829 0.1 0 50 3 1 1.2323e-10 -2.2499e-10 0 0 6.95296e-310 6.95296e-310 0 0
693.951 546.223 5.295 9.953 12.0829 0.1 0 70 3 1 3.24879e-12 -3.83089e-11 0 0 6.95296e-310 6.95296e-310 0 0
692.269 566.057 5.295 9.953 12.0829 0.1 0 87 3 1 4.63388e-11 1.96092e-12 0 0 6.95296e-310 6.95296e-310 0 0
80 235 2.6475 4.9765 6.04147 0.1 0 0 7 7 -0 -0.0266735 0 0 4.82672e-310 0 0 0
80 244 2.6475 4.9765 6.04147 0.1 0 0 7 7 -0 -0 0 0 3.21143e-322 4.82672e-310 0 0
80 253 2.6475 4.9765 6.04147 0.1 0 0 7 7 -0 -0 0 0 4.82672e-310 3.16202e-322 0 0
80 262 2.6475 4.9765 6.04147 0.1 0 0 7 7 -0 -0 0 0 1.58101e-322 4.82787e-310 0 0
80 271 2.6475 4.9765 6.04147 0.1 0 0 7 7 -0 -0 0 0 4.03179e-313 6.36599e-313 0 0
80 280 2.6475 4.9765 6.04147 0.1 0 0 7 7 -0 -0 0 0 4.60473e-312 4.64717e-312 0 0
80 289 2.6475 4.9765 6.04147 0.1 0 0 7 7 -0 -0 0 0 1.63042e-322 4.82672e-310 0 0
80 298 2.6475 4.9765 6.04147 0.1 0 0 7 7 -0 -0 0 0 4.82672e-310 1.58101e-322 0 0
80 307 2.6475 4.9765 6.04147 0.1 0 0 7 7 -0 -0 0 0 1.58101e-322 4.82787e-310 0 0
80 316 2.6475 4.9765 6.04147 0.1 0 0 7 7 -0 -0 0 0 5.49173e-311 6.32404e-322 0 0
80 325 2.6475 4.9765 6.04147 0.1 0 0 7 7 -0 -0 0 0 1.11165e-321 4.82672e-310 0 0
80 334 2.6475 4.9765 6.04147 0.1 0 0 7 7 -0 -0 0 0 4.82672e-310 0 0 0
80 343 2.6475 4.9765 6.04147 0.1 0 0 7 7 -0 -0 0 0 4.82672e-310 0 0 0
80 352 2.6475 4.9765 6.04147 0.1 0 0 7 7 -0 -0 0 0 1.27963e-321 0 0 0
80 361 2.6475 4.9765 6.04147 0.1 0 0 7 7 -0 -0 0 0 4.82672e-310 1.58101e-322 0 0
80 370 2.6475 4.9765 6.04147 0.1 0 0 7 7 -0 -0 0 0 1.58101e-322 4.82787e-310 0 0
80 379 2.6475 4.9765 6.04147 0.1 0 0 7 7 -0 -0 0 0 4.82672e-310 3.16202e-322 0 0
80 388 2.6475 4.9765 6.04147 0.1 0 0 7 7 -0 -0 0 0 1.90215e-321 4.82672e-310 0 0
80 397 2.6475 4.9765 6.04147 0.1 0 0 7 7 -0 -0 0 0 4.82672e-310 3.16202e-322 0 0
80 406 2.6475 4.9765 6.04147 0.1 0 0 7 7 -0 -0 0 0 1.58101e-322 4.82787e-310 0 0
80 415 2.6475 4.9765 6.04147 0.1 0 0 7 7 -0 -0 0 0 4.82672e-310 0 0 0
80 424 2.6475 4.9765 6.04147 0.1 0 0 7 7 -0 -0 0 0 4.82672e-310 4.82672e-310 0 0
80 433 2.6475 4.9765 6.04147 0.1 0 0 7 7 -0 -0 0 0 4.82672e-310 4.82672e-310 0 0
80 442 2.6475 4.9765 6.04147 0.1 0 0 7 7 -0 -0 0 0 4.82672e-310 4.82672e-310 0 0
80 451 2.6475 4.9765 6.04147 0.1 0 0 7 7 -0 -0 0 0 4.82672e-310 4.82672e-310 0 0
80 460 2.6475 4.9765 6.04147 0.1 0 0 7 7 -0 -0 0 0 4.82672e-310 4.82672e-310 0 0
80 469 2.6475 4.9765 6.04147 0.1 0 0 7 7 -0 -0 0 0 4.82672e-310 4.82672e-310 0 0
80 478 2.6475 4.9765 6.04147 0.1 0 0 7 7 -0 -0 0 0 0 4.82672e-310 0 0
80 487 2.6475 4.9765 6.04147 0.1 0 0 7 7 -0 -0 0 0 -nan 1.26481e-321 0 0
80 496 2.6475 4.9765 6.04147 0.1 0 0 7 7 -0 -0 0 0 4.82672e-310 0 0 0
80 505 2.6475 4.9765 6.04147 0.1 0 0 7 7 -0 -0 0 0 4.82672e-310 4.82672e-310 0 0
80 514 2.6475 4.9765 6.04147 0.1 0 0 7 7 -0 -0 0 0 4.79244e-322 4.82672e-310 0 0
80 523 2.6475 4.9765 6.04147 0.1 0 0 7 7 -0 -0 0 0 4.82672e-310 1.78884e-311 0 0
80 532 2.6475 4.9765 6.04147 0.1 0 0 7 7 -0 -0 0 0 1.63042e-322 4.82672e-310 0 0
80 541 2.6475 4.9765 6.04147 0.1 0 0 7 7 -0 -0 0 0 4.82672e-310 1.58101e-322 0 0
80 550 2.6475 4.9765 6.04147 0.1 0 0 7 7 -0 -0 0 0 4.79244e-322 4.82672e-310 0 0
80 559 2.6475 4.9765 6.04147 0.1 0 0 7 7 -0 -0 0 0 0 4.82672e-310 0 0
80 568 2.6475 4.9765 6.04147 0.1 0 0 7 7 -0 -0 0 0 -nan 1.26481e-321 0 0
80 577 2.6475 4.9765 6.04147 0.1 0 0 7 7 -0 -0 0 0 4.82672e-310 4.82672e-310 0 0
80 586 2.6475 4.9765 6.04147 0.1 0 0 7 7 -0 -0 0 0 4.82672e-310 4.82672e-310 0 0
80 595 2.6475 4.9765 6.04147 0.1 0 0 7 7 -0 -0 0 0 4.82672e-310 4.82672e-310 0 0
80 604 2.6475 4.9765 6.04147 0.1 0 0 7 7 -0 -0 0 0 4.82672e-310 4.82672e-310 0 0
80 613 2.6475 4.9765 6.04147 0.1 0 0 7 7 -0 -0 0 0 4.82672e-310 4.82672e-310 0 0
80 622 2.6475 4.9765 6.04147 0.1 0 0 7 7 -0 -0 0 0 4.82672e-310 4.82672e-310 0 0
80 631 2.6475 4.9765 6.04147 0.1 0 0 7 7 -0 -0 0 0 4.82672e-310 4.82672e-310 0 0
80 640 2.6475 4.9765 6.04147 0.1 0 0 7 7 -0 -0 0 0 4.82672e-310 4.82672e-310 0 0
80 649 2.6475 4.9765 6.04147 0.1 0 0 7 7 -0 -0 0 0 4.82672e-310 4.82672e-310 0 0
80 658 2.6475 4.9765 6.04147 0.1 0 0 7 7 -0 -0 0 0 4.82672e-310 4.82672e-310 0 0
80 667 2.6475 4.9765 6.04147 0.1 0 0 7 7 -0 -0 0 0 4.82672e-310 4.82672e-310 0 0
80 676 2.6475 4.9765 6.04147 0.1 0 0 7 7 -0 -0 0 0 4.82672e-310 4.82672e-310 0 0
80 685 2.6475 4.9765 6.04147 0.1 0 0 7 7 -0 -0 0 0 4.82672e-310 3.16202e-322 0 0
80 694 2.6475 4.9765 6.04147 0.1 0 0 7 7 -0 -0 0 0 6.42965e-310 0 0 0
80 703 2.6475 4.9765 6.04147 0.1 0 0 7 7 -0 -0 0 0 4.82672e-310 2.74798e-311 0 0
80 712 2.6475 4.9765 6.04147 0.1 0 0 7 7 -0 -0 0 0 4.82672e-310 4.07635e-311 0 0
80 721 2.6475 4.9765 6.04147 0.1 0 0 7 7 -0 -0 0 0 9.53547e-322 4.82672e-310 0 0
80 730 2.6475 4.9765 6.04147 0.1 0 0 7 7 -0 -0 0 0 1.58101e-322 1.01185e-320 0 0
80 739 2.6475 4.9765 6.04147 0.1 0 0 7 7 -0 -0 0 0 1.14673e-320 2.41895e-320 0 0
80 748 2.6475 4.9765 6.04147 0.1 0 0 7 7 -0 -0 0 0 4.82672e-310 4.80632e-311 0 0
80 757 2.6475 4.9765 6.04147 0.1 0 0 7 7 -0 -0 0 0 3.21143e-322 4.82672e-310 0 0
80 766 2.6475 4.9765 6.04147 0.1 0 0 7 7 -0 -0 0 0 1.58101e-322 4.82787e-310 0 0
80 775 2.6475 4.9765 6.04147 0.1 0 0 7 7 -0 0.0266735 0 0 1.16402e-320 2.76677e-320 0 0
100 208 2.6475 4.9765 6.04147 0.1 0 0 7 7 -0 -0.0266735 0 0 9.4641e-312 4.19731e-311 0 0
100 217 2.6475 4.9765 6.04147 0.1 0 0 7 7 -0 -0 0 0 3.16202e-322 4.82787e-310 0 0
100 226 2.6475 4.9765 6.04147 0.1 0 0 7 7 -0 -0 0 0 1.58101e-322 4.82787e-310 0 0
100 235 2.6475 4.9765 6.04147 0.1 0 0 7 7 -0 -0 0 0 1.16896e-320 3.11459e-320 0 0
100 244 2.6475 4.9765 6.04147 0.1 0 0 7 7 -0 -0 0 0 3.81959e-312 3.22543e-311 0 0
100 253 2.6475 4.9765 6.04147 0.1 0 0 7 7 -0 -0 0 0 2.85076e-321 4.82672e-310 0 0
100 262 2.6475 4.9765 6.04147 0.1 0 0 7 7 -0 -0 0 0 1.58101e-322 4.82787e-310 0 0
100 271 2.6475 4.9765 6.04147 0.1 0 0 7 7 -0 -0 0 0 4.82669e-310 3.46241e-320 0 0
100 280 2.6475 4.9765 6.04147 0.1 0 0 7 7 -0 -0 0 0 4.82672e-310 4.82672e-310 0 0
100 289 2.6475 4.9765 6.04147 0.1 0 0 7 7 3.30036e-05 1.78484e-05 0 0 4.82672e-310 4.82672e-310 0 0
100 298 2.6475 4.9765 6.04147 0.1 0 0 7 7 0.000671492 0.0263075 0 0 4.82672e-310 4.82672e-310 0 0
108.287 293.482 2.6475 4.9765 6.04147 0.1 0 0 7 15 -4.23899e-09 4.45108e-09 0 0 4.82672e-310 4.82672e-310 0 0
116.75 289.299 2.6475 4.9765 6.04147 600 0 784 7 13 -2.58822e-07 -4.95198e-07 0 0 0.983506 -0.180877 0 0
125.209 285.11 2.6475 4.9765 6.04147 600 0 829 7 15 -5.08802e-07 -9.84668e-07 0 0 0.998508 -0.0546056 0 0
133.662 280.909 2.6475 4.9765 6.04147 600 0 1370 7 13 -7.46665e-07 -1.44804e-06 0 0 0.886379 -0.462961 0 0
142.107 276.691 2.6475 4.9765 6.04147 600 0 1415 7 13 -9.61728e-07 -1.86339e-06 0 0 0.710542 -0.703654 0 0
150.54 272.45 2.6475 4.9765 6.04147 600 0 1460 7 13 -1.14108e-06 -2.20499e-06 0 0 0.783068 -0.621936 0 0
158.96 268.183 2.6475 4.9765 6.04147 600 0 1505 7 13 -1.27159e-06 -2.44756e-06 0 0 0.741946 -0.67046 0 0
167.365 263.886 2.6475 4.9765 6.04147 600 0 1550 7 13 -1.3419e-06 -2.57032e-06 0 0 0.730896 -0.682489 0 0
175.754 259.558 2.6475 4.9765 6.04147 600 0 1595 7 13 -1.34395e-06 -2.55968e-06 0 0 0.621018 -0.783796 0 0
184.127 255.199 2.6475 4.9765 6.04147 600 0 1640 7 13 -1.27377e-06 -2.41043e-06 0 0 0.619647 -0.784881 0 0
192.485 250.811 2.6475 4.9765 6.04147 600 0 1685 7 13 -1.13204e-06 -2.12617e-06 0 0 0.60003 -0.799977 0 0
200.829 246.398 2.6475 4.9765 6.04147 600 0 1730 7 13 -9.24584e-07 -1.7198e-06 0 0 0.728527 -0.685018 0 0
209.162 241.964 2.6475 4.9765 6.04147 600 0 1775 7 13 -6.63065e-07 -1.21431e-06 0 0 0.685207 -0.728348 0 0
217.488 237.515 2.6475 4.9765 6.04147 600 0 1820 7 13 -3.65791e-07 -6.44103e-07 0 0 0.666608 -0.745409 0 0
225.809 233.058 2.6475 4.9765 6.04147 600 0 1865 7 13 -5.85709e-08 -5.66923e-08 0 0 0.589798 -0.807551 0 0
234.13 228.601 2.6475 4.9765 6.04147 600 0 1910 7 13 2.24609e-07 4.85614e-07 0 0 0.63078 -0.775962 0 0
242.454 224.149 2.6475 4.9765 6.04147 600 0 1910 7 13 4.41578e-07 9.04904e-07 0 0 6.95296e-310 6.95296e-310 0 0
250.783 219.708 2.6475 4.9765 6.04147 600 0 2000 7 13 5.4377e-07 1.11011e-06 0 0 0.810344 -0.585954 0 0
259.12 215.28 2.6475 4.9765 6.04147 600 0 2045 7 13 4.8183e-07 1.00697e-06 0 0 0.811739 -0.58402 0 0
267.463 210.864 2.6475 4.9765 6.04147 600 0 2090 7 13 2.17464e-07 5.20945e-07 0 0 0.814796 -0.579747 0 0
275.809 206.453 2.6475 4.9765 6.04147 600 0 2135 7 13 -2.57227e-07 -3.64059e-07 0 0 0.848218 -0.529648 0 0
284.152 202.038 2.6475 4.9765 6.04147 600 0 2180 7 13 -8.95975e-07 -1.55802e-06 0 0 0.847969 -0.530045 0 0
292.486 197.604 2.6475 4.9765 6.04147 600 0 2225 7 13 -1.58015e-06 -2.83087e-06 0 0 0.851253 -0.524755 0 0
300.801 193.136 2.6475 4.9765 6.04147 600 0 2270 7 13 -2.12281e-06 -3.82794e-06 0 0 0.868279 -0.496076 0 0
309.09 188.621 2.6475 4.9765 6.04147 600 0 2315 7 15 -2.31165e-06 -4.16217e-06 0 0 0.858417 -0.512953 0 0
317.353 184.057 2.6475 4.9765 6.04147 600 0 2855 7 13 -1.99185e-06 -3.57101e-06 0 0 0.828238 -0.560377 0 0
325.591 179.449 2.6475 4.9765 6.04147 600 0 2855 7 13 -1.15864e-06 -2.06911e-06 0 0 0.863038 -0.505139 0 0
333.816 174.816 2.6475 4.9765 6.04147 600 0 50 7 10 -0.000332634 0.000287649 0 0 0.872509 -0.488598 0 0
340.659 181.291 2.6475 4.9765 6.04147 600 0 2848 7 14 -9.46133e-06 1.16126e-05 0 0 0.872509 -0.488598 0 0
342.855 172.13 2.6475 4.9765 6.04147 600 0 2495 7 15 1.35549e-05 1.09372e-05 0 0 0.921166 -0.389169 0 0
352.08 170.18 2.6475 4.9765 6.04147 600 0 2540 7 13 -1.03804e-05 -3.19626e-05 0 0 0.948419 -0.31702 0 0
361.087 167.387 2.6475 4.9765 6.04147 600 0 2585 7 13 2.92597e-05 4.47675e-06 0 0 0.940255 -0.340471 0 0
370.181 164.894 2.6475 4.9765 6.04147 600 0 2630 7 13 -3.48369e-07 -5.05956e-06 0 0 0.976028 -0.217644 0 0
379.244 162.286 2.6475 4.9765 6.04147 600 0 2675 7 13 3.492e-05 -1.10748e-05 0 0 0.913959 -0.405806 0 0
388.3 159.656 2.6475 4.9765 6.04147 600 0 2720 7 13 6.64921e-06 -1.44972e-06 0 0 0.882204 -0.470867 0 0
397.36 157.036 2.6475 4.9765 6.04147 600 0 2765 7 13 4.06716e-05 -1.36629e-05 0 0 0.968989 -0.247105 0 0
406.411 154.381 2.6475 4.9765 6.04147 600 0 2810 7 13 2.02501e-05 7.80016e-06 0 0 0.946594 -0.322429 0 0
415.53 151.969 2.6475 4.9765 6.04147 600 0 2855 7 13 3.83144e-05 -3.95872e-05 0 0 0.970944 -0.239305 0 0
424.511 149.081 2.6475 4.9765 6.04147 600 0 2900 7 13 6.69256e-05 0.000100141 0 0 0.950546 -0.310583 0 0
433.886 148.022 2.6475 4.9765 6.04147 600 0 2945 7 13 4.88515e-05 -0.000230212 0 0 0.965773 -0.259387 0 0
442.434 144.022 2.6475 4.9765 6.04147 600 0 2990 7 13 0.000301293 0.000319263 0 0 0.933942 -0.357423 0 0
451.874 144.254 2.6475 4.9765 6.04147 600 0 2990 9 13 0.000323054 -0.000194628 0 0 0.993698 -0.112094 0 0
461.239 142.979 2.6475 4.9765 6.04147 600 0 1675 8 10 0.000345049 -2.65331e-05 0 0 0.992459 -0.122575 0 0
251.489 233.897 2.6475 4.9765 6.04147 600 0 1948 7 14 -5.88263e-05 6.53313e-05 0 0 0.881802 -0.47162 0 0
245.186 240.897 2.6475 4.9765 6.04147 600 0 1948 7 14 0.000189069 -0.000159744 0 0 0.856272 -0.516525 0 0
240.992 249.336 2.6475 4.9765 6.04147 600 0 1903 7 14 -0.000268469 7.80498e-05 0 0 0.864455 -0.50271 0 0
235.782 241.488 2.6475 4.9765 6.04147 600 0 1858 7 14 -0.000141984 0.000174144 0 0 0.920563 -0.390595 0 0
231.593 249.923 2.6475 4.9765 6.04147 600 0 1813 7 14 0.000405721 -0.000184333 0 0 0.882647 -0.470037 0 0
222.371 251.878 2.6475 4.9765 6.04147 600 0 1768 7 14 -0.000264286 0.000236672 0 0 0.921302 -0.388849 0 0
217.179 259.739 2.6475 4.9765 6.04147 600 0 1723 7 14 -1.69071e-05 -0.000140987 0 0 0.883572 -0.468295 0 0
208.563 263.569 2.6475 4.9765 6.04147 600 0 1678 7 14 -0.000201113 0.000264194 0 0 0.799573 -0.600569 0 0
201.673 270.005 2.6475 4.9765 6.04147 600 0 1633 7 14 6.06034e-05 1.02545e-05 0 0 0.863367 -0.504577 0 0
195.512 277.148 2.6475 4.9765 6.04147 600 0 1588 7 14 -0.000197288 -5.03144e-05 0 0 0.828814 -0.559525 0 0
187.413 281.98 2.6475 4.9765 6.04147 600 0 1543 7 14 0.000731606 0.000948052 0 0 0.800172 -0.599771 0 0
189.185 291.26 2.6475 4.9765 6.04147 600 0 1498 7 14 2.9831e-05 0.000746829 0 0 0.831337 -0.555768 0 0
190.46 300.63 2.6475 4.9765 6.04147 600 0 1453 7 14 0.00086476 -0.000492492 0 0 0.772007 -0.635614 0 0
189.179 309.977 2.6475 4.9765 6.04147 600 0 1408 7 14 0.000206915 -0.000608049 0 0 0.835064 -0.550152 0 0
197.922 306.443 2.6475 4.9765 6.04147 600 0 1009 7 15 0.000863648 -0.000328542 0 0 0.921332 -0.388777 0 0
207.1 308.775 2.6475 4.9765 6.04147 600 0 1054 7 13 0.000135843 -0.000215604 0 0 0.945449 -0.325769 0 0
216.481 310.155 2.6475 4.9765 6.04147 600 0 1099 7 13 0.000264307 -4.37072e-05 0 0 0.910708 -0.413051 0 0
225.9 311.239 2.6475 4.9765 6.04147 600 0 1144 7 13 -0.000187899 -0.000139504 0 0 0.972433 -0.233181 0 0
235.365 311.867 2.6475 4.9765 6.04147 600 0 1189 7 13 0.000148366 -9.62297e-05 0 0 0.961498 -0.274812 0 0
244.838 312.104 2.6475 4.9765 6.04147 600 0 1234 7 13 -0.000620521 -8.9536e-05 0 0 0.931207 -0.36449 0 0
254.319 311.979 2.6475 4.9765 6.04147 600 0 1279 7 13 0.000506561 -9.67086e-05 0 0 0.95688 -0.290485 0 0
263.766 311.508 2.6475 4.9765 6.04147 600 0 1324 7 13 -0.00145004 3.83589e-05 0 0 0.927903 -0.372821 0 0
273.214 310.716 2.6475 4.9765 6.04147 600 0 1369 7 13 0.00160261 -0.000214651 0 0 0.946256 -0.323419 0 0
282.587 309.641 2.6475 4.9765 6.04147 600 0 1414 7 13 -0.00283752 0.000331715 0 0 0.972696 -0.232081 0 0
291.983 308.314 2.6475 4.9765 6.04147 600 0 1459 7 13 0.00335354 -0.00054724 0 0 0.9413 -0.337572 0 0
301.266 306.784 2.6475 4.9765 6.04147 600 0 1504 7 13 -0.00441812 0.000752101 0 0 0.925884 -0.377809 0 0
310.615 305.071 2.6475 4.9765 6.04147 600 0 1549 7 15 0.00504208 -0.000979119 0 0 0.898937 -0.438077 0 0
319.829 303.247 2.6475 4.9765 6.04147 600 0 2308 7 13 -0.00562951 0.00113264 0 0 0.863324 -0.504649 0 0
329.151 301.313 2.6475 4.9765 6.04147 600 0 2353 7 13 0.00623288 -0.00131778 0 0 0.830603 -0.556866 0 0
338.331 299.356 2.6475 4.9765 6.04147 600 0 2398 7 13 -0.00661338 0.00141177 0 0 0.779255 -0.626707 0 0
347.658 297.359 2.6475 4.9765 6.04147 600 0 2443 7 13 0.00741903 -0.00157126 0 0 0.719513 -0.694479 0 0
356.833 295.419 2.6475 4.9765 6.04147 600 0 2488 7 13 -0.0831726 0.0169969 0 0 0.77187 -0.635781 0 0
367.091 293.327 2.6475 4.9765 6.04147 600 0 2533 7 13 0.0799564 -0.0162885 0 0 0.755129 -0.655576 0 0
375.444 291.707 2.6475 4.9765 6.04147 600 0 2578 7 13 2.87185e-05 1.98462e-05 0 0 0.815671 -0.578516 0 0
384.761 290.011 2.6475 4.9765 6.04147 600 0 2623 7 13 4.70358e-05 2.34178e-05 0 0 0.783612 -0.621251 0 0
394.104 288.459 2.6475 4.9765 6.04147 600 0 2668 7 13 -3.90922e-06 3.92031e-05 0 0 0.868925 -0.494944 0 0
403.474 287.083 2.6475 4.9765 6.04147 600 0 2713 7 13 -1.15344e-05 4.73751e-05 0 0 0.845139 -0.534547 0 0
412.873 285.918 2.6475 4.9765 6.04147 600 0 2758 7 13 -3.33859e-05 5.60921e-05 0 0 0.897429 -0.441159 0 0
422.297 284.999 2.6475 4.9765 6.04147 600 0 2803 7 13 -4.05238e-05 6.46084e-05 0 0 0.902092 -0.431544 0 0
431.745 284.375 2.6475 4.9765 6.04147 600 0 2848 7 13 -5.18076e-05 3.16737e-05 0 0 0.946076 -0.323943 0 0
441.199 283.895 2.6475 4.9765 6.04147 600 0 2893 7 13 -5.0035e-05 0.000126805 0 0 0.93293 -0.360059 0 0
450.663 284.058 2.6475 4.9765 6.04147 600 0 2938 7 13 -4.88947e-05 -5.79028e-05 0 0 0.915388 -0.402573 0 0
460.127 283.923 2.6475 4.9765 6.04147 600 0 2983 7 13 -4.21605e-05 0.000349191 0 0 0.942242 -0.334934 0 0
469.43 285.659 2.6475 4.9765 6.04147 600 0 2983 9 13 -7.82674e-06 0.000171409 0 0 0.999955 -0.00948068 0 0
477.609 290.435 2.6475 4.9765 6.04147 600 0 737 8 10 8.75694e-05 1.28607e-05 0 0 0.999955 -0.00948068 0 0
470.358 296.487 2.6475 4.9765 6.04147 600 0 2976 9 14 0.000205809 0.000150771 0 0 0.999996 0.00298063 0 0
461.606 300.013 2.6475 4.9765 6.04147 600 0 2976 7 14 -1.29e-05 -0.000408932 0 0 0.983716 0.17973 0 0
452.526 297.446 2.6475 4.9765 6.04147 600 0 2931 7 14 -0.000148404 9.61564e-05 0 0 0.99044 0.137944 0 0
443.134 296.512 2.6475 4.9765 6.04147 600 0 2886 7 14 -0.000120697 6.1414e-05 0 0 0.999266 0.0383059 0 0
433.693 296.368 2.6475 4.9765 6.04147 600 0 2841 7 14 -0.000106077 7.61609e-05 0 0 0.999526 -0.0307983 0 0
424.269 296.974 2.6475 4.9765 6.04147 600 0 2796 7 14 -5.74794e-05 3.74007e-05 0 0 0.999483 0.0321576 0 0
414.867 297.885 2.6475 4.9765 6.04147 600 0 2751 7 14 -5.41444e-05 2.72221e-05 0 0 0.999983 0.00574638 0 0
405.485 298.983 2.6475 4.9765 6.04147 600 0 2706 7 14 4.61752e-05 2.2772e-05 0 0 0.992038 -0.125941 0 0
396.135 300.33 2.6475 4.9765 6.04147 600 0 2661 7 14 -1.50913e-05 3.82435e-05 0 0 0.977925 -0.208955 0 0
386.838 301.987 2.6475 4.9765 6.04147 600 0 2616 7 14 0.000209183 -7.15574e-06 0 0 0.975351 -0.22066 0 0
377.601 303.96 2.6475 4.9765 6.04147 600 0 2571 7 14 -6.81614e-05 6.73844e-05 0 0 0.95662 -0.291338 0 0
368.493 306.429 2.6475 4.9765 6.04147 600 0 2526 7 14 0.000494209 -0.000117774 0 0 0.928561 -0.37118 0 0
359.474 309.223 2.6475 4.9765 6.04147 600 0 2481 7 14 -0.000300684 0.000331968 0 0 0.902774 -0.430116 0 0
351.535 314.299 2.6475 4.9765 6.04147 600 0 2436 7 14 0.000932711 -0.000601702 0 0 0.922771 -0.385349 0 0
343.675 319.534 2.6475 4.9765 6.04147 600 0 2391 7 14 -0.000540575 0.00147605 0 0 0.851827 -0.523824 0 0
336.805 325.961 2.6475 4.9765 6.04147 600 0 2346 7 14 0.001301 -0.000258551 0 0 0.86623 -0.499645 0 0
345.804 328.696 2.6475 4.9765 6.04147 600 0 1729 7 15 -0.00136552 -0.00137639 0 0 0.966446 -0.25687 0 0
353.359 334.373 2.6475 4.9765 6.04147 600 0 1774 7 13 0.0012899 0.000847825 0 0 0.997897 -0.0648263 0 0
361.379 339.31 2.6475 4.9765 6.04147 600 0 1819 7 13 -0.000717721 -0.000459795 0 0 0.997646 0.0685704 0 0
369.78 343.628 2.6475 4.9765 6.04147 600 0 1864 7 13 0.000725374 0.000321969 0 0 0.999237 -0.039061 0 0
378.355 347.551 2.6475 4.9765 6.04147 600 0 1909 7 13 -0.00035573 -0.00017922 0 0 0.99421 -0.107454 0 0
387.041 351.263 2.6475 4.9765 6.04147 600 0 1954 7 13 0.000472755 0.000184881 0 0 0.982367 -0.186961 0 0
395.773 354.848 2.6475 4.9765 6.04147 600 0 1999 7 13 -0.000178826 -7.93912e-05 0 0 0.998419 0.0562042 0 0
404.536 358.383 2.6475 4.9765 6.04147 600 0 2044 7 13 0.000382686 0.000152347 0 0 0.995223 -0.0976253 0 0
413.302 361.905 2.6475 4.9765 6.04147 600 0 2089 7 13 -7.42924e-05 -2.36056e-05 0 0 0.996932 -0.0782716 0 0
422.06 365.47 2.6475 4.9765 6.04147 600 0 2134 7 13 0.000319155 0.000127122 0 0 0.982428 -0.186639 0 0
430.822 369.022 2.6475 4.9765 6.04147 600 0 2179 7 13 -0.000109572 4.0328e-05 0 0 0.998969 0.0454068 0 0
439.395 373.026 2.6475 4.9765 6.04147 600 0 2224 7 13 0.000449276 -0.000128824 0 0 0.998599 0.0529077 0 0
448.502 375.578 2.6475 4.9765 6.04147 600 0 2269 7 13 -0.00035981 -0.000260732 0 0 0.999743 -0.022666 0 0
456.795 380.159 2.6475 4.9765 6.04147 600 0 2314 7 13 0.000534777 0.000353693 0 0 0.999951 -0.00989107 0 0
465.659 383.503 2.6475 4.9765 6.04147 600 0 2359 7 13 -0.000235467 -0.000267842 0 0 0.966884 0.255216 0 0
474.752 386.192 2.6475 4.9765 6.04147 600 0 2404 7 13 8.83993e-05 0.000137477 0 0 0.972813 0.23159 0 0
483.709 389.278 2.6475 4.9765 6.04147 600 0 2449 7 13 -0.000445265 -0.000136656 0 0 0.979364 0.202106 0 0
492.645 392.44 2.6475 4.9765 6.04147 600 0 2494 7 13 0.000400448 0.000219373 0 0 0.989041 0.147641 0 0
501.46 395.869 2.6475 4.9765 6.04147 600 0 2539 7 13 -0.00136696 -0.000349027 0 0 0.976473 0.21564 0 0
509.992 391.827 2.6475 4.9765 6.04147 600 0 2584 7 13 0.000257757 -0.000619813 0 0 0.967813 0.25167 0 0
509.276 401.222 2.6475 4.9765 6.04147 600 0 2629 7 13 0.000661074 0.00103686 0 0 0.978999 0.203867 0 0
514.668 408.955 2.6475 4.9765 6.04147 600 0 2674 7 13 -0.000613465 -0.000564716 0 0 0.945031 0.326982 0 0
523.724 411.617 2.6475 4.9765 6.04147 600 0 2719 7 13 9.39847e-05 -2.96414e-05 0 0 0.968925 0.247354 0 0
532.435 408.01 2.6475 4.9765 6.04147 600 0 2764 7 13 -0.000272276 -2.3686e-05 0 0 0.995369 0.0961275 0 0
541.006 411.964 2.6475 4.9765 6.04147 600 0 2809 7 13 -0.00011042 -8.34085e-05 0 0 0.979345 0.202195 0 0
549.771 415.448 2.6475 4.9765 6.04147 600 0 2854 7 13 -0.000187892 -0.000101008 0 0 0.95509 0.296315 0 0
558.765 418.281 2.6475 4.9765 6.04147 600 0 2899 7 13 -0.000179973 1.55463e-05 0 0 0.983255 0.182237 0 0
566.003 424.317 2.6475 4.9765 6.04147 600 0 2944 7 13 -6.99584e-05 -0.000148377 0 0 0.99461 0.103689 0 0
574.538 420.324 2.6475 4.9765 6.04147 600 0 2989 7 13 0.000127495 0.000263313 0 0 0.999714 0.0239223 0 0
580.653 427.5 2.6475 4.9765 6.04147 600 0 2989 9 13 0.000436991 3.41534e-06 0 0 0.999633 0.0271015 0 0
588.91 432.082 2.6475 4.9765 6.04147 0.1 0 2261 8 10 0.000384524 8.98617e-05 0 0 0.967851 0.251525 1 0
581.819 438.315 2.6475 4.9765 6.04147 600 0 2989 9 14 0.000330972 8.73037e-06 0 0 0.999889 0.0148795 0 0
573.038 441.75 2.6475 4.9765 6.04147 600 0 2989 7 14 0.000202566 -0.000239825 0 0 0.941812 0.336139 0 0
566.005 435.478 2.6475 4.9765 6.04147 600 0 2944 7 14 5.12639e-05 8.8133e-05 0 0 0.946154 0.323718 0 0
557.022 432.624 2.6475 4.9765 6.04147 600 0 2899 7 14 -0.000147465 -4.40414e-05 0 0 0.899445 0.437034 0 0
548.01 429.875 2.6475 4.9765 6.04147 600 0 2854 7 14 0.000216522 6.61777e-05 0 0 0.91459 0.404382 0 0
538.919 427.381 2.6475 4.9765 6.04147 600 0 2809 7 14 -0.000324292 -8.48853e-05 0 0 0.929181 0.369625 0 0
529.806 424.994 2.6475 4.9765 6.04147 600 0 2764 7 14 0.000408115 0.000106595 0 0 0.905281 0.424813 0 0
520.675 422.637 2.6475 4.9765 6.04147 600 0 2719 7 14 -0.000543573 -0.000148098 0 0 0.818258 0.574851 0 0
511.593 420.141 2.6475 4.9765 6.04147 600 0 2674 7 14 0.000579706 0.000189216 0 0 0.836737 0.547605 0 0
503.27 415.7 2.6475 4.9765 6.04147 600 0 2629 7 14 -0.0006811 -0.000384984 0 0 0.828117 0.560555 0 0
495.093 411.025 2.6475 4.9765 6.04147 600 0 2584 7 14 0.000638489 0.000368977 0 0 0.855072 0.518509 0 0
487.095 406.016 2.6475 4.9765 6.04147 600 0 2539 7 14 -0.000731686 -0.000389679 0 0 0.795788 0.605575 0 0
478.745 401.656 2.6475 4.9765 6.04147 600 0 2494 7 14 0.000622629 0.000328649 0 0 0.861803 0.507243 0 0
470.062 397.956 2.6475 4.9765 6.04147 600 0 2449 7 14 -0.000621805 -0.000242988 0 0 0.784122 0.620607 0 0
461.29 394.512 2.6475 4.9765 6.04147 600 0 2404 7 14 0.000493164 0.00024689 0 0 0.955563 0.294786 0 0
451.877 393.848 2.6475 4.9765 6.04147 600 0 2359 7 15 -0.000539725 -0.000106214 0 0 0.966884 0.255216 0 0
448.685 385 2.6475 4.9765 6.04147 600 0 2738 7 13 -0.000261388 0.00111559 0 0 0.973075 0.23049 0 0
442.59 392.202 2.6475 4.9765 6.04147 600 0 49 7 10 0.00134411 -0.00073284 0 0 0.664712 0.747099 0 0
435.667 385.81 2.6475 4.9765 6.04147 600 0 2745 7 14 -6.00554e-07 3.23726e-05 0 0 0.928724 0.370773 0 0
426.573 383.345 2.6475 4.9765 6.04147 600 0 2745 7 14 -4.76334e-05 -6.00857e-05 0 0 0.905376 0.424611 0 0
419.041 377.683 2.6475 4.9765 6.04147 600 0 2179 7 15 2.34751e-05 5.50268e-05 0 0 0.887379 0.461041 0 0
409.9 375.387 2.6475 4.9765 6.04147 600 0 2134 7 14 -0.000142905 -7.39448e-05 0 0 0.804094 0.594502 0 0
401.231 371.694 2.6475 4.9765 6.04147 600 0 2089 7 14 9.34484e-05 4.96981e-05 0 0 0.858997 0.511981 0 0
392.322 368.608 2.6475 4.9765 6.04147 600 0 2044 7 14 -0.000206921 -7.73847e-05 0 0 0.896738 0.442562 0 0
383.465 365.387 2.6475 4.9765 6.04147 600 0 1999 7 14 0.000153163 5.89567e-05 0 0 0.824415 0.565986 0 0
374.551 362.309 2.6475 4.9765 6.04147 600 0 1954 7 14 -0.000248186 -8.29972e-05 0 0 0.851545 0.524281 0 0
365.624 359.283 2.6475 4.9765 6.04147 600 0 1909 7 14 0.00021339 7.46458e-05 0 0 0.927519 0.373776 0 0
356.662 356.343 2.6475 4.9765 6.04147 600 0 1864 7 14 -0.000296161 -8.92183e-05 0 0 0.862623 0.505847 0 0
347.665 353.532 2.6475 4.9765 6.04147 600 0 1819 7 14 0.000318444 0.000101965 0 0 0.889053 0.457805 0 0
338.627 350.825 2.6475 4.9765 6.04147 600 0 1774 7 14 -0.000411665 -9.96462e-05 0 0 0.898563 0.438845 0 0
329.507 348.452 2.6475 4.9765 6.04147 600 0 1729 7 14 0.000554707 0.000144388 0 0 0.943864 0.330334 0 0
320.372 346.083 2.6475 4.9765 6.04147 600 0 1684 7 14 -0.00072513 -9.8091e-05 0 0 0.878327 0.478061 0 0
311.049 344.752 2.6475 4.9765 6.04147 600 0 1639 7 14 0.00111141 0.000176863 0 0 0.906782 0.4216 0 0
301.781 342.938 2.6475 4.9765 6.04147 600 0 1594 7 14 -0.0015381 3.10331e-05 0 0 0.924219 0.381862 0 0
292.409 343.701 2.6475 4.9765 6.04147 600 0 1549 7 14 0.0024835 -0.000179359 0 0 0.963564 0.26748 0 0
282.966 344.312 2.6475 4.9765 6.04147 600 0 1504 7 14 -0.00350052 0.000982015 0 0 0.937049 0.349198 0 0
274.279 347.82 2.6475 4.9765 6.04147 600 0 1459 7 15 0.00468424 -0.00408578 0 0 0.960477 0.27836 0 0
265.41 351.167 2.6475 4.9765 6.04147 600 0 1896 7 13 -0.00368936 -0.000541462 0 0 0.915701 0.401861 0 0
272.735 357.187 2.6475 4.9765 6.04147 600 0 1941 7 13 0.00242163 0.00634502 0 0 0.819912 0.572489 0 0
276.644 365.699 2.6475 4.9765 6.04147 600 0 1986 7 13 -0.00169485 -0.00369338 0 0 0.741532 0.670917 0 0
280.605 374.304 2.6475 4.9765 6.04147 600 0 2031 7 13 0.00136378 0.00229425 0 0 0.787684 0.616079 0 0
286.07 381.963 2.6475 4.9765 6.04147 600 0 2076 7 13 -0.000872665 -0.00122384 0 0 0.864418 0.502773 0 0
291.362 389.792 2.6475 4.9765 6.04147 600 0 2121 7 13 0.000635602 0.000814115 0 0 0.843688 0.536834 0 0
297.166 397.22 2.6475 4.9765 6.04147 600 0 2166 7 13 -0.000346508 -0.000456075 0 0 0.849686 0.527288 0 0
303.107 404.561 2.6475 4.9765 6.04147 600 0 2211 7 13 0.000276959 0.000293884 0 0 0.871254 0.490832 0 0
309.298 411.679 2.6475 4.9765 6.04147 600 0 2256 7 13 -0.000146526 -0.000197799 0 0 0.850925 0.525287 0 0
315.714 418.603 2.6475 4.9765 6.04147 600 0 2301 7 13 0.00013063 0.000102764 0 0 0.902262 0.431188 0 0
322.355 425.306 2.6475 4.9765 6.04147 600 0 2346 7 13 -7.97064e-05 -0.000108558 0 0 0.875108 0.483927 0 0
329.201 431.804 2.6475 4.9765 6.04147 600 0 2391 7 13 6.56433e-05 3.69205e-05 0 0 0.910057 0.414482 0 0
336.209 438.122 2.6475 4.9765 6.04147 600 0 2436 7 13 -6.00069e-05 -7.09137e-05 0 0 0.854256 0.519853 0 0
343.343 444.3 2.6475 4.9765 6.04147 600 0 2481 7 13 3.47626e-05 1.55016e-05 0 0 0.884469 0.4666 0 0
350.578 450.357 2.6475 4.9765 6.04147 600 0 2526 7 13 -4.90452e-05 -5.37589e-05 0 0 0.919907 0.392136 0 0
357.912 456.293 2.6475 4.9765 6.04147 600 0 2571 7 13 2.13369e-05 1.98869e-06 0 0 0.914183 0.405302 0 0
365.36 462.085 2.6475 4.9765 6.04147 600 0 2616 7 13 -3.90043e-05 -4.5488e-05 0 0 0.931991 0.362481 0 0
372.932 467.712 2.6475 4.9765 6.04147 600 0 2661 7 13 1.03047e-05 -8.03053e-06 0 0 0.935198 0.354125 0 0
380.63 473.166 2.6475 4.9765 6.04147 600 0 2706 7 13 -3.36785e-05 -3.74846e-05 0 0 0.953054 0.302802 0 0
388.446 478.447 2.6475 4.9765 6.04147 600 0 2751 7 13 -1.88139e-06 -1.515e-05 0 0 0.965096 0.261897 0 0
396.382 483.545 2.6475 4.9765 6.04147 600 0 2796 7 13 -3.01004e-05 -3.26553e-05 0 0 0.984372 0.176102 0 0
404.441 488.444 2.6475 4.9765 6.04147 600 0 2841 7 13 -1.33855e-05 -1.91519e-05 0 0 0.963096 0.26916 0 0
412.605 493.165 2.6475 4.9765 6.04147 600 0 2886 7 13 -3.70716e-05 -1.3146e-05 0 0 0.959843 0.280538 0 0
420.682 498.033 2.6475 4.9765 6.04147 600 0 2931 7 13 2.27103e-05 -9.35328e-05 0 0 0.994159 0.107925 0 0
429.705 500.773 2.6475 4.9765 6.04147 600 0 2976 7 13 -9.3372e-05 0.000269194 0 0 0.987848 0.155424 0 0
435.117 508.497 2.6475 4.9765 6.04147 600 0 2976 9 13 0.000291152 3.17578e-06 0 0 0.978297 0.207209 0 0
437.681 517.583 2.6475 4.9765 6.04147 600 0 1187 8 10 0.000168076 3.58336e-05 0 0 0.948332 0.317279 0 0
428.236 516.91 2.6475 4.9765 6.04147 600 0 2983 9 14 0.000176074 -9.20758e-05 0 0 0.918761 0.394813 0 0
419.592 513.068 2.6475 4.9765 6.04147 600 0 2983 7 14 0.000209625 -0.00017313 0 0 0.83974 0.542989 0 0
411.705 507.852 2.6475 4.9765 6.04147 600 0 2938 7 14 2.15008e-05 0.000105731 0 0 0.746293 0.665618 0 0
403.548 503.071 2.6475 4.9765 6.04147 600 0 2893 7 14 8.19305e-05 -3.18152e-06 0 0 0.809352 0.587324 0 0
395.555 498.024 2.6475 4.9765 6.04147 600 0 2848 7 14 6.44084e-05 1.77685e-05 0 0 0.811241 0.584712 0 0
387.642 492.856 2.6475 4.9765 6.04147 600 0 2803 7 14 6.32327e-05 1.42955e-05 0 0 0.773537 0.633751 0 0
379.829 487.54 2.6475 4.9765 6.04147 600 0 2758 7 14 5.79341e-05 1.52224e-05 0 0 0.644924 0.764246 0 0
372.111 482.089 2.6475 4.9765 6.04147 600 0 2713 7 14 5.36366e-05 1.67436e-05 0 0 0.692837 0.721094 0 0
364.481 476.518 2.6475 4.9765 6.04147 600 0 2668 7 14 4.86256e-05 1.6908e-05 0 0 0.74778 0.663947 0 0
356.934 470.839 2.6475 4.9765 6.04147 600 0 2623 7 14 4.52231e-05 1.77875e-05 0 0 0.804946 0.593349 0 0
349.462 465.062 2.6475 4.9765 6.04147 600 0 2578 7 14 4.04098e-05 1.74913e-05 0 0 0.669657 0.742671 0 0
342.057 459.201 2.6475 4.9765 6.04147 600 0 2533 7 14 3.75344e-05 1.85849e-05 0 0 0.54127 0.840849 0 0
334.709 453.27 2.6475 4.9765 6.04147 600 0 2488 7 14 3.27508e-05 1.80248e-05 0 0 0.690352 0.723473 0 0
327.407 447.285 2.6475 4.9765 6.04147 600 0 2443 7 14 3.05708e-05 1.94292e-05 0 0 0.560153 0.828389 0 0
320.136 441.263 2.6475 4.9765 6.04147 600 0 2398 7 14 2.57385e-05 1.85297e-05 0 0 0.614826 0.788663 0 0
312.882 435.221 2.6475 4.9765 6.04147 600 0 2353 7 14 2.43744e-05 2.04217e-05 0 0 0.679587 0.733595 0 0
305.628 429.182 2.6475 4.9765 6.04147 600 0 2308 7 14 1.92898e-05 1.91617e-05 0 0 0.495883 0.86839 0 0
298.355 423.165 2.6475 4.9765 6.04147 600 0 2263 7 14 1.88622e-05 2.17305e-05 0 0 0.640344 0.768088 0 0
291.043 417.197 2.6475 4.9765 6.04147 600 0 2218 7 14 1.33192e-05 2.00699e-05 0 0 0.56653 0.824041 0 0
283.672 411.305 2.6475 4.9765 6.04147 600 0 2173 7 14 1.40123e-05 2.33943e-05 0 0 0.599748 0.800189 0 0
276.218 405.517 2.6475 4.9765 6.04147 600 0 2128 7 14 7.86407e-06 2.1293e-05 0 0 0.653264 0.75713 0 0
268.659 399.868 2.6475 4.9765 6.04147 600 0 2083 7 14 9.89304e-06 2.52882e-05 0 0 0.643871 0.765134 0 0
260.975 394.393 2.6475 4.9765 6.04147 600 0 2038 7 14 3.0909e-06 2.2738e-05 0 0 0.528516 0.848924 0 0
253.144 389.128 2.6475 4.9765 6.04147 600 0 1993 7 14 6.64052e-06 2.71087e-05 0 0 0.582452 0.812865 0 0
245.152 384.114 2.6475 4.9765 6.04147 600 0 1948 7 14 -7.54678e-07 2.41634e-05 0 0 0.787597 0.61619 0 0
236.985 379.39 2.6475 4.9765 6.04147 600 0 1903 7 14 4.37269e-06 2.84068e-05 0 0 0.728412 0.685139 0 0
228.638 374.994 2.6475 4.9765 6.04147 600 0 1858 7 14 -3.44282e-06 2.5179e-05 0 0 0.845616 0.533791 0 0
220.11 370.959 2.6475 4.9765 6.04147 600 0 1279 7 15 3.08094e-06 2.86802e-05 0 0 0.980992 0.194046 0 0
211.408 367.316 2.6475 4.9765 6.04147 600 0 1234 7 14 -4.88145e-06 2.53164e-05 0 0 0.994304 0.106583 0 0
202.545 364.085 2.6475 4.9765 6.04147 600 0 1189 7 14 2.55721e-06 2.75334e-05 0 0 0.988833 0.149028 0 0
193.539 361.278 2.6475 4.9765 6.04147 600 0 1144 7 14 -5.19338e-06 2.41751e-05 0 0 0.974554 0.224154 0 0
184.411 358.897 2.6475 4.9765 6.04147 600 0 1099 7 14 2.43598e-06 2.4821e-05 0 0 0.99217 0.124899 0 0
175.185 356.933 2.6475 4.9765 6.04147 600 0 1054 7 14 -4.67577e-06 2.15533e-05 0 0 0.96495 0.262432 0 0
165.883 355.363 2.6475 4.9765 6.04147 600 0 1009 7 14 2.33843e-06 2.06739e-05 0 0 0.988166 0.153386 0 0
156.528 354.157 2.6475 4.9765 6.04147 600 0 964 7 14 -3.67693e-06 1.74991e-05 0 0 0.996428 0.0844481 0 0
147.136 353.277 2.6475 4.9765 6.04147 600 0 919 7 14 2.00844e-06 1.542e-05 0 0 0.995284 0.0970067 0 0
137.722 352.677 2.6475 4.9765 6.04147 600 0 874 7 14 -2.4778e-06 1.22813e-05 0 0 0.999566 0.0294652 0 0
128.296 352.305 2.6475 4.9765 6.04147 600 0 829 7 14 1.36716e-06 9.46071e-06 0 0 0.995214 -0.097716 0 0
118.866 352.106 2.6475 4.9765 6.04147 600 0 784 7 14 -1.23591e-06 6.29963e-06 0 0 0.991302 -0.13161 0 0
109.433 352.024 2.6475 4.9765 6.04147 0.1 0 0 7 15 4.84965e-07 3.1687e-06 0 0 4.82672e-310 4.82672e-310 0 0
100 352 2.6475 4.9765 6.04147 0.1 0 0 7 7 0.00051129 -0.0266722 0 0 4.82672e-310 4.82672e-310 0 0
100 361 2.6475 4.9765 6.04147 0.1 0 0 7 7 -0 -0 0 0 4.82672e-310 4.82672e-310 0 0
100 370 2.6475 4.9765 6.04147 0.1 0 0 7 7 -0 -0 0 0 4.82672e-310 4.82672e-310 0 0
100 379 2.6475 4.9765 6.04147 0.1 0 0 7 7 -0 -0 0 0 4.82672e-310 4.82672e-310 0 0
100 388 2.6475 4.9765 6.04147 0.1 0 0 7 7 -0 -0 0 0 4.82672e-310 4.82672e-310 0 0
100 397 2.6475 4.9765 6.04147 0.1 0 0 7 7 -0 -0 0 0 4.82672e-310 4.82672e-310 0 0
100 406 2.6475 4.9765 6.04147 0.1 0 0 7 7 -0 -0 0 0 4.82672e-310 4.82672e-310 0 0
100 415 2.6475 4.9765 6.04147 0.1 0 0 7 7 -0 -0 0 0 4.82672e-310 4.82672e-310 0 0
100 424 2.6475 4.9765 6.04147 0.1 0 0 7 7 -0 -0 0 0 4.82672e-310 4.82672e-310 0 0
100 433 2.6475 4.9765 6.04147 0.1 0 0 7 7 -0 -0 0 0 4.82672e-310 4.82672e-310 0 0
100 442 2.6475 4.9765 6.04147 0.1 0 0 7 7 -0 -0 0 0 4.82672e-310 4.82672e-310 0 0
100 451 2.6475 4.9765 6.04147 0.1 0 0 7 7 -0 -0 0 0 4.82672e-310 4.82672e-310 0 0
100 460 2.6475 4.9765 6.04147 0.1 0 0 7 7 -0 -0 0 0 4.82672e-310 4.82672e-310 0 0
100 469 2.6475 4.9765 6.04147 0.1 0 0 7 7 -0 -0 0 0 4.82672e-310 4.82672e-310 0 0
100 478 2.6475 4.9765 6.04147 0.1 0 0 7 7 -0 -0 0 0 4.82672e-310 4.82672e-310 0 0
100 487 2.6475 4.9765 6.04147 0.1 0 0 7 7 -0 -0 0 0 6.42967e-310 0 0 0
100 496 2.6475 4.9765 6.04147 0.1 0 0 7 7 -0 -0 0 0 4.82672e-310 6.32404e-322 0 0
100 505 2.6475 4.9765 6.04147 0.1 0 0 7 7 -0 -0 0 0 1.58101e-322 4.82787e-310 0 0
100 514 2.6475 4.9765 6.04147 0.1 0 0 7 7 -0 -0 0 0 4.82672e-310 0 0 0
100 523 2.6475 4.9765 6.04147 0.1 0 0 7 7 -0 -0 0 0 3.16202e-322 4.82787e-310 0 0
100 532 2.6475 4.9765 6.04147 0.1 0 0 7 7 -0 -0 0 0 4.79571e-312 6.09013e-312 0 0
100 541 2.6475 4.9765 6.04147 0.1 0 0 7 7 -0 -0 0 0 1.74899e-321 4.82672e-310 0 0
100 550 2.6475 4.9765 6.04147 0.1 0 0 7 7 -0 -0 0 0 4.20155e-312 7.57552e-312 0 0
100 559 2.6475 4.9765 6.04147 0.1 0 0 7 7 -0 -0 0 0 1.58101e-322 4.82787e-310 0 0
100 568 2.6475 4.9765 6.04147 0.1 0 0 7 7 -0 -0 0 0 4.98457e-311 3.16202e-322 0 0
100 577 2.6475 4.9765 6.04147 0.1 0 0 7 7 -0 -0 0 0 2.06025e-321 4.82672e-310 0 0
100 586 2.6475 4.9765 6.04147 0.1 0 0 7 7 -0 -0 0 0 4.82672e-310 0 0 0
100 595 2.6475 4.9765 6.04147 0.1 0 0 7 7 -0 -0 0 0 1.58101e-322 4.82787e-310 0 0
100 604 2.6475 4.9765 6.04147 0.1 0 0 7 7 -0 -0 0 0 0 5.05923e-321 0 0
100 613 2.6475 4.9765 6.04147 0.1 0 0 7 7 -0 -0 0 0 1.63042e-322 4.82672e-310 0 0
100 622 2.6475 4.9765 6.04147 0.1 0 0 7 7 -0 -0 0 0 4.50288e-311 4.64293e-311 0 0
100 631 2.6475 4.9765 6.04147 0.1 0 0 7 7 -0 -0 0 0 1.63042e-322 4.82672e-310 0 0
100 640 2.6475 4.9765 6.04147 0.1 0 0 7 7 -0 -0 0 0 4.82672e-310 1.58101e-322 0 0
100 649 2.6475 4.9765 6.04147 0.1 0 0 7 7 -0 -0 0 0 9.53547e-322 4.82672e-310 0 0
100 658 2.6475 4.9765 6.04147 0.1 0 0 7 7 4.14599e-16 0.0266735 0 0 0 1.62844e-320 0 0
109.337 659.252 2.6475 4.9765 6.04147 0.1 0 0 7 15 -1.47451e-16 1.12757e-17 0 0 9.53547e-322 4.82672e-310 0 0
118.476 661.543 2.6475 4.9765 6.04147 600 0 1328 7 13 1.52656e-16 -1.08203e-16 0 0 0.997535 0.0701724 0 0
127.851 660.62 2.6475 4.9765 6.04147 600 0 1373 7 13 -0 5.87638e-17 0 0 0.998318 0.0579705 0 0
137.264 661.018 2.6475 4.9765 6.04147 600 0 1373 7 13 1.56125e-17 2.45897e-16 0 0 0.99912 0.0419376 0 0
145.329 665.887 2.6475 4.9765 6.04147 600 0 97 7 10 0.000145341 0.000155175 0 0 0.99966 0.0260931 1 0
144.22 684.697 2.6475 4.9765 6.04147 600 0 1328 7 14 -1.60394e-05 9.05536e-05 0 0 0.996409 0.0846653 0 0
144.776 675.29 2.6475 4.9765 6.04147 600 0 1373 7 14 0.000184578 -0.000232932 0 0 0.99912 0.0419376 0 0
152.642 680.475 2.6475 4.9765 6.04147 600 0 1373 7 14 1.14473e-05 2.3366e-05 0 0 0.903769 0.42802 0 0
153.193 671.069 2.6475 4.9765 6.04147 600 0 968 7 15 -0.000623564 -0.000134288 0 0 0.974904 0.222627 0 0
162.15 674.016 2.6475 4.9765 6.04147 600 0 1013 7 13 0.000678156 0.000261298 0 0 0.961018 0.276487 0 0
170.799 677.731 2.6475 4.9765 6.04147 600 0 1058 7 13 -0.000744995 -0.000260371 0 0 0.991215 0.132257 0 0
179.912 680.159 2.6475 4.9765 6.04147 600 0 1103 7 13 0.000794055 0.000234974 0 0 0.989451 0.144871 0 0
188.873 683.038 2.6475 4.9765 6.04147 600 0 1148 7 13 -0.000804981 -0.000222076 0 0 0.984351 0.176217 0 0
198.076 685.101 2.6475 4.9765 6.04147 600 0 1193 7 13 0.00078222 0.000170307 0 0 0.984028 0.178012 0 0
207.284 687.051 2.6475 4.9765 6.04147 600 0 1238 7 13 -0.000724306 -0.000150501 0 0 0.999223 -0.0394106 0 0
216.526 688.924 2.6475 4.9765 6.04147 600 0 1283 7 13 0.000620738 9.53368e-05 0 0 0.975866 0.218372 0 0
225.892 689.879 2.6475 4.9765 6.04147 600 0 1328 7 15 -0.000503393 -4.22938e-05 0 0 0.966742 0.255752 0 0
235.303 690.415 2.6475 4.9765 6.04147 600 0 1868 7 13 0.000342399 4.23641e-06 0 0 0.951008 0.309167 0 0
244.709 689.936 2.6475 4.9765 6.04147 600 0 1868 7 13 -0.000176539 1.92693e-06 0 0 0.998669 0.0515855 0 0
254.025 691.348 2.6475 4.9765 6.04147 600 0 53 7 10 0.000838774 -1.02804e-05 0 0 0.999953 0.00971907 0 0
258.898 699.41 2.6475 4.9765 6.04147 600 0 1861 7 14 5.59208e-07 -3.37988e-07 0 0 0.810985 0.585067 0 0
263.463 691.169 2.6475 4.9765 6.04147 600 0 1508 7 15 -1.60679e-08 -6.56503e-07 0 0 0.999846 0.0175262 0 0
272.901 690.974 2.6475 4.9765 6.04147 600 0 1553 7 13 -3.14837e-08 -1.22691e-06 0 0 0.960787 0.277287 0 0
282.339 690.766 2.6475 4.9765 6.04147 600 0 1598 7 13 -4.59716e-08 -1.71605e-06 0 0 0.998689 -0.0511855 0 0
291.776 690.537 2.6475 4.9765 6.04147 600 0 1643 7 13 -5.87345e-08 -2.09108e-06 0 0 0.999882 -0.0153732 0 0
301.213 690.283 2.6475 4.9765 6.04147 600 0 1688 7 13 -6.87214e-08 -2.32645e-06 0 0 0.999791 -0.0204553 0 0
310.648 690.003 2.6475 4.9765 6.04147 600 0 1733 7 13 -7.47452e-08 -2.4057e-06 0 0 0.999678 0.0253834 0 0
320.083 689.694 2.6475 4.9765 6.04147 600 0 1778 7 13 -7.56965e-08 -2.32277e-06 0 0 0.997693 0.0678924 0 0
329.518 689.358 2.6475 4.9765 6.04147 600 0 1823 7 13 -7.08044e-08 -2.08254e-06 0 0 0.997663 0.0683271 0 0
338.951 688.997 2.6475 4.9765 6.04147 600 0 1868 7 15 -5.98787e-08 -1.70071e-06 0 0 0.999269 -0.0382187 0 0
348.383 688.617 2.6475 4.9765 6.04147 600 0 2408 7 13 -4.34656e-08 -1.20287e-06 0 0 0.993405 -0.114658 0 0
357.815 688.222 2.6475 4.9765 6.04147 600 0 2408 7 13 -2.28663e-08 -6.22764e-07 0 0 0.990293 -0.138996 0 0
367.246 687.82 2.6475 4.9765 6.04147 600 0 51 7 10 0.00122362 8.0536e-07 0 0 0.983862 -0.17893 0 0
372.105 695.891 2.6475 4.9765 6.04147 600 0 2401 7 14 4.66225e-06 -2.80555e-06 0 0 0.997435 -0.0715738 0 0
376.716 687.676 2.6475 4.9765 6.04147 600 0 2048 7 15 -1.33883e-07 -5.4963e-06 0 0 0.999322 0.0368125 0 0
386.185 687.482 2.6475 4.9765 6.04147 600 0 2093 7 13 -2.89466e-07 -1.05795e-05 0 0 0.999938 -0.0111387 0 0
395.653 687.238 2.6475 4.9765 6.04147 600 0 2138 7 13 -4.45628e-07 -1.46618e-05 0 0 0.998899 0.0469027 0 0
405.119 686.925 2.6475 4.9765 6.04147 600 0 2183 7 13 -5.69865e-07 -1.68847e-05 0 0 0.99988 0.0154977 0 0
414.582 686.534 2.6475 4.9765 6.04147 600 0 2228 7 13 -6.1088e-07 -1.6644e-05 0 0 0.999978 -0.00668235 0 0
424.041 686.066 2.6475 4.9765 6.04147 600 0 2273 7 13 -5.2456e-07 -1.38676e-05 0 0 0.999987 -0.00512253 0 0
433.497 685.533 2.6475 4.9765 6.04147 600 0 2318 7 13 -3.11093e-07 -9.16667e-06 0 0 0.999728 -0.0233186 0 0
442.951 684.958 2.6475 4.9765 6.04147 600 0 2363 7 13 -3.61756e-08 -3.80045e-06 0 0 0.998908 0.0467201 0 0
452.403 684.364 2.6475 4.9765 6.04147 600 0 2408 7 15 1.90055e-07 6.33802e-07 0 0 0.981977 -0.189 0 0
461.856 683.774 2.6475 4.9765 6.04147 600 0 2948 7 13 2.73042e-07 2.79921e-06 0 0 0.974121 0.226025 0 0
471.309 683.197 2.6475 4.9765 6.04147 600 0 2948 7 13 1.90038e-07 2.29695e-06 0 0 0.999839 -0.0179548 0 0
480.763 682.63 2.6475 4.9765 6.04147 600 0 53 7 10 -0.00174653 -1.30031e-05 0 0 0.999987 0.00503411 0 0
481.767 673.263 2.6475 4.9765 6.04147 600 0 2941 7 14 -1.65376e-05 -1.87414e-06 0 0 0.999839 -0.0179548 0 0
489.382 678.808 2.6475 4.9765 6.04147 600 0 2588 7 15 -4.9087e-06 -1.7371e-05 0 0 0.972804 -0.23163 0 0
497.512 674.033 2.6475 4.9765 6.04147 600 0 2633 7 13 2.7781e-05 3.61391e-05 0 0 0.958182 -0.286161 0 0
506.246 670.483 2.6475 4.9765 6.04147 600 0 2678 7 13 5.67196e-06 -2.82206e-05 0 0 0.951158 -0.308703 0 0
514.699 666.306 2.6475 4.9765 6.04147 600 0 2723 7 13 1.78596e-05 -5.14749e-06 0 0 0.963977 -0.265986 0 0
523.191 662.209 2.6475 4.9765 6.04147 600 0 2768 7 13 1.97929e-05 -1.16894e-05 0 0 0.866682 -0.498861 0 0
531.663 658.067 2.6475 4.9765 6.04147 600 0 2813 7 13 1.06288e-05 -3.30007e-05 0 0 0.860272 -0.509835 0 0
539.857 653.4 2.6475 4.9765 6.04147 600 0 2858 7 13 4.41755e-05 1.59475e-05 0 0 0.885435 -0.464762 0 0
548.412 649.43 2.6475 4.9765 6.04147 600 0 2903 7 13 -2.73298e-05 -0.000143645 0 0 0.884837 -0.465901 0 0
555.435 643.134 2.6475 4.9765 6.04147 600 0 2948 7 13 0.000216228 0.000120589 0 0 0.908361 -0.418187 0 0
564.333 639.996 2.6475 4.9765 6.04147 600 0 2993 7 13 2.31894e-05 -0.000437817 0 0 0.789913 -0.613219 0 0
570.791 633.107 2.6475 4.9765 6.04147 600 0 2993 9 13 0.000395372 -9.40869e-05 0 0 0.799828 -0.600229 0 0
578.392 627.491 2.6475 4.9765 6.04147 0.1 0 2212 8 10 0.000230607 -0.000319749 0 0 0.758097 -0.652142 0 0
101.434 693.885 2.6475 4.9765 6.04147 600 0 833 7 14 -1.249e-16 -1.2438e-15 0 0 0.978388 0.206777 0 0
107.508 701.086 2.6475 4.9765 6.04147 600 0 833 7 14 -1.43982e-16 5.73326e-16 0 0 0.981363 0.192162 0 0
98.235 702.746 2.6475 4.9765 6.04147 0.1 0 0 7 15 -7.24247e-17 -1.11976e-15 0 0 1.63042e-322 6.42967e-310 0 0
100 712 2.6475 4.9765 6.04147 0.1 0 0 7 7 3.41307e-16 -0.0266735 0 0 6.93893e-312 9.2519e-312 0 0
100 721 2.6475 4.9765 6.04147 0.1 0 0 7 7 -0 -0 0 0 4.79244e-322 4.82672e-310 0 0
100 730 2.6475 4.9765 6.04147 0.1 0 0 7 7 -0 -0 0 0 4.82672e-310 1.58101e-322 0 0
100 739 2.6475 4.9765 6.04147 0.1 0 0 7 7 -0 -0 0 0 2.21835e-321 4.82672e-310 0 0
100 748 2.6475 4.9765 6.04147 0.1 0 0 7 7 -0 -0 0 0 1.0419e-311 3.36761e-311 0 0
100 757 2.6475 4.9765 6.04147 0.1 0 0 7 7 -0 -0 0 0 3.16202e-322 4.82787e-310 0 0
100 766 2.6475 4.9765 6.04147 0.1 0 0 7 7 -0 -0 0 0 3.9554e-311 4.07848e-311 0 0
100 775 2.6475 4.9765 6.04147 0.1 0 0 7 7 -0 -0 0 0 2.53456e-321 4.82672e-310 0 0
100 784 2.6475 4.9765 6.04147 0.1 0 0 7 7 -0 -0 0 0 6.42967e-310 3.16202e-322 0 0
100 793 2.6475 4.9765 6.04147 0.1 0 0 7 7 -0 -0 0 0 9.52064e-321 4.82672e-310 0 0
100 802 2.6475 4.9765 6.04147 0.1 0 0 7 7 -0 0.0266735 0 0 2.71615e-312 3.23392e-311 0 0
662.142 366.626 5.295 9.953 12.0829 0 0 3000 16 -1 -0 -0 0 0 -0.0194416 0.999811 22746 385985760
562.317 479.757 5.295 9.953 12.0829 0 0 3000 16 -1 -6.86706e-06 9.0935e-07 0 0 0.989847 0.142134 1937 1938
522.934 397.517 5.295 9.953 12.0829 0 0 3000 16 -1 -0.000360485 -2.74258e-05 0 0 0.997486 -0.0708617 22746 524650448
477.539 625.207 5.295 9.953 12.0829 0 0 3000 16 -1 -0 -0 0 0 0.84439 -0.535729 0 129
582.296 567.435 5.295 9.953 12.0829 0 0 3000 16 -1 -0 -0 0 0 0.567 -0.823718 22746 385985760
573.735 317.016 5.295 9.953 12.0829 0 0 3000 16 -1 -0 -0 0 0 0.852492 0.52274 1825 1951
762.831 396.072 5.295 9.953 12.0829 0 0 3000 16 -1 -0 -0 0 0 -0.328463 0.944517 22751 60
714.771 549.468 5.295 9.953 12.0829 0 0 3000 16 -1 2.5044e-06 6.98153e-06 0 0 -0.793883 -0.608071 2182 513
576.407 515.699 5.295 9.953 12.0829 0 0 3000 16 -1 -0 -0 0 0 0.999986 -0.00534639 22746 385985760
624.322 387.128 5.295 9.953 12.0829 0 0 3000 16 -1 -0 -0 0 0 0.0588215 0.998269 1760 1959
