581.026 421.086 5.295 9.953 12.0829 0.1 0 193 3 1 -2.67259e-09 -4.06959e-09 0 0 6.95296e-310 6.95296e-310 0 0
591.953 437.724 5.295 9.953 12.0829 0.1 0 97 3 1 -2.5982e-09 -2.56806e-09 0 0 6.95296e-310 6.95296e-310 0 0
584.507 456.184 5.295 9.953 12.0829 0.1 0 92 3 1 -2.29245e-09 -5.68351e-10 0 0 6.95296e-310 6.95296e-310 0 0
582.254 475.961 5.295 9.953 12.0829 0.1 0 88 3 1 -1.39533e-09 1.2834e-09 0 0 6.42967e-310 0 0 0
622.038 417.35 5.295 9.953 12.0829 0.1 0 109 3 1 -1.4471e-09 -2.79405e-09 0 0 6.95296e-310 6.95296e-310 0 0
611.557 434.273 5.295 9.953 12.0829 0.1 0 77 3 1 -5.92762e-10 -1.16475e-09 0 0 6.95296e-310 6.95296e-310 0 0
607.423 456.225 5.295 9.953 12.0829 0.1 0 54 3 1 -2.34634e-09 -2.50386e-10 0 0 1.58101e-322 4.82787e-310 0 0
641.446 421.776 5.295 9.953 12.0829 0.1 0 92 3 1 -1.96263e-11 -4.60173e-09 0 0 6.95296e-310 6.95296e-310 0 0
650.842 439.324 5.295 9.953 12.0829 0.1 0 71 3 1 2.77125e-09 -4.47762e-09 0 0 6.95296e-310 6.95296e-310 0 0
630.944 438.784 5.295 9.953 12.0829 0.1 0 64 3 1 1.0962e-09 -1.07586e-09 0 0 6.95296e-310 6.95296e-310 0 0
627.216 458.337 5.295 9.953 12.0829 0.1 0 45 3 1 -1.39476e-09 -5.50345e-10 0 0 4.82672e-310 0 0 0
666.166 426.619 5.295 9.953 12.0829 0.1 0 99 3 1 4.31607e-09 -4.8501e-09 0 0 6.95296e-310 6.95296e-310 0 0
670.062 446.14 5.295 9.953 12.0829 0.1 0 63 3 1 2.14362e-09 -3.7973e-09 0 0 3.21143e-322 4.82672e-310 0 0
689.532 450.281 5.295 9.953 12.0829 0.1 0 87 3 1 2.78507e-09 -1.77531e-09 0 0 0 0 0 0
589.932 494.326 5.295 9.953 12.0829 0.1 0 65 3 1 -8.27333e-09 5.90489e-09 0 0 0 0 0 0
612.01 475.731 5.295 9.953 12.0829 0.1 0 42 3 1 -0 -0 0 0 6.95296e-310 6.95296e-310 0 0
628.035 488.313 5.295 9.953 12.0829 0.1 0 35 3 1 -1.51503e-09 2.43396e-09 0 0 0 0 0 0
654.738 458.844 5.295 9.953 12.0829 0.1 0 44 3 1 1.66564e-09 -2.02456e-09 0 0 6.95296e-310 6.95296e-310 0 0
640.713 472.968 5.295 9.953 12.0829 0.1 0 36 3 1 -9.31547e-11 1.6713e-11 0 0 0 0 0 0
672.847 467.106 5.295 9.953 12.0829 0.1 0 47 3 1 3.17285e-09 -4.51603e-10 0 0 6.95296e-310 6.95296e-310 0 0
658.77 481.345 5.295 9.953 12.0829 0.1 0 35 3 1 1.72179e-09 -1.42755e-09 0 0 0 0 0 0
692.547 469.957 5.295 9.953 12.0829 0.1 0 66 3 1 4.74204e-09 -1.14429e-09 0 0 0 0 0 0
609.751 496.18 5.295 9.953 12.0829 0.1 0 41 3 1 -5.74361e-09 -4.29315e-11 0 0 6.95296e-310 6.95296e-310 0 0
625.888 508.241 5.295 9.953 12.0829 0.1 0 35 3 1 5.78395e-10 -1.45998e-09 0 0 0 0 0 0
645.752 497.386 5.295 9.953 12.0829 0.1 0 32 3 1 1.13768e-09 1.53666e-09 0 0 6.95296e-310 6.95296e-310 0 0
643.741 517.19 5.295 9.953 12.0829 0.1 0 34 3 1 -2.3269e-10 2.29158e-09 0 0 0 0 0 0
679.426 485.893 5.295 9.953 12.0829 0.1 0 41 3 1 6.15301e-09 -1.35254e-10 0 0 6.95296e-310 6.95296e-310 0 0
665.473 500.088 5.295 9.953 12.0829 0.1 0 35 3 1 3.24986e-09 -8.86051e-10 0 0 0 0 0 0
699.677 488.541 5.295 9.953 12.0829 0.1 0 71 3 1 4.8247e-10 1.86295e-09 0 0 6.95296e-310 6.95296e-310 0 0
685.789 505.071 5.295 9.953 12.0829 0.1 0 48 3 1 -0 -0 0 0 0 0 0 0
600.521 513.816 5.295 9.953 12.0829 0.1 0 49 3 1 -5.39711e-09 2.44559e-09 0 0 6.95296e-310 6.95296e-310 0 0
618.556 526.747 5.295 9.953 12.0829 0.1 0 44 3 1 -2.40442e-09 -1.8188e-09 0 0 4.00421e-311 6.32404e-322 0 0
636.121 536.112 5.295 9.953 12.0829 0.1 0 43 3 1 -2.51883e-09 1.24918e-09 0 0 9.53547e-322 4.82672e-310 0 0
669.804 519.517 5.295 9.953 12.0829 0.1 0 42 3 1 -6.11605e-10 1.86575e-09 0 0 6.95296e-310 6.95296e-310 0 0
655.885 533.746 5.295 9.953 12.0829 0.1 0 41 3 1 -7.22094e-10 3.99646e-09 0 0 6.42967e-310 2.37152e-321 0 0
708.183 506.538 5.295 9.953 12.0829 0.1 0 80 3 1 1.23308e-09 2.60889e-09 0 0 6.95296e-310 6.95296e-310 0 0
725.213 520.741 5.295 9.953 12.0829 0.1 0 124 3 1 2.93108e-09 -1.70173e-09 0 0 6.95296e-310 6.95296e-310 0 0
707.998 530.736 5.295 9.953 12.0829 0.1 0 97 3 1 3.18374e-09 9.12485e-10 0 0 6.95296e-310 6.95296e-310 0 0
688.832 525.36 5.295 9.953 12.0829 0.1 0 63 3 1 2.04937e-09 -1.0292e-09 0 0 9.35266e-321 4.82672e-310 0 0
599.909 533.711 5.295 9.953 12.0829 0.1 0 73 3 1 -1.21339e-09 4.26404e-09 0 0 6.95296e-310 6.95296e-310 0 0
583.345 544.75 5.295 9.953 12.0829 0.1 0 137 3 1 -3.87397e-09 2.58171e-09 0 0 6.95296e-310 6.95296e-310 0 0
613.46 548.292 5.295 9.953 12.0829 0.1 0 76 3 1 2.28767e-09 2.46147e-09 0 0 1.26975e-321 4.82672e-310 0 0
636.934 571.37 5.295 9.953 12.0829 0.1 0 87 3 1 -1.09924e-09 7.29752e-10 0 0 6.42967e-310 6.32404e-322 0 0
645.76 553.528 5.295 9.953 12.0829 0.1 0 56 3 1 2.27613e-10 7.21935e-10 0 0 6.95296e-310 6.95296e-310 0 0
665.352 557.049 5.295 9.953 12.0829 0.1 0 61 3 1 9.58097e-10 4.14725e-10 0 0 6.95296e-310 6.95296e-310 0 0
656.526 574.891 5.295 9.953 12.0829 0.1 0 85 3 1 -6.0866e-10 6.70283e-10 0 0 6.95296e-310 6.95296e-310 0 0
646.333 591.988 5.295 9.953 12.0829 0.1 0 138 3 1 -8.48146e-10 1.42261e-09 0 0 6.95296e-310 6.95296e-310 0 0
676.214 577.826 5.295 9.953 12.0829 0.1 0 91 3 1 5.94419e-11 2.51807e-10 0 0 6.95296e-310 6.95296e-310 0 0
694.302 586.136 5.295 9.953 12.0829 0.1 0 151 3 1 5.51296e-10 2.53299e-10 0 0 4.82672e-310 1.58101e-322 0 0
674.914 539.59 5.295 9.953 12.0829 0.1 0 50 3 1 1.44317e-09 -4.35891e-10 0 0 6.95296e-310 6.95296e-310 0 0
693.951 546.223 5.295 9.953 12.0829 0.1 0 70 3 1 3.10727e-11 -3.66369e-10 0 0 6.95296e-310 6.95296e-310 0 0
692.269 566.057 5.295 9.953 12.0829 0.1 0 87 3 1 4.38353e-10 2.22773e-11 0 0 6.95296e-310 6.95296e-310 0 0
80 235 2.6475 4.9765 6.04147 0.1 0 0 7 7 -0 -0.0266735 0 0 4.82672e-310 0 0 0
80 244 2.6475 4.9765 6.04147 0.1 0 0 7 7 -0 -0 0 0 3.21143e-322 4.82672e-310 0 0
80 253 2.6475 4.9765 6.04147 0.1 0 0 7 7 -0 -0 0 0 4.82672e-310 3.16202e-322 0 0
80 262 2.6475 4.9765 6.04147 0.1 0 0 7 7 -0 -0 0 0 1.58101e-322 4.82787e-310 0 0
80 271 2.6475 4.9765 6.04147 0.1 0 0 7 7 -0 -0 0 0 4.03179e-313 6.36599e-313 0 0
80 280 2.6475 4.9765 6.04147 0.1 0 0 7 7 -0 -0 0 0 4.60473e-312 4.64717e-312 0 0
80 289 2.6475 4.9765 6.04147 0.1 0 0 7 7 -0 -0 0 0 1.63042e-322 4.82672e-310 0 0
80 298 2.6475 4.9765 6.04147 0.1 0 0 7 7 -0 -0 0 0 4.82672e-310 1.58101e-322 0 0
80 307 2.6475 4.9765 6.04147 0.1 0 0 7 7 -0 -0 0 0 1.58101e-322 4.82787e-310 0 0
80 316 2.6475 4.9765 6.04147 0.1 0 0 7 7 -0 -0 0 0 5.49173e-311 6.32404e-322 0 0
80 325 2.6475 4.9765 6.04147 0.1 0 0 7 7 -0 -0 0 0 1.11165e-321 4.82672e-310 0 0
80 334 2.6475 4.9765 6.04147 0.1 0 0 7 7 -0 -0 0 0 4.82672e-310 0 0 0
80 343 2.6475 4.9765 6.04147 0.1 0 0 7 7 -0 -0 0 0 4.82672e-310 0 0 0
80 352 2.6475 4.9765 6.04147 0.1 0 0 7 7 -0 -0 0 0 1.27963e-321 0 0 0
80 361 2.6475 4.9765 6.04147 0.1 0 0 7 7 -0 -0 0 0 4.82672e-310 1.58101e-322 0 0
80 370 2.6475 4.9765 6.04147 0.1 0 0 7 7 -0 -0 0 0 1.58101e-322 4.82787e-310 0 0
80 379 2.6475 4.9765 6.04147 0.1 0 0 7 7 -0 -0 0 0 4.82672e-310 3.16202e-322 0 0
80 388 2.6475 4.9765 6.04147 0.1 0 0 7 7 -0 -0 0 0 1.90215e-321 4.82672e-310 0 0
80 397 2.6475 4.9765 6.04147 0.1 0 0 7 7 -0 -0 0 0 4.82672e-310 3.16202e-322 0 0
80 406 2.6475 4.9765 6.04147 0.1 0 0 7 7 -0 -0 0 0 1.58101e-322 4.82787e-310 0 0
80 415 2.6475 4.9765 6.04147 0.1 0 0 7 7 -0 -0 0 0 4.82672e-310 0 0 0
80 424 2.6475 4.9765 6.04147 0.1 0 0 7 7 -0 -0 0 0 4.82672e-310 4.82672e-310 0 0
80 433 2.6475 4.9765 6.04147 0.1 0 0 7 7 -0 -0 0 0 4.82672e-310 4.82672e-310 0 0
80 442 2.6475 4.9765 6.04147 0.1 0 0 7 7 -0 -0 0 0 4.82672e-310 4.82672e-310 0 0
80 451 2.6475 4.9765 6.04147 0.1 0 0 7 7 -0 -0 0 0 4.82672e-310 4.82672e-310 0 0
80 460 2.6475 4.9765 6.04147 0.1 0 0 7 7 -0 -0 0 0 4.82672e-310 4.82672e-310 0 0
80 469 2.6475 4.9765 6.04147 0.1 0 0 7 7 -0 -0 0 0 4.82672e-310 4.82672e-310 0 0
80 478 2.6475 4.9765 6.04147 0.1 0 0 7 7 -0 -0 0 0 0 4.82672e-310 0 0
80 487 2.6475 4.9765 6.04147 0.1 0 0 7 7 -0 -0 0 0 -nan 1.26481e-321 0 0
80 496 2.6475 4.9765 6.04147 0.1 0 0 7 7 -0 -0 0 0 4.82672e-310 0 0 0
80 505 2.6475 4.9765 6.04147 0.1 0 0 7 7 -0 -0 0 0 4.82672e-310 4.82672e-310 0 0
80 514 2.6475 4.9765 6.04147 0.1 0 0 7 7 -0 -0 0 0 4.79244e-322 4.82672e-310 0 0
80 523 2.6475 4.9765 6.04147 0.1 0 0 7 7 -0 -0 0 0 4.82672e-310 1.78884e-311 0 0
80 532 2.6475 4.9765 6.04147 0.1 0 0 7 7 -0 -0 0 0 1.63042e-322 4.82672e-310 0 0
80 541 2.6475 4.9765 6.04147 0.1 0 0 7 7 -0 -0 0 0 4.82672e-310 1.58101e-322 0 0
80 550 2.6475 4.9765 6.04147 0.1 0 0 7 7 -0 -0 0 0 4.79244e-322 4.82672e-310 0 0
80 559 2.6475 4.9765 6.04147 0.1 0 0 7 7 -0 -0 0 0 0 4.82672e-310 0 0
80 568 2.6475 4.9765 6.04147 0.1 0 0 7 7 -0 -0 0 0 -nan 1.26481e-321 0 0
80 577 2.6475 4.9765 6.04147 0.1 0 0 7 7 -0 -0 0 0 4.82672e-310 4.82672e-310 0 0
80 586 2.6475 4.9765 6.04147 0.1 0 0 7 7 -0 -0 0 0 4.82672e-310 4.82672e-310 0 0
80 595 2.6475 4.9765 6.04147 0.1 0 0 7 7 -0 -0 0 0 4.82672e-310 4.82672e-310 0 0
80 604 2.6475 4.9765 6.04147 0.1 0 0 7 7 -0 -0 0 0 4.82672e-310 4.82672e-310 0 0
80 613 2.6475 4.9765 6.04147 0.1 0 0 7 7 -0 -0 0 0 4.82672e-310 4.82672e-310 0 0
80 622 2.6475 4.9765 6.04147 0.1 0 0 7 7 -0 -0 0 0 4.82672e-310 4.82672e-310 0 0
80 631 2.6475 4.9765 6.04147 0.1 0 0 7 7 -0 -0 0 0 4.82672e-310 4.82672e-310 0 0
80 640 2.6475 4.9765 6.04147 0.1 0 0 7 7 -0 -0 0 0 4.82672e-310 4.82672e-310 0 0
80 649 2.6475 4.9765 6.04147 0.1 0 0 7 7 -0 -0 0 0 4.82672e-310 4.82672e-310 0 0
80 658 2.6475 4.9765 6.04147 0.1 0 0 7 7 -0 -0 0 0 4.82672e-310 4.82672e-310 0 0
80 667 2.6475 4.9765 6.04147 0.1 0 0 7 7 -0 -0 0 0 4.82672e-310 4.82672e-310 0 0
80 676 2.6475 4.9765 6.04147 0.1 0 0 7 7 -0 -0 0 0 4.82672e-310 4.82672e-310 0 0
80 685 2.6475 4.9765 6.04147 0.1 0 0 7 7 -0 -0 0 0 4.82672e-310 3.16202e-322 0 0
80 694 2.6475 4.9765 6.04147 0.1 0 0 7 7 -0 -0 0 0 6.42965e-310 0 0 0
80 703 2.6475 4.9765 6.04147 0.1 0 0 7 7 -0 -0 0 0 4.82672e-310 2.74798e-311 0 0
80 712 2.6475 4.9765 6.04147 0.1 0 0 7 7 -0 -0 0 0 4.82672e-310 4.07635e-311 0 0
80 721 2.6475 4.9765 6.04147 0.1 0 0 7 7 -0 -0 0 0 9.53547e-322 4.82672e-310 0 0
80 730 2.6475 4.9765 6.04147 0.1 0 0 7 7 -0 -0 0 0 1.58101e-322 1.01185e-320 0 0
80 739 2.6475 4.9765 6.04147 0.1 0 0 7 7 -0 -0 0 0 1.14673e-320 2.41895e-320 0 0
80 748 2.6475 4.9765 6.04147 0.1 0 0 7 7 -0 -0 0 0 4.82672e-310 4.80632e-311 0 0
80 757 2.6475 4.9765 6.04147 0.1 0 0 7 7 -0 -0 0 0 3.21143e-322 4.82672e-310 0 0
80 766 2.6475 4.9765 6.04147 0.1 0 0 7 7 -0 -0 0 0 1.58101e-322 4.82787e-310 0 0
80 775 2.6475 4.9765 6.04147 0.1 0 0 7 7 -0 0.0266735 0 0 1.16402e-320 2.76677e-320 0 0
100 208 2.6475 4.9765 6.04147 0.1 0 0 7 7 -0 -0.0266735 0 0 9.4641e-312 4.19731e-311 0 0
100 217 2.6475 4.9765 6.04147 0.1 0 0 7 7 -0 -0 0 0 3.16202e-322 4.82787e-310 0 0
100 226 2.6475 4.9765 6.04147 0.1 0 0 7 7 -0 -0 0 0 1.58101e-322 4.82787e-310 0 0
100 235 2.6475 4.9765 6.04147 0.1 0 0 7 7 -0 -0 0 0 1.16896e-320 3.11459e-320 0 0
100 244 2.6475 4.9765 6.04147 0.1 0 0 7 7 -0 -0 0 0 3.81959e-312 3.22543e-311 0 0
100 253 2.6475 4.9765 6.04147 0.1 0 0 7 7 -0 -0 0 0 2.85076e-321 4.82672e-310 0 0
100 262 2.6475 4.9765 6.04147 0.1 0 0 7 7 -0 -0 0 0 1.58101e-322 4.82787e-310 0 0
100 271 2.6475 4.9765 6.04147 0.1 0 0 7 7 -0 -0 0 0 4.82669e-310 3.46241e-320 0 0
100 280 2.6475 4.9765 6.04147 0.1 0 0 7 7 -0 -0 0 0 4.82672e-310 4.82672e-310 0 0
100 289 2.6475 4.9765 6.04147 0.1 0 0 7 7 -0 -0 0 0 4.82672e-310 4.82672e-310 0 0
100 298 2.6475 4.9765 6.04147 0.1 0 0 7 7 0.00541259 0.0304621 0 0 4.82672e-310 4.82672e-310 0 0
107.467 303.245 2.6475 4.9765 6.04147 0.1 0 0 7 15 -0.0161185 -0.0105432 0 0 4.82672e-310 4.82672e-310 0 0
116.126 308.69 2.6475 4.9765 6.04147 600 0 784 7 13 0.0185429 0.0105884 0 0 0.983506 -0.180877 0 0
124.153 312.622 2.6475 4.9765 6.04147 600 0 829 7 13 -0.0188223 -0.00747298 0 0 0.998508 -0.0546056 0 0
133.879 315.852 2.6475 4.9765 6.04147 600 0 874 7 13 0.0196936 0.005607 0 0 0.963837 -0.266493 0 0
142.747 317.822 2.6475 4.9765 6.04147 600 0 919 7 13 -0.005459 -0.00140703 0 0 0.935344 -0.353739 0 0
152.181 319.462 2.6475 4.9765 6.04147 600 0 964 7 13 -0.00283225 -0.000477121 0 0 0.956303 -0.292377 0 0
161.668 321.444 2.6475 4.9765 6.04147 600 0 964 9 13 0.00650524 0.00455843 0 0 0.998072 -0.0620708 0 0
169.193 326.753 2.6475 4.9765 6.04147 0.1 0 261 8 10 -0.0144591 0.000764758 0 0 0.996761 -0.0804199 0 0
162.317 332.153 2.6475 4.9765 6.04147 600 0 964 9 14 0.037296 -0.00848309 0 0 0.998072 -0.0620708 0 0
151.457 333.451 2.6475 4.9765 6.04147 600 0 964 7 14 -0.0388083 0.00357441 0 0 0.996428 0.0844481 0 0
143.023 333.623 2.6475 4.9765 6.04147 600 0 919 7 14 0.0206613 -0.00127222 0 0 0.995284 0.0970067 0 0
132.814 334.522 2.6475 4.9765 6.04147 600 0 874 7 14 -0.0198647 0.00288222 0 0 0.999566 0.0294652 0 0
124.073 336.553 2.6475 4.9765 6.04147 600 0 829 7 14 0.00864652 -0.00206531 0 0 0.995214 -0.097716 0 0
115.192 340.704 2.6475 4.9765 6.04147 600 0 784 7 14 -0.00550154 0.00372819 0 0 0.991302 -0.13161 0 0
107.506 346.046 2.6475 4.9765 6.04147 0.1 0 0 7 15 0.00242083 -0.00140738 0 0 4.82672e-310 4.82672e-310 0 0
100 352 2.6475 4.9765 6.04147 0.1 0 0 7 7 0.00268512 -0.0288085 0 0 4.82672e-310 4.82672e-310 0 0
100 361 2.6475 4.9765 6.04147 0.1 0 0 7 7 -0 -0 0 0 4.82672e-310 4.82672e-310 0 0
100 370 2.6475 4.9765 6.04147 0.1 0 0 7 7 -0 -0 0 0 4.82672e-310 4.82672e-310 0 0
100 379 2.6475 4.9765 6.04147 0.1 0 0 7 7 -0 -0 0 0 4.82672e-310 4.82672e-310 0 0
100 388 2.6475 4.9765 6.04147 0.1 0 0 7 7 -0 -0 0 0 4.82672e-310 4.82672e-310 0 0
100 397 2.6475 4.9765 6.04147 0.1 0 0 7 7 -0 -0 0 0 4.82672e-310 4.82672e-310 0 0
100 406 2.6475 4.9765 6.04147 0.1 0 0 7 7 -0 -0 0 0 4.82672e-310 4.82672e-310 0 0
100 415 2.6475 4.9765 6.04147 0.1 0 0 7 7 -0 -0 0 0 4.82672e-310 4.82672e-310 0 0
100 424 2.6475 4.9765 6.04147 0.1 0 0 7 7 -0 -0 0 0 4.82672e-310 4.82672e-310 0 0
100 433 2.6475 4.9765 6.04147 0.1 0 0 7 7 -0 -0 0 0 4.82672e-310 4.82672e-310 0 0
100 442 2.6475 4.9765 6.04147 0.1 0 0 7 7 -0 -0 0 0 4.82672e-310 4.82672e-310 0 0
100 451 2.6475 4.9765 6.04147 0.1 0 0 7 7 -0 -0 0 0 4.82672e-310 4.82672e-310 0 0
100 460 2.6475 4.9765 6.04147 0.1 0 0 7 7 -0 -0 0 0 4.82672e-310 4.82672e-310 0 0
100 469 2.6475 4.9765 6.04147 0.1 0 0 7 7 -0 -0 0 0 4.82672e-310 4.82672e-310 0 0
100 478 2.6475 4.9765 6.04147 0.1 0 0 7 7 -0 -0 0 0 4.82672e-310 4.82672e-310 0 0
100 487 2.6475 4.9765 6.04147 0.1 0 0 7 7 -0 -0 0 0 6.42967e-310 0 0 0
100 496 2.6475 4.9765 6.04147 0.1 0 0 7 7 -0 -0 0 0 4.82672e-310 6.32404e-322 0 0
100 505 2.6475 4.9765 6.04147 0.1 0 0 7 7 -0 -0 0 0 1.58101e-322 4.82787e-310 0 0
100 514 2.6475 4.9765 6.04147 0.1 0 0 7 7 -0 -0 0 0 4.82672e-310 0 0 0
100 523 2.6475 4.9765 6.04147 0.1 0 0 7 7 -0 -0 0 0 3.16202e-322 4.82787e-310 0 0
100 532 2.6475 4.9765 6.04147 0.1 0 0 7 7 -0 -0 0 0 4.79571e-312 6.09013e-312 0 0
100 541 2.6475 4.9765 6.04147 0.1 0 0 7 7 -0 -0 0 0 1.74899e-321 4.82672e-310 0 0
100 550 2.6475 4.9765 6.04147 0.1 0 0 7 7 -0 -0 0 0 4.20155e-312 7.57552e-312 0 0
100 559 2.6475 4.9765 6.04147 0.1 0 0 7 7 -0 -0 0 0 1.58101e-322 4.82787e-310 0 0
100 568 2.6475 4.9765 6.04147 0.1 0 0 7 7 -0 -0 0 0 4.98457e-311 3.16202e-322 0 0
100 577 2.6475 4.9765 6.04147 0.1 0 0 7 7 -0 -0 0 0 2.06025e-321 4.82672e-310 0 0
100 586 2.6475 4.9765 6.04147 0.1 0 0 7 7 -0 -0 0 0 4.82672e-310 0 0 0
100 595 2.6475 4.9765 6.04147 0.1 0 0 7 7 -0 -0 0 0 1.58101e-322 4.82787e-310 0 0
100 604 2.6475 4.9765 6.04147 0.1 0 0 7 7 -0 -0 0 0 0 5.05923e-321 0 0
100 613 2.6475 4.9765 6.04147 0.1 0 0 7 7 -0 -0 0 0 1.63042e-322 4.82672e-310 0 0
100 622 2.6475 4.9765 6.04147 0.1 0 0 7 7 -0 -0 0 0 4.50288e-311 4.64293e-311 0 0
100 631 2.6475 4.9765 6.04147 0.1 0 0 7 7 -0 -0 0 0 1.63042e-322 4.82672e-310 0 0
100 640 2.6475 4.9765 6.04147 0.1 0 0 7 7 -0 -0 0 0 4.82672e-310 1.58101e-322 0 0
100 649 2.6475 4.9765 6.04147 0.1 0 0 7 7 -0 -0 0 0 9.53547e-322 4.82672e-310 0 0
100 658 2.6475 4.9765 6.04147 0.1 0 0 7 7 0.00201965 0.0284464 0 0 0 1.62844e-320 0 0
107.21 664.316 2.6475 4.9765 6.04147 0.1 0 0 7 15 0.00306883 0.002201 0 0 9.53547e-322 4.82672e-310 0 0
114.501 670.028 2.6475 4.9765 6.04147 600 0 833 7 13 -0.00803913 -0.00578686 0 0 0.993306 0.115515 0 0
122.95 675.206 2.6475 4.9765 6.04147 600 0 878 7 13 0.0109076 0.00532853 0 0 0.996247 0.0865569 0 0
131.108 678.831 2.6475 4.9765 6.04147 600 0 923 7 13 -0.0181602 -0.00670231 0 0 0.980715 0.195444 0 0
140.861 681.882 2.6475 4.9765 6.04147 600 0 968 7 13 0.0190123 0.00509995 0 0 0.974904 0.222627 0 0
149.508 683.746 2.6475 4.9765 6.04147 600 0 968 9 13 -0.0157518 -0.00299829 0 0 0.997614 0.0690411 0 0
159.334 685.292 2.6475 4.9765 6.04147 0.1 0 212 8 10 0.00988026 0.00142854 0 0 0.993236 0.116111 0 0
101.743 693.744 2.6475 4.9765 6.04147 600 0 833 7 14 0.000375145 0.00327737 0 0 0.978388 0.206777 0 0
107.965 700.695 2.6475 4.9765 6.04147 600 0 833 7 14 -0.00267238 -0.000850661 0 0 0.981363 0.192162 0 0
98.8334 702.597 2.6475 4.9765 6.04147 0.1 0 0 7 15 0.00228412 -0.00252664 0 0 1.63042e-322 6.42967e-310 0 0
100 712 2.6475 4.9765 6.04147 0.1 0 0 7 7 1.3112e-05 -0.0265736 0 0 6.93893e-312 9.2519e-312 0 0
100 721 2.6475 4.9765 6.04147 0.1 0 0 7 7 -0 -0 0 0 4.79244e-322 4.82672e-310 0 0
100 730 2.6475 4.9765 6.04147 0.1 0 0 7 7 -0 -0 0 0 4.82672e-310 1.58101e-322 0 0
100 739 2.6475 4.9765 6.04147 0.1 0 0 7 7 -0 -0 0 0 2.21835e-321 4.82672e-310 0 0
100 748 2.6475 4.9765 6.04147 0.1 0 0 7 7 -0 -0 0 0 1.0419e-311 3.36761e-311 0 0
100 757 2.6475 4.9765 6.04147 0.1 0 0 7 7 -0 -0 0 0 3.16202e-322 4.82787e-310 0 0
100 766 2.6475 4.9765 6.04147 0.1 0 0 7 7 -0 -0 0 0 3.9554e-311 4.07848e-311 0 0
100 775 2.6475 4.9765 6.04147 0.1 0 0 7 7 -0 -0 0 0 2.53456e-321 4.82672e-310 0 0
100 784 2.6475 4.9765 6.04147 0.1 0 0 7 7 -0 -0 0 0 6.42967e-310 3.16202e-322 0 0
100 793 2.6475 4.9765 6.04147 0.1 0 0 7 7 -0 -0 0 0 9.52064e-321 4.82672e-310 0 0
100 802 2.6475 4.9765 6.04147 0.1 0 0 7 7 -0 0.0266735 0 0 2.71615e-312 3.23392e-311 0 0
662.142 366.626 5.295 9.953 12.0829 0 0 1000 16 -1 -0 -0 0 0 -0.0835736 0.996502 22746 385985760
562.702 479.696 5.295 9.953 12.0829 0 0 1000 16 -1 -2.50327e-09 4.78114e-10 0 0 0.998642 -0.0520901 1937 1938
512.443 399.389 5.295 9.953 12.0829 0 0 1000 16 -1 -0 -0 0 0 0.92713 0.374739 22746 524650448
477.539 625.207 5.295 9.953 12.0829 0 0 1000 16 -1 -0 -0 0 0 0.953084 -0.302706 0 129
582.296 567.435 5.295 9.953 12.0829 0 0 1000 16 -1 -0 -0 0 0 0.57651 -0.81709 22746 385985760
573.735 317.016 5.295 9.953 12.0829 0 0 1000 16 -1 -0 -0 0 0 0.682456 0.730927 1825 1951
762.831 396.072 5.295 9.953 12.0829 0 0 1000 16 -1 -0 -0 0 0 -0.415614 0.909541 22751 60
714.767 549.455 5.295 9.953 12.0829 0 0 1000 16 -1 1.00777e-09 2.78714e-09 0 0 -0.794297 -0.60753 2182 513
576.407 515.699 5.295 9.953 12.0829 0 0 1000 16 -1 -0 -0 0 0 0.999822 -0.0188452 22746 385985760
624.322 387.128 5.295 9.953 12.0829 0 0 1000 16 -1 -0 -0 0 0 0.00608525 0.999981 1760 1959
