592.163 406.152 5.295 9.953 12.0829 0.1 0 193 3 1 3.29514e-06 -2.91787e-05 0 0 6.95288e-310 6.95288e-310 0 0
588.043 446.328 5.295 9.953 12.0829 0.1 0 97 3 1 -1.45337e-05 -6.48278e-05 0 0 6.95288e-310 6.95288e-310 0 0
568.664 441.985 5.295 9.953 12.0829 0.1 0 92 3 1 -2.66133e-05 -5.96467e-06 0 0 6.95288e-310 6.95288e-310 0 0
555.622 457.134 5.295 9.953 12.0829 0.1 0 88 3 1 -0.00011488 -5.94048e-05 0 0 6.17636e-310 0 0 0
626.475 390.443 5.295 9.953 12.0829 0.1 0 109 3 1 2.49985e-05 -7.40995e-05 0 0 6.95288e-310 6.95288e-310 0 0
614.109 415.855 5.295 9.953 12.0829 0.1 0 77 3 1 -2.62298e-05 3.22101e-05 0 0 6.95288e-310 6.95288e-310 0 0
628.311 460.814 5.295 9.953 12.0829 0.1 0 54 3 1 4.65839e-05 -0.000141964 0 0 1.58101e-322 4.99095e-310 0 0
655.677 390.138 5.295 9.953 12.0829 0.1 0 92 3 1 -0 -0 0 0 6.95288e-310 6.95288e-310 0 0
653.617 428.281 5.295 9.953 12.0829 0.1 0 71 3 1 -6.17657e-06 -1.69726e-06 0 0 6.95288e-310 6.95288e-310 0 0
635.617 419.839 5.295 9.953 12.0829 0.1 0 64 3 1 -6.67984e-06 -3.13309e-06 0 0 6.95288e-310 6.95288e-310 0 0
646.596 468.473 5.295 9.953 12.0829 0.1 0 45 3 1 1.81711e-05 -9.38147e-06 0 0 4.99214e-310 0 0 0
674.75 402.317 5.295 9.953 12.0829 0.1 0 99 3 1 -0 -0 0 0 6.95288e-310 6.95288e-310 0 0
672.221 435.271 5.295 9.953 12.0829 0.1 0 63 3 1 -7.56479e-06 1.37252e-05 0 0 3.21143e-322 4.99214e-310 0 0
708.673 429.117 5.295 9.953 12.0829 0.1 0 87 3 1 -0.000106428 -6.27664e-06 0 0 0 0 0 0
596.199 464.389 5.295 9.953 12.0829 0.1 0 65 3 1 -6.97864e-05 3.11537e-05 0 0 0 0 0 0
613.529 473.976 5.295 9.953 12.0829 0.1 0 42 3 1 1.47503e-05 -0.000103617 0 0 6.95288e-310 6.95288e-310 0 0
632.17 482.524 5.295 9.953 12.0829 0.1 0 35 3 1 2.74457e-09 -9.93523e-08 0 0 0 0 0 0
682.598 478.72 5.295 9.953 12.0829 0.1 0 44 3 1 2.14293e-05 -9.9083e-06 0 0 6.95288e-310 6.95288e-310 0 0
650.469 495.577 5.295 9.953 12.0829 0.1 0 36 3 1 -7.46428e-07 -1.28431e-06 0 0 0 0 0 0
710.369 488.553 5.295 9.953 12.0829 0.1 0 47 3 1 5.34108e-07 -2.23337e-07 0 0 6.95288e-310 6.95288e-310 0 0
662.775 479.941 5.295 9.953 12.0829 0.1 1 2313 0 0 1.73076e-05 1.24908e-05 0 0 0 0 0 0
797.752 473.092 5.295 9.953 12.0829 0.1 0 66 3 1 4.68631e-06 -1.20279e-05 0 0 0 0 0 0
611.65 493.644 5.295 9.953 12.0829 0.1 0 41 3 1 -7.98381e-05 -0.000106243 0 0 6.95288e-310 6.95288e-310 0 0
631.62 502.419 5.295 9.953 12.0829 0.1 0 35 3 1 -2.74457e-09 9.93523e-08 0 0 0 0 0 0
652.269 515.389 5.295 9.953 12.0829 0.1 1 1649 0 0 -1.33079e-05 6.7383e-07 0 0 6.95288e-310 6.95288e-310 0 0
614.391 513.184 5.295 9.953 12.0829 0.1 1 3069 0 0 -0.000117823 -4.97322e-05 0 0 0 0 0 0
692.01 496.23 5.295 9.953 12.0829 0.1 0 41 3 1 3.93481e-06 8.53694e-06 0 0 6.95288e-310 6.95288e-310 0 0
672.112 497.463 5.295 9.953 12.0829 0.1 1 1364 0 0 1.59833e-05 1.66152e-05 0 0 0 0 0 0
728.469 500.859 5.295 9.953 12.0829 0.1 0 71 3 1 2.36905e-05 -3.56135e-05 0 0 6.95288e-310 6.95288e-310 0 0
691.883 516.289 5.295 9.953 12.0829 0.1 1 3500 0 0 -3.80046e-06 9.61989e-06 0 0 0 0 0 0
596.016 520.525 5.295 9.953 12.0829 0.1 0 49 3 1 -0.000136746 -3.15909e-05 0 0 6.95288e-310 6.95288e-310 0 0
610.502 539.507 5.295 9.953 12.0829 0.1 0 44 3 1 -0 -0 0 0 4.00421e-311 6.32404e-322 0 0
623.264 554.941 5.295 9.953 12.0829 0.1 0 43 3 1 -1.18097e-05 1.82e-05 0 0 9.53547e-322 4.99214e-310 0 0
672.047 517.336 5.295 9.953 12.0829 0.1 1 2060 0 0 -9.66899e-06 1.58435e-05 0 0 6.95288e-310 6.95288e-310 0 0
627.808 527.622 5.295 9.953 12.0829 0.1 0 41 3 1 -8.28937e-05 0.000120342 0 0 6.17636e-310 2.37152e-321 0 0
710.303 508.871 5.295 9.953 12.0829 0.1 0 80 3 1 -5.04468e-06 1.73754e-06 0 0 6.95288e-310 6.95288e-310 0 0
735.273 519.521 5.295 9.953 12.0829 0.1 0 124 3 1 1.08818e-05 3.34245e-06 0 0 6.95288e-310 6.95288e-310 0 0
732.089 539.132 5.295 9.953 12.0829 0.1 0 97 3 1 -2.10849e-06 3.64063e-06 0 0 6.95288e-310 6.95288e-310 0 0
715.481 528.081 5.295 9.953 12.0829 0.1 0 63 3 1 3.65566e-07 1.35615e-06 0 0 9.35266e-321 4.99214e-310 0 0
590.137 539.448 5.295 9.953 12.0829 0.1 0 73 3 1 -1.35226e-05 2.25966e-05 0 0 6.95288e-310 6.95288e-310 0 0
585.784 558.792 5.295 9.953 12.0829 0.1 0 137 3 1 -2.20756e-05 3.12088e-05 0 0 6.95288e-310 6.95288e-310 0 0
605.175 563.119 5.295 9.953 12.0829 0.1 0 76 3 1 -1.58284e-05 1.9142e-05 0 0 1.26975e-321 4.99214e-310 0 0
623.215 575.148 5.295 9.953 12.0829 0.1 0 87 3 1 -4.55386e-06 2.67875e-06 0 0 6.17636e-310 6.32404e-322 0 0
640.355 565.065 5.295 9.953 12.0829 0.1 0 56 3 1 -2.88888e-06 -4.9812e-05 0 0 6.95288e-310 6.95288e-310 0 0
677.086 584.391 5.295 9.953 12.0829 0.1 0 61 3 1 -9.77282e-06 5.71476e-05 0 0 6.95288e-310 6.95288e-310 0 0
657.673 588.52 5.295 9.953 12.0829 0.1 0 85 3 1 -2.9112e-05 -3.08592e-06 0 0 6.95288e-310 6.95288e-310 0 0
641.747 600.398 5.295 9.953 12.0829 0.1 0 138 3 1 -1.47944e-05 1.10346e-05 0 0 6.95288e-310 6.95288e-310 0 0
669.195 604.739 5.295 9.953 12.0829 0.1 0 91 3 1 8.58695e-07 1.20878e-06 0 0 6.95288e-310 6.95288e-310 0 0
752.871 681.627 5.295 9.953 12.0829 0.1 0 151 3 1 0.0002107 0.000190357 0 0 4.99214e-310 1.58101e-322 0 0
681.885 565.167 5.295 9.953 12.0829 0.1 0 50 3 1 -0.000188827 0.000135117 0 0 6.95288e-310 6.95288e-310 0 0
718.757 574.713 5.295 9.953 12.0829 0.1 0 70 3 1 -4.341e-06 5.62025e-06 0 0 6.95288e-310 6.95288e-310 0 0
689.296 600.036 5.295 9.953 12.0829 0.1 0 87 3 1 2.74699e-05 3.51994e-05 0 0 6.95288e-310 6.95288e-310 0 0
80 235 2.6475 4.9765 6.04147 0.1 0 0 7 7 -0 -0.0266735 0 0 4.99214e-310 0 0 0
80 244 2.6475 4.9765 6.04147 0.1 0 0 7 7 -0 -0 0 0 3.21143e-322 4.99214e-310 0 0
80 253 2.6475 4.9765 6.04147 0.1 0 0 7 7 -0 -0 0 0 4.99214e-310 3.16202e-322 0 0
80 262 2.6475 4.9765 6.04147 0.1 0 0 7 7 -0 -0 0 0 1.58101e-322 4.99095e-310 0 0
80 271 2.6475 4.9765 6.04147 0.1 0 0 7 7 -0 -0 0 0 4.03179e-313 6.36599e-313 0 0
80 280 2.6475 4.9765 6.04147 0.1 0 0 7 7 -0 -0 0 0 4.60473e-312 4.64717e-312 0 0
80 289 2.6475 4.9765 6.04147 0.1 0 0 7 7 -0 -0 0 0 1.63042e-322 4.99214e-310 0 0
80 298 2.6475 4.9765 6.04147 0.1 0 0 7 7 -0 -0 0 0 4.99214e-310 1.58101e-322 0 0
80 307 2.6475 4.9765 6.04147 0.1 0 0 7 7 -0 -0 0 0 1.58101e-322 4.99095e-310 0 0
80 316 2.6475 4.9765 6.04147 0.1 0 0 7 7 -0 -0 0 0 5.49173e-311 6.32404e-322 0 0
80 325 2.6475 4.9765 6.04147 0.1 0 0 7 7 -0 -0 0 0 1.11165e-321 4.99214e-310 0 0
80 334 2.6475 4.9765 6.04147 0.1 0 0 7 7 -0 -0 0 0 4.99214e-310 0 0 0
80 343 2.6475 4.9765 6.04147 0.1 0 0 7 7 -0 -0 0 0 4.99214e-310 0 0 0
80 352 2.6475 4.9765 6.04147 0.1 0 0 7 7 -0 -0 0 0 1.27963e-321 0 0 0
80 361 2.6475 4.9765 6.04147 0.1 0 0 7 7 -0 -0 0 0 4.99214e-310 1.58101e-322 0 0
80 370 2.6475 4.9765 6.04147 0.1 0 0 7 7 -0 -0 0 0 1.58101e-322 4.99095e-310 0 0
80 379 2.6475 4.9765 6.04147 0.1 0 0 7 7 -0 -0 0 0 4.99214e-310 3.16202e-322 0 0
80 388 2.6475 4.9765 6.04147 0.1 0 0 7 7 -0 -0 0 0 1.90215e-321 4.99214e-310 0 0
80 397 2.6475 4.9765 6.04147 0.1 0 0 7 7 -0 -0 0 0 4.99214e-310 3.16202e-322 0 0
80 406 2.6475 4.9765 6.04147 0.1 0 0 7 7 -0 -0 0 0 1.58101e-322 4.99095e-310 0 0
80 415 2.6475 4.9765 6.04147 0.1 0 0 7 7 -0 -0 0 0 4.99214e-310 0 0 0
80 424 2.6475 4.9765 6.04147 0.1 0 0 7 7 -0 -0 0 0 4.99214e-310 4.99214e-310 0 0
80 433 2.6475 4.9765 6.04147 0.1 0 0 7 7 -0 -0 0 0 4.99214e-310 4.99214e-310 0 0
80 442 2.6475 4.9765 6.04147 0.1 0 0 7 7 -0 -0 0 0 4.99214e-310 4.99214e-310 0 0
80 451 2.6475 4.9765 6.04147 0.1 0 0 7 7 -0 -0 0 0 4.99214e-310 4.99214e-310 0 0
80 460 2.6475 4.9765 6.04147 0.1 0 0 7 7 -0 -0 0 0 4.99214e-310 4.99214e-310 0 0
80 469 2.6475 4.9765 6.04147 0.1 0 0 7 7 -0 -0 0 0 4.99214e-310 4.99214e-310 0 0
80 478 2.6475 4.9765 6.04147 0.1 0 0 7 7 -0 -0 0 0 0 4.99214e-310 0 0
80 487 2.6475 4.9765 6.04147 0.1 0 0 7 7 -0 -0 0 0 -nan 1.26481e-321 0 0
80 496 2.6475 4.9765 6.04147 0.1 0 0 7 7 -0 -0 0 0 4.99214e-310 0 0 0
80 505 2.6475 4.9765 6.04147 0.1 0 0 7 7 -0 -0 0 0 4.99214e-310 4.99214e-310 0 0
80 514 2.6475 4.9765 6.04147 0.1 0 0 7 7 -0 -0 0 0 4.79244e-322 4.99214e-310 0 0
80 523 2.6475 4.9765 6.04147 0.1 0 0 7 7 -0 -0 0 0 4.99214e-310 1.78884e-311 0 0
80 532 2.6475 4.9765 6.04147 0.1 0 0 7 7 -0 -0 0 0 1.63042e-322 4.99214e-310 0 0
80 541 2.6475 4.9765 6.04147 0.1 0 0 7 7 -0 -0 0 0 4.99214e-310 1.58101e-322 0 0
80 550 2.6475 4.9765 6.04147 0.1 0 0 7 7 -0 -0 0 0 4.79244e-322 4.99214e-310 0 0
80 559 2.6475 4.9765 6.04147 0.1 0 0 7 7 -0 -0 0 0 0 4.99214e-310 0 0
80 568 2.6475 4.9765 6.04147 0.1 0 0 7 7 -0 -0 0 0 -nan 1.26481e-321 0 0
80 577 2.6475 4.9765 6.04147 0.1 0 0 7 7 -0 -0 0 0 4.99214e-310 4.99214e-310 0 0
80 586 2.6475 4.9765 6.04147 0.1 0 0 7 7 -0 -0 0 0 4.99214e-310 4.99214e-310 0 0
80 595 2.6475 4.9765 6.04147 0.1 0 0 7 7 -0 -0 0 0 4.99214e-310 4.99214e-310 0 0
80 604 2.6475 4.9765 6.04147 0.1 0 0 7 7 -0 -0 0 0 4.99214e-310 4.99214e-310 0 0
80 613 2.6475 4.9765 6.04147 0.1 0 0 7 7 -0 -0 0 0 4.99214e-310 4.99214e-310 0 0
80 622 2.6475 4.9765 6.04147 0.1 0 0 7 7 -0 -0 0 0 4.99214e-310 4.99214e-310 0 0
80 631 2.6475 4.9765 6.04147 0.1 0 0 7 7 -0 -0 0 0 4.99214e-310 4.99214e-310 0 0
80 640 2.6475 4.9765 6.04147 0.1 0 0 7 7 -0 -0 0 0 4.99214e-310 4.99214e-310 0 0
80 649 2.6475 4.9765 6.04147 0.1 0 0 7 7 -0 -0 0 0 4.99214e-310 4.99214e-310 0 0
80 658 2.6475 4.9765 6.04147 0.1 0 0 7 7 -0 -0 0 0 4.99214e-310 4.99214e-310 0 0
80 667 2.6475 4.9765 6.04147 0.1 0 0 7 7 -0 -0 0 0 4.99214e-310 4.99214e-310 0 0
80 676 2.6475 4.9765 6.04147 0.1 0 0 7 7 -0 -0 0 0 4.99214e-310 4.99214e-310 0 0
80 685 2.6475 4.9765 6.04147 0.1 0 0 7 7 -0 -0 0 0 4.99214e-310 3.16202e-322 0 0
80 694 2.6475 4.9765 6.04147 0.1 0 0 7 7 -0 -0 0 0 6.17628e-310 0 0 0
80 703 2.6475 4.9765 6.04147 0.1 0 0 7 7 -0 -0 0 0 4.99214e-310 2.74798e-311 0 0
80 712 2.6475 4.9765 6.04147 0.1 0 0 7 7 -0 -0 0 0 4.99214e-310 4.07635e-311 0 0
80 721 2.6475 4.9765 6.04147 0.1 0 0 7 7 -0 -0 0 0 9.53547e-322 4.99214e-310 0 0
80 730 2.6475 4.9765 6.04147 0.1 0 0 7 7 -0 -0 0 0 1.58101e-322 1.01185e-320 0 0
80 739 2.6475 4.9765 6.04147 0.1 0 0 7 7 -0 -0 0 0 1.14673e-320 2.41895e-320 0 0
80 748 2.6475 4.9765 6.04147 0.1 0 0 7 7 -0 -0 0 0 4.99214e-310 4.80632e-311 0 0
80 757 2.6475 4.9765 6.04147 0.1 0 0 7 7 -0 -0 0 0 3.21143e-322 4.99214e-310 0 0
80 766 2.6475 4.9765 6.04147 0.1 0 0 7 7 -0 -0 0 0 1.58101e-322 4.99095e-310 0 0
80 775 2.6475 4.9765 6.04147 0.1 0 0 7 7 -0 0.0266735 0 0 1.16402e-320 2.76677e-320 0 0
100 208 2.6475 4.9765 6.04147 0.1 0 0 7 7 -0 -0.0266735 0 0 9.4641e-312 4.19731e-311 0 0
100 217 2.6475 4.9765 6.04147 0.1 0 0 7 7 -0 -0 0 0 3.16202e-322 4.99095e-310 0 0
100 226 2.6475 4.9765 6.04147 0.1 0 0 7 7 -0 -0 0 0 1.58101e-322 4.99095e-310 0 0
100 235 2.6475 4.9765 6.04147 0.1 0 0 7 7 -0 -0 0 0 1.16896e-320 3.11459e-320 0 0
100 244 2.6475 4.9765 6.04147 0.1 0 0 7 7 -0 -0 0 0 3.81959e-312 3.22543e-311 0 0
100 253 2.6475 4.9765 6.04147 0.1 0 0 7 7 -0 -0 0 0 2.85076e-321 4.99214e-310 0 0
100 262 2.6475 4.9765 6.04147 0.1 0 0 7 7 -0 -0 0 0 1.58101e-322 4.99095e-310 0 0
100 271 2.6475 4.9765 6.04147 0.1 0 0 7 7 -0 -0 0 0 4.992e-310 3.46241e-320 0 0
100 280 2.6475 4.9765 6.04147 0.1 0 0 7 7 -0 -0 0 0 4.99214e-310 4.99214e-310 0 0
100 289 2.6475 4.9765 6.04147 0.1 0 0 7 7 1.78928e-05 9.67747e-06 0 0 4.99214e-310 4.99214e-310 0 0
100 298 2.6475 4.9765 6.04147 0.1 0 0 7 7 0.000650982 0.0263186 0 0 4.99214e-310 4.99214e-310 0 0
108.287 293.482 2.6475 4.9765 6.04147 0.1 0 0 7 15 -2.16892e-10 -8.1185e-12 0 0 4.99214e-310 4.99214e-310 0 0
116.674 289.153 2.6475 4.9765 6.04147 600 0 784 7 13 -3.92344e-08 -7.49477e-08 0 0 0.983506 -0.180877 0 0
125.061 284.823 2.6475 4.9765 6.04147 600 0 829 7 15 -7.76218e-08 -1.48646e-07 0 0 0.998508 -0.0546056 0 0
133.447 280.491 2.6475 4.9765 6.04147 600 0 1370 7 13 -1.14764e-07 -2.19894e-07 0 0 0.886379 -0.462961 0 0
141.832 276.156 2.6475 4.9765 6.04147 600 0 1415 7 13 -1.50076e-07 -2.87544e-07 0 0 0.710542 -0.703654 0 0
150.215 271.818 2.6475 4.9765 6.04147 600 0 1460 7 13 -1.83014e-07 -3.50535e-07 0 0 0.783068 -0.621936 0 0
158.595 267.476 2.6475 4.9765 6.04147 600 0 1505 7 13 -2.13089e-07 -4.07921e-07 0 0 0.741946 -0.67046 0 0
166.973 263.128 2.6475 4.9765 6.04147 600 0 1550 7 13 -2.39875e-07 -4.58882e-07 0 0 0.730896 -0.682489 0 0
175.348 258.774 2.6475 4.9765 6.04147 600 0 1595 7 13 -2.63014e-07 -5.02742e-07 0 0 0.621018 -0.783796 0 0
183.719 254.414 2.6475 4.9765 6.04147 600 0 1640 7 13 -2.82222e-07 -5.38975e-07 0 0 0.619647 -0.784881 0 0
192.087 250.048 2.6475 4.9765 6.04147 600 0 1685 7 13 -2.97291e-07 -5.67202e-07 0 0 0.60003 -0.799977 0 0
200.451 245.674 2.6475 4.9765 6.04147 600 0 1730 7 13 -3.08084e-07 -5.87195e-07 0 0 0.728527 -0.685018 0 0
208.812 241.293 2.6475 4.9765 6.04147 600 0 1775 7 13 -3.14536e-07 -5.98862e-07 0 0 0.685207 -0.728348 0 0
217.168 236.904 2.6475 4.9765 6.04147 600 0 1820 7 13 -3.1665e-07 -6.02241e-07 0 0 0.666608 -0.745409 0 0
225.521 232.508 2.6475 4.9765 6.04147 600 0 1865 7 13 -3.14487e-07 -5.97486e-07 0 0 0.589798 -0.807551 0 0
233.869 228.104 2.6475 4.9765 6.04147 600 0 1910 7 13 -3.08163e-07 -5.84854e-07 0 0 0.63078 -0.775962 0 0
242.214 223.693 2.6475 4.9765 6.04147 600 0 1910 7 13 -2.97844e-07 -5.6469e-07 0 0 6.95288e-310 6.95288e-310 0 0
250.555 219.275 2.6475 4.9765 6.04147 600 0 2000 7 13 -2.83736e-07 -5.37413e-07 0 0 0.810344 -0.585954 0 0
258.892 214.85 2.6475 4.9765 6.04147 600 0 2045 7 13 -2.66082e-07 -5.03508e-07 0 0 0.811739 -0.58402 0 0
267.226 210.419 2.6475 4.9765 6.04147 600 0 2090 7 13 -2.45155e-07 -4.63509e-07 0 0 0.814796 -0.579747 0 0
275.557 205.982 2.6475 4.9765 6.04147 600 0 2135 7 13 -2.21257e-07 -4.17998e-07 0 0 0.848218 -0.529648 0 0
283.885 201.54 2.6475 4.9765 6.04147 600 0 2180 7 13 -1.94711e-07 -3.6759e-07 0 0 0.847969 -0.530045 0 0
292.211 197.094 2.6475 4.9765 6.04147 600 0 2225 7 13 -1.65859e-07 -3.12932e-07 0 0 0.851253 -0.524755 0 0
300.535 192.643 2.6475 4.9765 6.04147 600 0 2270 7 13 -1.3506e-07 -2.54694e-07 0 0 0.868279 -0.496076 0 0
308.857 188.189 2.6475 4.9765 6.04147 600 0 2315 7 15 -1.02687e-07 -1.93569e-07 0 0 0.858417 -0.512953 0 0
317.177 183.733 2.6475 4.9765 6.04147 600 0 2855 7 13 -6.91238e-08 -1.30263e-07 0 0 0.828238 -0.560377 0 0
325.497 179.275 2.6475 4.9765 6.04147 600 0 2855 7 13 -3.47622e-08 -6.54978e-08 0 0 0.863038 -0.505139 0 0
333.816 174.816 2.6475 4.9765 6.04147 600 0 50 7 10 -0.000619933 0.000345019 0 0 0.872509 -0.488598 0 0
340.331 181.622 2.6475 4.9765 6.04147 600 0 2848 7 14 -1.26806e-07 1.21366e-07 0 0 0.872509 -0.488598 0 0
342.968 172.578 2.6475 4.9765 6.04147 600 0 2495 7 15 3.72036e-08 1.69173e-07 0 0 0.921166 -0.389169 0 0
352.138 170.411 2.6475 4.9765 6.04147 600 0 2540 7 13 5.21224e-08 2.49881e-07 0 0 0.948419 -0.31702 0 0
361.319 168.296 2.6475 4.9765 6.04147 600 0 2585 7 13 6.59863e-08 3.28099e-07 0 0 0.940255 -0.340471 0 0
370.516 166.25 2.6475 4.9765 6.04147 600 0 2630 7 13 8.16362e-08 4.1708e-07 0 0 0.976028 -0.217644 0 0
379.733 164.293 2.6475 4.9765 6.04147 600 0 2675 7 13 9.60145e-08 5.04216e-07 0 0 0.913959 -0.405806 0 0
388.971 162.441 2.6475 4.9765 6.04147 600 0 2720 7 13 1.05242e-07 5.70812e-07 0 0 0.882204 -0.470867 0 0
398.232 160.71 2.6475 4.9765 6.04147 600 0 2765 7 13 1.06463e-07 5.99332e-07 0 0 0.968989 -0.247105 0 0
407.517 159.105 2.6475 4.9765 6.04147 600 0 2810 7 13 9.84881e-08 5.76904e-07 0 0 0.946594 -0.322429 0 0
416.821 157.623 2.6475 4.9765 6.04147 600 0 2855 7 15 8.18511e-08 4.98162e-07 0 0 0.970944 -0.239305 0 0
426.142 156.246 2.6475 4.9765 6.04147 600 0 3395 7 13 5.83279e-08 3.6658e-07 0 0 0.994402 -0.10566 0 0
435.474 154.946 2.6475 4.9765 6.04147 600 0 3395 7 13 3.02579e-08 1.9429e-07 0 0 0.996516 -0.0833978 0 0
444.811 153.688 2.6475 4.9765 6.04147 600 0 51 7 10 0.00236275 -0.000250335 0 0 0.996445 -0.0842433 0 0
448.664 145.091 2.6475 4.9765 6.04147 600 0 3388 7 14 -7.84175e-09 -3.51134e-09 0 0 0.970358 -0.241671 0 0
454.24 152.684 2.6475 4.9765 6.04147 600 0 3035 7 15 -9.17111e-10 -8.59127e-09 0 0 0.990914 -0.1345 0 0
463.668 151.68 2.6475 4.9765 6.04147 600 0 3080 7 13 -1.70949e-09 -1.60323e-08 0 0 0.990657 -0.136376 0 0
473.096 150.676 2.6475 4.9765 6.04147 600 0 3125 7 13 -2.3869e-09 -2.23933e-08 0 0 0.987466 -0.15783 0 0
482.524 149.672 2.6475 4.9765 6.04147 600 0 3170 7 13 -2.90373e-09 -2.7246e-08 0 0 0.994949 -0.100377 0 0
491.952 148.668 2.6475 4.9765 6.04147 600 0 3215 7 13 -3.22513e-09 -3.02634e-08 0 0 0.993361 -0.115035 0 0
501.38 147.664 2.6475 4.9765 6.04147 600 0 3260 7 13 -3.32941e-09 -3.12422e-08 0 0 0.986436 -0.164147 0 0
510.808 146.659 2.6475 4.9765 6.04147 600 0 3305 7 13 -3.2095e-09 -3.01165e-08 0 0 0.994489 0.104845 0 0
520.236 145.655 2.6475 4.9765 6.04147 600 0 3350 7 13 -2.87341e-09 -2.6962e-08 0 0 0.998422 -0.0561558 0 0
529.664 144.65 2.6475 4.9765 6.04147 600 0 3395 7 15 -2.34373e-09 -2.19914e-08 0 0 0.992837 -0.119481 0 0
539.092 143.645 2.6475 4.9765 6.04147 600 0 3935 7 13 -1.65615e-09 -1.55393e-08 0 0 0.999099 0.0424357 0 0
548.519 142.641 2.6475 4.9765 6.04147 600 0 3935 7 13 -8.56949e-10 -8.04049e-09 0 0 0.97518 -0.221415 0 0
557.947 141.636 2.6475 4.9765 6.04147 600 0 53 7 10 0.000267677 0.00126469 0 0 0.988882 -0.1487 0 0
559.538 150.921 2.6475 4.9765 6.04147 600 0 3928 7 14 -1.19665e-05 2.0358e-06 0 0 0.988882 -0.1487 0 0
566.837 144.966 2.6475 4.9765 6.04147 600 0 3575 7 15 -3.83875e-06 1.19536e-05 0 0 0.993878 0.110482 0 0
575.698 148.372 2.6475 4.9765 6.04147 600 0 3620 7 13 -5.76672e-06 1.87473e-05 0 0 0.989899 0.141772 0 0
584.535 151.84 2.6475 4.9765 6.04147 600 0 3665 7 13 -8.14302e-06 2.66663e-05 0 0 0.991819 0.127651 0 0
593.338 155.393 2.6475 4.9765 6.04147 600 0 3710 7 13 -1.17926e-05 3.76671e-05 0 0 0.980372 0.197155 0 0
602.092 159.067 2.6475 4.9765 6.04147 600 0 3755 7 13 -1.67974e-05 5.16169e-05 0 0 0.979447 0.201703 0 0
610.774 162.907 2.6475 4.9765 6.04147 600 0 3800 7 13 -2.31152e-05 6.7943e-05 0 0 0.967439 0.253104 0 0
619.358 166.961 2.6475 4.9765 6.04147 600 0 3845 7 13 -3.05442e-05 8.56311e-05 0 0 0.987115 0.16001 0 0
627.811 171.284 2.6475 4.9765 6.04147 600 0 3890 7 13 -3.79012e-05 0.000101817 0 0 0.915184 0.403036 0 0
636.097 175.919 2.6475 4.9765 6.04147 600 0 3935 7 15 -4.24176e-05 0.00011143 0 0 0.9171 0.398657 0 0
644.189 180.886 2.6475 4.9765 6.04147 600 0 4475 7 13 -4.04612e-05 0.000109489 0 0 0.808968 0.587853 0 0
652.082 186.165 2.6475 4.9765 6.04147 600 0 4475 9 13 -3.03245e-05 9.51869e-05 0 0 0.764426 0.644711 0 0
659.801 191.697 2.6475 4.9765 6.04147 600 0 70 8 10 -1.6829e-05 7.6928e-05 0 0 0.623958 0.781458 0 0
665.061 183.879 2.6475 4.9765 6.04147 600 0 4468 9 14 4.33166e-05 0.000116998 0 0 0.922668 0.385596 0 0
672.575 189.567 2.6475 4.9765 6.04147 600 0 4115 7 15 0.000129617 1.60012e-05 0 0 0.890947 0.454107 0 0
681.424 192.814 2.6475 4.9765 6.04147 600 0 4160 7 13 8.96104e-05 8.37389e-05 0 0 0.90715 0.420807 0 0
689.733 197.271 2.6475 4.9765 6.04147 600 0 4205 7 13 0.000114459 7.9995e-05 0 0 0.922982 0.384842 0 0
697.888 202.011 2.6475 4.9765 6.04147 600 0 4250 7 13 8.89967e-05 8.06625e-05 0 0 0.910959 0.412498 0 0
705.839 207.09 2.6475 4.9765 6.04147 600 0 4295 7 13 0.000101667 0.000103395 0 0 0.911343 0.411648 0 0
713.563 212.514 2.6475 4.9765 6.04147 600 0 4340 7 13 7.79863e-05 0.000102728 0 0 0.897291 0.441439 0 0
721.035 218.286 2.6475 4.9765 6.04147 600 0 4385 7 13 7.76447e-05 0.000132579 0 0 0.811856 0.583857 0 0
728.168 224.477 2.6475 4.9765 6.04147 600 0 4430 7 13 7.43094e-05 0.000116518 0 0 0.829106 0.559091 0 0
735.086 230.913 2.6475 4.9765 6.04147 600 0 4475 7 13 4.10779e-05 0.000167587 0 0 0.733039 0.680186 0 0
741.515 237.841 2.6475 4.9765 6.04147 600 0 4475 9 13 5.80648e-05 0.000143515 0 0 0.6369 0.770947 0 0
747.675 245.015 2.6475 4.9765 6.04147 600 0 3175 8 10 7.49462e-05 0.0001337 0 0 0.6369 0.770947 0 0
250.914 234.186 2.6475 4.9765 6.04147 600 0 1948 7 14 0.000219817 -0.000239001 0 0 0.881802 -0.47162 0 0
244.53 241.125 2.6475 4.9765 6.04147 600 0 1948 7 14 -0.000749371 0.000655219 0 0 0.856272 -0.516525 0 0
240.601 249.679 2.6475 4.9765 6.04147 600 0 1903 7 14 0.000901526 -0.000322428 0 0 0.864455 -0.50271 0 0
235.156 241.988 2.6475 4.9765 6.04147 600 0 1858 7 14 0.000485216 -0.000625607 0 0 0.920563 -0.390595 0 0
231.206 250.553 2.6475 4.9765 6.04147 600 0 1813 7 14 -0.00165975 0.000680209 0 0 0.882647 -0.470037 0 0
221.953 252.255 2.6475 4.9765 6.04147 600 0 1768 7 14 0.00109058 -0.000566562 0 0 0.921302 -0.388849 0 0
216.593 260.02 2.6475 4.9765 6.04147 600 0 1723 7 14 -0.000973138 0.000799894 0 0 0.883572 -0.468295 0 0
208.369 264.597 2.6475 4.9765 6.04147 600 0 1678 7 14 0.000997784 -0.000704623 0 0 0.799573 -0.600569 0 0
201.804 271.378 2.6475 4.9765 6.04147 600 0 1633 7 14 -0.000722548 0.0010631 0 0 0.863367 -0.504577 0 0
197.243 279.614 2.6475 4.9765 6.04147 600 0 1588 7 14 0.000427641 -0.000959394 0 0 0.828814 -0.559525 0 0
196.482 289.021 2.6475 4.9765 6.04147 600 0 1543 7 14 0.000424336 0.00095798 0 0 0.800172 -0.599771 0 0
201.318 297.103 2.6475 4.9765 6.04147 600 0 1498 7 14 -0.000730844 -0.000798337 0 0 0.831337 -0.555768 0 0
210.571 299.035 2.6475 4.9765 6.04147 600 0 1453 7 14 0.00229865 0.00196773 0 0 0.772007 -0.635614 0 0
209.735 308.395 2.6475 4.9765 6.04147 600 0 1408 7 14 0.00165 -0.00121187 0 0 0.835064 -0.550152 0 0
218.268 304.444 2.6475 4.9765 6.04147 600 0 1009 7 15 -0.00412973 -0.000754426 0 0 0.921332 -0.388777 0 0
227.692 305.611 2.6475 4.9765 6.04147 600 0 1054 7 13 0.00349273 0.000265881 0 0 0.945449 -0.325769 0 0
237.087 306.257 2.6475 4.9765 6.04147 600 0 1099 7 13 -0.00374202 -0.000228002 0 0 0.910708 -0.413051 0 0
246.574 306.524 2.6475 4.9765 6.04147 600 0 1144 7 13 0.00401195 -3.82933e-06 0 0 0.972433 -0.233181 0 0
255.979 306.455 2.6475 4.9765 6.04147 600 0 1189 7 13 -0.00504224 8.79859e-05 0 0 0.961498 -0.274812 0 0
265.471 306.108 2.6475 4.9765 6.04147 600 0 1234 7 13 0.00546096 -0.000291962 0 0 0.931207 -0.36449 0 0
274.842 305.533 2.6475 4.9765 6.04147 600 0 1279 7 13 -0.00619303 0.000433642 0 0 0.95688 -0.290485 0 0
284.318 304.748 2.6475 4.9765 6.04147 600 0 1324 7 13 0.00652989 -0.000615407 0 0 0.927903 -0.372821 0 0
293.657 303.802 2.6475 4.9765 6.04147 600 0 1369 7 13 -0.00613383 0.000655018 0 0 0.946256 -0.323419 0 0
303.109 302.691 2.6475 4.9765 6.04147 600 0 1414 7 13 0.00657728 -0.000837031 0 0 0.972696 -0.232081 0 0
312.416 301.465 2.6475 4.9765 6.04147 600 0 1459 7 13 -0.007324 0.00100123 0 0 0.9413 -0.337572 0 0
321.851 300.101 2.6475 4.9765 6.04147 600 0 1504 7 13 0.00825988 -0.00125524 0 0 0.925884 -0.377809 0 0
331.106 298.659 2.6475 4.9765 6.04147 600 0 1549 7 15 -0.0103915 0.00166875 0 0 0.898937 -0.438077 0 0
340.528 297.097 2.6475 4.9765 6.04147 600 0 2308 7 13 0.0104827 -0.00178567 0 0 0.863324 -0.504649 0 0
349.725 295.492 2.6475 4.9765 6.04147 600 0 2353 7 13 -0.011148 0.00198667 0 0 0.830603 -0.556866 0 0
359.124 293.783 2.6475 4.9765 6.04147 600 0 2398 7 13 0.0109245 -0.00202145 0 0 0.779255 -0.626707 0 0
368.288 292.06 2.6475 4.9765 6.04147 600 0 2443 7 13 -0.088289 0.0170094 0 0 0.719513 -0.694479 0 0
378.546 290.081 2.6475 4.9765 6.04147 600 0 2488 7 13 0.0861289 -0.016625 0 0 0.77187 -0.635781 0 0
386.862 288.453 2.6475 4.9765 6.04147 600 0 2533 7 13 -0.00469353 0.000920132 0 0 0.755129 -0.655576 0 0
396.172 286.618 2.6475 4.9765 6.04147 600 0 2578 7 13 0.00452114 -0.000889423 0 0 0.815671 -0.578516 0 0
405.384 284.808 2.6475 4.9765 6.04147 600 0 2623 7 13 -0.00520974 0.00101894 0 0 0.783612 -0.621251 0 0
414.697 282.998 2.6475 4.9765 6.04147 600 0 2668 7 13 0.00511013 -0.000980061 0 0 0.868925 -0.494944 0 0
423.896 281.252 2.6475 4.9765 6.04147 600 0 2713 7 13 -0.00649229 0.0012083 0 0 0.845139 -0.534547 0 0
433.218 279.544 2.6475 4.9765 6.04147 600 0 2758 7 13 0.00546377 -0.000983531 0 0 0.897429 -0.441159 0 0
442.429 277.944 2.6475 4.9765 6.04147 600 0 2803 7 15 -0.00497836 0.000824095 0 0 0.902092 -0.431544 0 0
451.748 276.446 2.6475 4.9765 6.04147 600 0 3346 7 13 0.00269051 -0.000440634 0 0 0.873686 -0.48649 0 0
461.037 275.12 2.6475 4.9765 6.04147 600 0 3391 7 13 0.000240305 -3.95815e-05 0 0 0.853321 -0.521386 0 0
470.376 274.019 2.6475 4.9765 6.04147 600 0 3391 7 13 -0.000795015 6.13281e-05 0 0 6.95288e-310 6.95288e-310 0 0
479.779 273.214 2.6475 4.9765 6.04147 600 0 3436 7 13 0.00272102 -0.000167173 0 0 6.95288e-310 6.95288e-310 0 0
489.183 272.771 2.6475 4.9765 6.04147 600 0 3481 7 13 -0.00163238 8.04597e-05 0 0 6.95288e-310 6.95288e-310 0 0
498.648 272.736 2.6475 4.9765 6.04147 600 0 3526 7 13 0.00212695 0.000149576 0 0 6.95288e-310 6.95288e-310 0 0
508.058 273.373 2.6475 4.9765 6.04147 600 0 3616 7 13 -0.00181279 -0.000106795 0 0 0.934806 -0.355159 0 0
517.473 274.388 2.6475 4.9765 6.04147 600 0 3661 7 13 0.00166417 0.000542608 0 0 0.946756 -0.321952 0 0
526.544 276.952 2.6475 4.9765 6.04147 600 0 3706 7 15 -0.00213574 -0.00177785 0 0 0.967611 -0.252446 0 0
535.769 274.953 2.6475 4.9765 6.04147 600 0 4358 7 13 0.000544804 4.12359e-05 0 0 0.99784 -0.0656969 0 0
544.682 278.01 2.6475 4.9765 6.04147 600 0 0 7 10 -0.000390773 0.000462734 0 0 0.997806 -0.0662047 0 0
553.283 281.849 2.6475 4.9765 6.04147 600 0 4358 7 14 -0.000475418 -0.000114201 0 0 0.991174 -0.132566 0 0
562.111 285.162 2.6475 4.9765 6.04147 600 0 3886 7 15 0.000836599 0.000424469 0 0 0.997143 0.0755362 0 0
570.812 288.749 2.6475 4.9765 6.04147 600 0 3931 7 13 -0.00114288 -0.000523701 0 0 0.999894 0.0145837 0 0
579.238 293.001 2.6475 4.9765 6.04147 600 0 3976 7 13 0.00133683 0.000857216 0 0 0.99989 -0.0148023 0 0
586.79 298.608 2.6475 4.9765 6.04147 600 0 4021 7 13 -0.00143717 -0.00108908 0 0 0.963285 0.268481 0 0
594.252 304.397 2.6475 4.9765 6.04147 600 0 4066 7 13 0.00153754 0.00126974 0 0 0.987944 0.154813 0 0
601.366 310.546 2.6475 4.9765 6.04147 600 0 4111 7 13 -0.00154429 -0.00139942 0 0 0.904443 0.426594 0 0
608.18 317.088 2.6475 4.9765 6.04147 600 0 4156 7 13 0.00146428 0.00148836 0 0 0.93393 0.357456 0 0
614.617 323.941 2.6475 4.9765 6.04147 600 0 4201 7 13 -0.00137233 -0.00153918 0 0 0.863922 0.503625 0 0
620.667 331.192 2.6475 4.9765 6.04147 600 0 4246 7 13 0.00116269 0.001483 0 0 0.850894 0.525337 0 0
626.257 338.755 2.6475 4.9765 6.04147 600 0 4291 7 13 -0.00100381 -0.00139248 0 0 0.689553 0.724235 0 0
631.656 346.497 2.6475 4.9765 6.04147 600 0 4336 7 13 0.000794243 0.00111764 0 0 0.742709 0.669615 0 0
637.187 354.108 2.6475 4.9765 6.04147 600 0 4381 7 13 -0.000518746 -0.000891148 0 0 0.491423 0.870921 0 0
640.612 362.894 2.6475 4.9765 6.04147 600 0 4426 7 13 0.000228353 0.000581901 0 0 0.506383 0.862309 0 0
644.093 371.644 2.6475 4.9765 6.04147 600 0 4426 7 13 -7.95256e-05 -0.000199924 0 0 0.338511 0.940963 0 0
641.221 385.662 2.6475 4.9765 6.04147 600 0 1166 7 15 -0.000207688 -0.000258518 0 0 0.423051 0.906106 0 0
635.303 378.312 2.6475 4.9765 6.04147 600 0 4464 7 14 -0.00130358 -0.000219017 0 0 0.171723 0.985145 0 0
626.306 375.472 2.6475 4.9765 6.04147 600 0 4464 7 14 0.000740445 0.000743497 0 0 0.252779 0.967524 0 0
624.512 366.202 2.6475 4.9765 6.04147 600 0 4419 7 14 -1.42001e-05 -0.00198047 0 0 0.31151 0.950243 0 0
626.19 356.926 2.6475 4.9765 6.04147 600 0 4374 7 14 -0.00176551 0.000614876 0 0 0.460475 0.887673 0 0
617.344 360.095 2.6475 4.9765 6.04147 600 0 4329 7 14 0.000607765 -0.00141319 0 0 0.474245 0.880393 0 0
619.006 350.807 2.6475 4.9765 6.04147 600 0 4284 7 14 1.56848e-05 0.00161444 0 0 0.484551 0.874763 0 0
614.119 342.679 2.6475 4.9765 6.04147 600 0 4239 7 14 -0.000469645 -0.000755708 0 0 0.599738 0.800196 0 0
609.196 334.604 2.6475 4.9765 6.04147 600 0 4194 7 14 0.000544867 0.00125456 0 0 0.574347 0.818612 0 0
602.983 327.455 2.6475 4.9765 6.04147 600 0 4149 7 14 -0.000647408 -0.000555635 0 0 0.718219 0.695817 0 0
596.353 320.736 2.6475 4.9765 6.04147 600 0 4104 7 14 0.0013347 0.00135795 0 0 0.70565 0.70856 0 0
589.299 314.429 2.6475 4.9765 6.04147 600 0 4059 7 14 -0.00139553 -0.00104239 0 0 0.774262 0.632865 0 0
581.769 308.768 2.6475 4.9765 6.04147 600 0 4014 7 14 0.00182196 0.00138101 0 0 0.861244 0.508192 0 0
574.313 302.944 2.6475 4.9765 6.04147 600 0 3969 7 14 -0.0020987 -0.00119185 0 0 0.877664 0.479276 0 0
565.956 298.599 2.6475 4.9765 6.04147 600 0 3924 7 14 0.00162405 0.00125891 0 0 0.924919 0.380164 0 0
557.913 293.599 2.6475 4.9765 6.04147 600 0 3879 7 14 -0.00215594 -0.000900159 0 0 0.950423 0.31096 0 0
549.08 290.278 2.6475 4.9765 6.04147 600 0 3834 7 14 0.00139468 0.000392787 0 0 0.985294 0.17087 0 0
540.411 286.429 2.6475 4.9765 6.04147 600 0 3789 7 14 -0.00237772 -0.000554104 0 0 0.987707 0.156315 0 0
531.03 285.28 2.6475 4.9765 6.04147 600 0 3744 7 14 0.00286014 0.000914213 0 0 0.993642 0.112583 0 0
521.537 284.935 2.6475 4.9765 6.04147 600 0 3699 7 14 -0.00230477 0.000496419 0 0 0.999995 0.00330027 0 0
512.137 284.009 2.6475 4.9765 6.04147 600 0 3654 7 14 0.00170889 0.000173955 0 0 0.997449 -0.0713805 0 0
502.704 283.156 2.6475 4.9765 6.04147 600 0 3609 7 14 -0.000639723 0.000252231 0 0 0.985542 -0.169432 0 0
493.309 284.069 2.6475 4.9765 6.04147 600 0 3564 7 14 0.00128503 -0.000115843 0 0 0.96577 -0.259398 0 0
483.936 285.244 2.6475 4.9765 6.04147 600 0 3519 7 14 2.09647e-05 0.00192146 0 0 0.933723 -0.357997 0 0
482.358 294.511 2.6475 4.9765 6.04147 600 0 3474 7 14 0.00456514 -0.00364543 0 0 0.906202 -0.422844 0 0
473.15 292.36 2.6475 4.9765 6.04147 600 0 3429 7 14 -0.00298604 -0.00441285 0 0 0.99334 -0.115217 0 0
466.696 299.211 2.6475 4.9765 6.04147 600 0 3384 7 14 0.000304939 -0.00116017 0 0 0.971318 -0.237785 0 0
475.845 301.512 2.6475 4.9765 6.04147 600 0 2983 7 15 -0.00320891 0.0144788 0 0 0.942242 -0.334934 0 0
494.092 307.808 2.6475 4.9765 6.04147 600 0 3028 13 13 -0.00211702 -0.00262758 0 0 0.922051 -0.387068 0 0
502.983 310.978 2.6475 4.9765 6.04147 600 0 3073 13 13 0.00335482 -0.00211743 0 0 0.957522 -0.288361 0 0
504.614 301.708 2.6475 4.9765 6.04147 600 0 3073 13 13 -0.00074763 0.00168977 0 0 6.95288e-310 6.95288e-310 0 0
513.999 300.716 2.6475 4.9765 6.04147 600 0 3163 13 13 0.00151153 0.000204213 0 0 0.998125 -0.0612118 0 0
523.148 302.886 2.6475 4.9765 6.04147 600 0 3208 13 13 -0.00235456 -0.000749162 0 0 0.988888 -0.148661 0 0
531.969 306.276 2.6475 4.9765 6.04147 600 0 3208 13 13 0.00278541 0.00109209 0 0 6.95288e-310 6.95288e-310 0 0
540.693 309.749 2.6475 4.9765 6.04147 600 0 3253 13 13 -0.00294538 -0.00159592 0 0 6.95288e-310 6.95288e-310 0 0
548.48 315.113 2.6475 4.9765 6.04147 600 0 3343 13 13 0.00247108 0.00228831 0 0 0.999486 0.0320586 0 0
553.326 323.165 2.6475 4.9765 6.04147 600 0 3388 13 13 -0.0015477 -0.00165988 0 0 0.983223 0.182406 0 0
562.211 326.4 2.6475 4.9765 6.04147 600 0 3433 13 13 0.00231153 0.00186766 0 0 0.994806 0.101792 0 0
569.143 332.777 2.6475 4.9765 6.04147 600 0 3478 13 13 -0.00133544 -0.00121665 0 0 0.958799 0.284086 0 0
575.915 339.395 2.6475 4.9765 6.04147 600 0 3523 13 13 0.00129261 0.00138987 0 0 0.858988 0.511996 0 0
582.384 346.268 2.6475 4.9765 6.04147 600 0 3568 13 13 -0.000957234 -0.000928597 0 0 0.863333 0.504634 0 0
588.361 353.609 2.6475 4.9765 6.04147 600 0 3613 13 13 0.000750626 0.000702736 0 0 0.709751 0.704453 0 0
594.845 360.468 2.6475 4.9765 6.04147 600 0 3658 13 13 -0.00111801 -0.000997145 0 0 0.737903 0.674907 0 0
598.784 369.066 2.6475 4.9765 6.04147 600 0 3703 13 13 0.00131172 0.000530709 0 0 0.536072 0.844172 0 0
599.094 378.474 2.6475 4.9765 6.04147 600 0 3748 13 13 0.00129901 -0.00106133 0 0 0.571029 0.82093 0 0
605.226 385.615 2.6475 4.9765 6.04147 600 0 3793 13 13 0.000803462 -0.00130253 0 0 0.433643 0.901085 0 0
610.735 393.27 2.6475 4.9765 6.04147 600 0 3838 13 13 0.00027271 0.000397624 0 0 0.383454 0.92356 0 0
616.029 401.063 2.6475 4.9765 6.04147 600 0 3838 13 13 -0.000212158 -0.000308944 0 0 0.459984 0.887927 0 0
624.501 405.192 2.6475 4.9765 6.04147 600 0 1605 13 10 -1.53969e-05 1.40241e-05 0 0 0.689716 0.72408 0 0
559.25 338.31 2.6475 4.9765 6.04147 600 0 3471 7 14 1.40529e-06 -2.44933e-07 0 0 0.788195 0.615426 0 0
549.969 339.927 2.6475 4.9765 6.04147 600 0 3471 7 14 -1.63893e-05 -3.0444e-05 0 0 0.749645 0.66184 0 0
545.836 331.461 2.6475 4.9765 6.04147 600 0 3426 7 14 3.23128e-05 4.52044e-05 0 0 0.792098 0.610394 0 0
538.613 325.411 2.6475 4.9765 6.04147 600 0 3381 7 14 -5.54038e-05 -6.73252e-05 0 0 0.807394 0.590012 0 0
533.108 317.767 2.6475 4.9765 6.04147 600 0 3336 7 14 0.000429713 -0.000157551 0 0 0.84943 0.527701 0 0
524.808 322.239 2.6475 4.9765 6.04147 600 0 3291 7 15 -0.00045545 0.00157301 0 0 0.8829 0.469562 0 0
516.755 327.091 2.6475 4.9765 6.04147 600 0 4124 7 13 0.00128657 0.000609106 0 0 0.526971 0.849883 0 0
525.003 331.664 2.6475 4.9765 6.04147 600 0 4169 7 13 -0.000340595 -0.000775475 0 0 0.53955 0.841954 0 0
530.629 339.293 2.6475 4.9765 6.04147 600 0 4214 7 13 0.00078272 0.00087748 0 0 0.536346 0.843998 0 0
536.558 346.678 2.6475 4.9765 6.04147 600 0 4259 7 13 -0.000201953 -0.000375959 0 0 0.631117 0.775688 0 0
542.748 353.863 2.6475 4.9765 6.04147 600 0 4304 7 13 0.000178966 0.000169858 0 0 0.589837 0.807523 0 0
549.003 360.977 2.6475 4.9765 6.04147 600 0 4349 7 13 -0.000395248 -0.000547793 0 0 0.694133 0.719847 0 0
555.504 367.864 2.6475 4.9765 6.04147 600 0 4394 7 13 -0.000207837 -6.11132e-05 0 0 0.709299 0.704907 0 0
561.525 375.151 2.6475 4.9765 6.04147 600 0 4439 7 13 -0.000308027 -0.000884627 0 0 0.713005 0.701159 0 0
569.925 379.469 2.6475 4.9765 6.04147 600 0 4484 7 13 -0.000608696 0.000549448 0 0 0.584238 0.811582 0 0
571.173 388.824 2.6475 4.9765 6.04147 600 0 4484 9 13 0.000396616 -8.42871e-05 0 0 0.687208 0.726461 0 0
571.433 398.276 2.6475 4.9765 6.04147 600 0 459 8 10 0.000718364 0.000411962 0 0 0.738075 0.674718 0 0
562.443 395.296 2.6475 4.9765 6.04147 600 0 4491 9 14 -7.09563e-05 6.96334e-05 0 0 0.738075 0.674718 0 0
554.697 389.897 2.6475 4.9765 6.04147 600 0 4491 7 14 0.0010672 0.000595177 0 0 0.689129 0.724638 0 0
550.635 381.366 2.6475 4.9765 6.04147 600 0 4446 7 14 -0.000937088 -0.000626639 0 0 0.656209 0.75458 0 0
543.326 375.416 2.6475 4.9765 6.04147 600 0 4401 7 14 0.00108736 0.000903755 0 0 0.634629 0.772817 0 0
537.354 368.084 2.6475 4.9765 6.04147 600 0 4356 7 14 -0.00128507 -0.00138803 0 0 0.601603 0.798795 0 0
530.93 361.181 2.6475 4.9765 6.04147 600 0 4311 7 14 0.000914866 0.000965239 0 0 0.677238 0.735764 0 0
524.656 354.092 2.6475 4.9765 6.04147 600 0 4266 7 14 -0.00116464 -0.00130967 0 0 0.679433 0.733737 0 0
518.383 347.029 2.6475 4.9765 6.04147 600 0 4221 7 14 0.000635581 0.000717922 0 0 0.557477 0.830193 0 0
512.077 339.95 2.6475 4.9765 6.04147 600 0 4176 7 14 -0.00111351 -0.00120314 0 0 0.490887 0.871223 0 0
505.713 332.955 2.6475 4.9765 6.04147 600 0 4131 7 14 0.00124483 0.00134958 0 0 0.619933 0.784654 0 0
499.39 325.843 2.6475 4.9765 6.04147 600 0 4086 7 14 -0.00272846 -0.00345879 0 0 0.532005 0.846742 0 0
495.723 317.167 2.6475 4.9765 6.04147 600 0 3111 7 15 -0.00548549 0.00926325 0 0 0.994708 0.102742 0 0
490.068 324.581 2.6475 4.9765 6.04147 600 0 3066 7 14 0.00269445 -0.00498664 0 0 0.955938 0.29357 0 0
486.383 315.939 2.6475 4.9765 6.04147 600 0 3021 7 14 0.00555433 0.00327343 0 0 0.977717 0.209927 0 0
478.506 310.461 2.6475 4.9765 6.04147 600 0 2976 7 14 -0.00732963 -0.00679222 0 0 0.983716 0.17973 0 0
469.366 308.241 2.6475 4.9765 6.04147 600 0 2931 7 14 0.00776601 -0.00142063 0 0 0.99044 0.137944 0 0
460.076 305.939 2.6475 4.9765 6.04147 600 0 2886 7 14 -0.00305003 -0.000446642 0 0 0.999266 0.0383059 0 0
451.025 303.116 2.6475 4.9765 6.04147 600 0 2841 7 14 0.00139676 0.00104693 0 0 0.999526 -0.0307983 0 0
441.551 302.351 2.6475 4.9765 6.04147 600 0 2796 7 14 -0.000142099 1.8278e-05 0 0 0.999483 0.0321576 0 0
432.098 301.7 2.6475 4.9765 6.04147 600 0 2751 7 14 0.00129202 0.000199773 0 0 0.999983 0.00574638 0 0
422.625 301.752 2.6475 4.9765 6.04147 600 0 2706 7 14 -0.000161337 9.67437e-05 0 0 0.992038 -0.125941 0 0
413.2 302.354 2.6475 4.9765 6.04147 600 0 2661 7 14 0.00133086 -6.62915e-05 0 0 0.977925 -0.208955 0 0
403.824 303.523 2.6475 4.9765 6.04147 600 0 2616 7 14 -0.00050176 0.00011564 0 0 0.975351 -0.22066 0 0
394.559 305.283 2.6475 4.9765 6.04147 600 0 2571 7 14 0.000402331 -4.46475e-05 0 0 0.95662 -0.291338 0 0
385.444 307.719 2.6475 4.9765 6.04147 600 0 2526 7 14 1.68718e-05 3.3403e-05 0 0 0.928561 -0.37118 0 0
376.57 310.946 2.6475 4.9765 6.04147 600 0 2481 7 14 -0.000925591 0.000497247 0 0 0.902774 -0.430116 0 0
368.09 315.061 2.6475 4.9765 6.04147 600 0 2436 7 14 0.00155708 -0.000770015 0 0 0.922771 -0.385349 0 0
359.785 319.599 2.6475 4.9765 6.04147 600 0 2391 7 14 -0.00203611 0.00195367 0 0 0.851827 -0.523824 0 0
350.795 322.367 2.6475 4.9765 6.04147 600 0 2346 7 14 0.00230803 0.000306612 0 0 0.86623 -0.499645 0 0
357.678 328.764 2.6475 4.9765 6.04147 600 0 1729 7 15 -0.00124882 -0.00256071 0 0 0.966446 -0.25687 0 0
365.835 333.537 2.6475 4.9765 6.04147 600 0 1774 7 13 0.0014526 0.00162205 0 0 0.997897 -0.0648263 0 0
370.669 341.621 2.6475 4.9765 6.04147 600 0 1819 7 13 -0.000424941 -0.00104632 0 0 0.997646 0.0685704 0 0
379.103 345.895 2.6475 4.9765 6.04147 600 0 1864 7 13 0.0013991 0.000774072 0 0 0.999237 -0.039061 0 0
387.392 350.414 2.6475 4.9765 6.04147 600 0 1909 7 13 -0.000828492 -0.000404822 0 0 0.99421 -0.107454 0 0
395.513 355.277 2.6475 4.9765 6.04147 600 0 1954 7 13 0.00107356 0.000154116 0 0 0.982367 -0.186961 0 0
404.44 358.373 2.6475 4.9765 6.04147 600 0 1999 7 13 -0.00104658 -6.76653e-05 0 0 0.998419 0.0562042 0 0
412.28 363.679 2.6475 4.9765 6.04147 600 0 2044 7 13 0.00119103 -9.90641e-05 0 0 0.995223 -0.0976253 0 0
421.452 365.926 2.6475 4.9765 6.04147 600 0 2089 7 13 -0.00143689 -0.000931603 0 0 0.996932 -0.0782716 0 0
429.335 371.183 2.6475 4.9765 6.04147 600 0 2134 7 13 0.0015782 0.000602538 0 0 0.982428 -0.186639 0 0
437.203 376.389 2.6475 4.9765 6.04147 600 0 2179 7 13 -0.00148783 -0.00118372 0 0 0.998969 0.0454068 0 0
446.655 376.33 2.6475 4.9765 6.04147 600 0 2224 7 13 0.000740646 0.00138595 0 0 0.998599 0.0529077 0 0
455.764 378.706 2.6475 4.9765 6.04147 600 0 2269 7 13 -0.00116266 -3.65545e-05 0 0 0.999743 -0.022666 0 0
458.301 387.777 2.6475 4.9765 6.04147 600 0 2314 7 13 0.00122904 -0.000310226 0 0 0.999951 -0.00989107 0 0
467.642 389.089 2.6475 4.9765 6.04147 600 0 2359 7 13 6.21961e-05 3.15237e-05 0 0 0.966884 0.255216 0 0
476.971 390.595 2.6475 4.9765 6.04147 600 0 2404 7 13 0.000295707 5.82479e-05 0 0 0.972813 0.23159 0 0
486.3 392.174 2.6475 4.9765 6.04147 600 0 2449 7 13 0.00101562 0.000176454 0 0 0.979364 0.202106 0 0
495.623 393.769 2.6475 4.9765 6.04147 600 0 2494 7 13 -0.000985923 -0.00016902 0 0 0.989041 0.147641 0 0
504.981 395.372 2.6475 4.9765 6.04147 600 0 2539 7 13 0.00253106 0.000663685 0 0 0.976473 0.21564 0 0
513.343 391.036 2.6475 4.9765 6.04147 600 0 2584 7 13 -0.00099836 0.00147431 0 0 0.967813 0.25167 0 0
512.957 400.428 2.6475 4.9765 6.04147 600 0 2629 7 13 -0.00177573 -0.00170227 0 0 0.978999 0.203867 0 0
518.668 407.994 2.6475 4.9765 6.04147 600 0 2674 7 13 0.000637436 0.00105868 0 0 0.945031 0.326982 0 0
527.81 410.381 2.6475 4.9765 6.04147 600 0 2719 7 15 -0.000600126 -0.00145062 0 0 0.968925 0.247354 0 0
536.364 406.397 2.6475 4.9765 6.04147 600 0 3260 7 13 -0.00036951 0.000268799 0 0 0.998428 0.0560501 0 0
545.657 408.067 2.6475 4.9765 6.04147 600 0 3260 7 13 0.00020055 -3.82737e-05 0 0 0.999569 0.0293653 0 0
555.055 408.951 2.6475 4.9765 6.04147 600 0 52 7 10 -0.00141833 0.000447599 0 0 0.995602 0.0936845 0 0
557.364 418.109 2.6475 4.9765 6.04147 600 0 3253 7 14 -0.000931968 0.000755977 0 0 0.974652 0.223728 0 0
564.111 411.518 2.6475 4.9765 6.04147 600 0 2899 7 15 0.000923958 -0.000140431 0 0 0.983255 0.182237 0 0
572.276 416.191 2.6475 4.9765 6.04147 600 0 2944 7 13 -0.000212975 -3.40091e-05 0 0 0.99461 0.103689 0 0
581.297 418.91 2.6475 4.9765 6.04147 600 0 2989 7 13 0.000509456 0.000138948 0 0 0.999714 0.0239223 0 0
590.494 420.951 2.6475 4.9765 6.04147 600 0 3034 7 13 0.00018461 -3.17254e-05 0 0 0.997788 -0.066474 0 0
599.804 422.448 2.6475 4.9765 6.04147 600 0 3079 7 13 0.000127854 0.000385105 0 0 0.97844 -0.20653 0 0
606.747 428.841 2.6475 4.9765 6.04147 600 0 3124 7 13 0.000743445 -6.07683e-05 0 0 0.890833 -0.454331 0 0
615.764 431.653 2.6475 4.9765 6.04147 600 0 3169 7 13 0.000118049 5.81433e-05 0 0 0.89735 -0.441319 0 0
624.754 434.591 2.6475 4.9765 6.04147 600 0 3214 7 13 0.000511579 -0.000264073 0 0 0.451687 -0.892176 0 0
634.171 435.491 2.6475 4.9765 6.04147 600 0 3259 7 13 -0.00018933 0.000777093 0 0 0.98887 -0.148784 0 0
642.397 440.185 2.6475 4.9765 6.04147 600 0 3304 7 13 0.0006808 -0.000206925 0 0 0.868306 -0.496029 0 0
651.427 443.06 2.6475 4.9765 6.04147 600 0 3349 7 13 4.50387e-05 8.48173e-05 0 0 0.525959 -0.85051 0 0
660.388 446.175 2.6475 4.9765 6.04147 600 0 3394 7 13 0.00021113 0.000285903 0 0 0.720446 -0.693511 0 0
669.104 449.906 2.6475 4.9765 6.04147 600 0 3439 7 13 -0.000406593 -0.000892714 0 0 0.738942 -0.673769 0 0
678.544 450.861 2.6475 4.9765 6.04147 600 0 3484 7 13 0.000790927 -0.00105532 0 0 0.488907 -0.872336 0 0
684.969 443.978 2.6475 4.9765 6.04147 600 0 3529 7 15 -0.00258455 0.00151443 0 0 0.693985 -0.71999 0 0
687.764 452.951 2.6475 4.9765 6.04147 600 0 4070 7 13 -0.000486755 -0.000831532 0 0 -0.245864 0.969304 0 0
696.961 455.029 2.6475 4.9765 6.04147 600 0 4115 7 13 -0.000934253 -0.00126436 0 0 0.799879 -0.600161 0 0
694.18 446.047 2.6475 4.9765 6.04147 600 0 4160 7 13 0.000633485 0.00269103 0 0 -0.268445 -0.963295 0 0
691.354 437.01 2.6475 4.9765 6.04147 600 0 4205 7 13 -0.000742165 -0.00286922 0 0 -0.310195 -0.950673 0 0
685.889 429.336 2.6475 4.9765 6.04147 600 0 4250 7 13 0.000915551 0.00130441 0 0 -0.37283 -0.9279 0 0
679.782 422.119 2.6475 4.9765 6.04147 600 0 4295 7 13 -0.000970368 -8.63065e-05 0 0 -0.943955 0.330074 0 0
670.759 419.383 2.6475 4.9765 6.04147 600 0 4340 7 13 0.00102077 0.000235074 0 0 -0.860357 -0.509692 0 0
663.027 413.961 2.6475 4.9765 6.04147 600 0 4385 7 13 -0.000592455 -0.00012324 0 0 -0.933783 -0.35784 0 0
654.066 411.041 2.6475 4.9765 6.04147 600 0 4430 7 13 0.00079196 0.000269347 0 0 -0.994476 -0.104961 0 0
647.794 403.997 2.6475 4.9765 6.04147 600 0 4430 7 13 -0.000245119 -0.000213488 0 0 -0.178807 -0.983884 0 0
640.635 397.873 2.6475 4.9765 6.04147 600 0 442 7 15 0.000230936 0.000197541 0 0 -0.0731549 0.997321 0 0
707.988 444.922 2.6475 4.9765 6.04147 600 0 4153 7 14 2.29298e-05 0.000112971 0 0 0.312331 -0.949973 0 0
709.862 454.157 2.6475 4.9765 6.04147 600 0 4153 7 14 1.28611e-05 0.000133845 0 0 -0.998472 0.0552651 0 0
711.251 463.487 2.6475 4.9765 6.04147 600 0 4108 7 14 0.00322822 0.000218194 0 0 -0.0737839 0.997274 0 0
719.74 467.455 2.6475 4.9765 6.04147 600 0 3709 7 15 -0.017234 0.0151098 0 0 0.989003 -0.147894 0 0
728.662 471.135 2.6475 4.9765 6.04147 600 0 3754 7 15 0.00154387 0.00168566 0 0 0.112579 -0.993643 0 0
737.731 474.176 2.6475 4.9765 6.04147 600 0 4373 7 13 -0.000635331 0.00713436 0 0 -0.93653 0.350589 0 0
735.939 464.878 2.6475 4.9765 6.04147 600 0 4373 7 13 -0.00901229 -0.0144625 0 0 6.95288e-310 6.95288e-310 0 0
734.579 455.66 2.6475 4.9765 6.04147 600 0 4418 7 13 -0.00362767 0.0119258 0 0 -0.773958 -0.633237 0 0
727.4 461.564 2.6475 4.9765 6.04147 600 0 4373 7 13 0.0198894 -0.0119761 0 0 -0.728158 0.68541 0 0
725.78 452.34 2.6475 4.9765 6.04147 600 0 4418 7 13 -0.00173238 0.00308765 0 0 -0.218277 -0.975887 0 0
732.977 446.205 2.6475 4.9765 6.04147 600 0 4463 7 13 -0.000548967 -0.00421108 0 0 -0.870616 -0.491964 0 0
729.289 437.508 2.6475 4.9765 6.04147 600 0 4463 9 13 0.000437803 0.00208975 0 0 -0.739208 -0.673477 0 0
723.505 429.999 2.6475 4.9765 6.04147 600 0 217 8 10 -0.000320789 0.000614116 0 0 -0.904459 -0.42656 0 0
745.709 441.925 2.6475 4.9765 6.04147 600 0 4456 7 14 2.5799e-05 6.01195e-05 0 0 -0.42501 -0.905188 0 0
749.425 450.584 2.6475 4.9765 6.04147 600 0 4456 7 14 6.736e-05 4.22095e-05 0 0 0.294872 -0.955537 0 0
755.77 457.553 2.6475 4.9765 6.04147 600 0 4411 7 14 5.3065e-05 5.53345e-05 0 0 0.914899 -0.403683 0 0
762.179 464.464 2.6475 4.9765 6.04147 600 0 4366 7 14 7.09304e-05 3.80972e-05 0 0 -0.876796 -0.480862 0 0
769.182 470.776 2.6475 4.9765 6.04147 600 0 3934 7 15 7.51128e-05 3.43416e-05 0 0 0.966801 0.255532 0 0
776.591 476.609 2.6475 4.9765 6.04147 600 0 3979 7 13 7.85645e-05 2.76957e-05 0 0 0.991426 -0.130666 0 0
784.335 481.993 2.6475 4.9765 6.04147 600 0 4024 7 13 8.25271e-05 2.46556e-05 0 0 0.817139 -0.576441 0 0
792.342 486.981 2.6475 4.9765 6.04147 600 0 4069 7 13 8.30879e-05 1.90319e-05 0 0 0.706813 -0.707401 0 0
800.662 491.432 2.6475 4.9765 6.04147 600 0 4114 7 13 8.48566e-05 2.08082e-05 0 0 0.212751 -0.977106 0 0
809.117 495.623 2.6475 4.9765 6.04147 600 0 4159 7 13 8.20055e-05 1.91877e-05 0 0 0.512162 -0.858889 0 0
817.676 499.605 2.6475 4.9765 6.04147 600 0 4204 7 13 8.46393e-05 2.00309e-05 0 0 -0.0324612 -0.999473 0 0
826.315 503.414 2.6475 4.9765 6.04147 600 0 4249 7 13 8.11795e-05 1.9386e-05 0 0 -0.170213 -0.985407 0 0
835.015 507.087 2.6475 4.9765 6.04147 600 0 4294 7 13 8.25199e-05 2.23383e-05 0 0 0.41001 -0.912081 0 0
843.757 510.663 2.6475 4.9765 6.04147 600 0 4339 7 13 7.96493e-05 2.13243e-05 0 0 0.169219 -0.985579 0 0
852.535 514.158 2.6475 4.9765 6.04147 600 0 4384 7 13 8.2762e-05 1.75076e-05 0 0 0.880906 -0.473292 0 0
861.355 517.549 2.6475 4.9765 6.04147 600 0 4429 7 13 7.69845e-05 2.57326e-05 0 0 0.567782 -0.823179 0 0
870.187 520.916 2.6475 4.9765 6.04147 600 0 4474 7 13 5.27912e-05 9.01636e-05 0 0 0.855791 -0.517322 0 0
878.849 524.703 2.6475 4.9765 6.04147 600 0 4474 9 13 6.12235e-05 6.59932e-05 0 0 0.958154 -0.286255 0 0
884.977 531.914 2.6475 4.9765 6.04147 0.1 0 3761 8 10 -0.000102566 0.000204279 0 0 0.967851 0.251525 1 0
876.114 535.208 2.6475 4.9765 6.04147 600 0 4474 9 14 -0.000180237 1.8621e-06 0 0 0.716037 0.698063 0 0
866.774 533.747 2.6475 4.9765 6.04147 600 0 4474 7 14 -0.000138487 -0.00026296 0 0 0.502507 0.864573 0 0
857.763 530.871 2.6475 4.9765 6.04147 600 0 4429 7 14 -0.000173459 -0.000165639 0 0 0.0935012 0.995619 0 0
848.934 527.462 2.6475 4.9765 6.04147 600 0 4384 7 14 -0.000196192 -9.38847e-05 0 0 0.126681 0.991943 0 0
840.129 523.976 2.6475 4.9765 6.04147 600 0 4339 7 14 -0.000207306 -8.79393e-05 0 0 -0.158175 0.987411 0 0
831.327 520.467 2.6475 4.9765 6.04147 600 0 4294 7 14 -0.000202618 -7.40943e-05 0 0 0.0501353 0.998742 0 0
822.511 516.977 2.6475 4.9765 6.04147 600 0 4249 7 14 -0.000234578 -5.94719e-05 0 0 -0.184187 0.982891 0 0
813.649 513.589 2.6475 4.9765 6.04147 600 0 4204 7 14 -0.00022861 -2.75006e-05 0 0 0.175175 0.984537 0 0
804.716 510.37 2.6475 4.9765 6.04147 600 0 4159 7 15 -0.000290449 -3.00335e-05 0 0 0.0839971 0.996466 0 0
795.708 507.347 2.6475 4.9765 6.04147 600 0 4480 12 13 -0.000224365 -7.66221e-06 0 0 0.597168 0.802116 0 0
786.648 504.468 2.6475 4.9765 6.04147 600 0 20 8 10 -0.000327993 -0.000184726 0 0 -0.974428 -0.224699 0 0
780.361 497.459 2.6475 4.9765 6.04147 600 0 4480 9 14 1.20131e-05 -4.85124e-05 0 0 -0.831485 0.555548 0 0
770.949 496.932 2.6475 4.9765 6.04147 600 0 3979 7 15 -0.00056889 -0.000276145 0 0 0.881056 0.473013 0 0
762.638 492.489 2.6475 4.9765 6.04147 600 0 3934 7 14 0.000268323 0.00022146 0 0 0.915119 0.403183 0 0
753.407 490.524 2.6475 4.9765 6.04147 600 0 3889 7 14 -0.000652622 -0.000400905 0 0 0.184082 0.982911 0 0
744.991 486.273 2.6475 4.9765 6.04147 600 0 3844 7 14 0.000506543 0.000513088 0 0 -0.157257 0.987558 0 0
735.645 487.694 2.6475 4.9765 6.04147 600 0 3799 7 14 -0.00210525 -0.00278851 0 0 -0.00546188 0.999985 0 0
729.323 480.72 2.6475 4.9765 6.04147 600 0 3754 7 14 0.0067658 0.00179672 0 0 0.441143 0.897437 0 0
720.783 476.582 2.6475 4.9765 6.04147 600 0 3709 7 14 -0.0095883 -0.0107855 0 0 -0.0487737 0.99881 0 0
712.176 472.835 2.6475 4.9765 6.04147 600 0 3664 7 14 0.0104025 -0.00137232 0 0 0.480399 0.87705 0 0
703.44 468.843 2.6475 4.9765 6.04147 600 0 3619 7 14 -0.00338003 -0.000597264 0 0 0.103464 0.994633 0 0
694.371 465.983 2.6475 4.9765 6.04147 600 0 3574 7 14 0.00153571 0.00083542 0 0 0.459929 0.887956 0 0
685.051 463.996 2.6475 4.9765 6.04147 600 0 3529 7 14 5.66376e-05 0.000208766 0 0 0.853039 0.521847 0 0
675.665 462.541 2.6475 4.9765 6.04147 600 0 3484 7 14 0.00105203 4.18299e-05 0 0 0.629396 0.777085 0 0
666.369 460.618 2.6475 4.9765 6.04147 600 0 3439 7 14 -5.51229e-06 -0.000475597 0 0 0.154845 0.987939 0 0
657.626 457.037 2.6475 4.9765 6.04147 600 0 3394 7 14 0.00281407 0.00113845 0 0 0.181172 0.983451 0 0
648.755 453.69 2.6475 4.9765 6.04147 600 0 3349 7 14 -0.00328294 -0.00105589 0 0 0.700095 0.714049 0 0
639.788 450.901 2.6475 4.9765 6.04147 600 0 3304 7 14 0.00550556 0.00241301 0 0 0.46801 0.883723 0 0
631.523 446.227 2.6475 4.9765 6.04147 600 0 3259 7 14 -0.0066803 -0.00193126 0 0 -0.0988025 0.995107 0 0
622.183 445.327 2.6475 4.9765 6.04147 600 0 3214 7 14 0.00598031 0.00104197 0 0 0.441071 0.897472 0 0
613.137 442.405 2.6475 4.9765 6.04147 600 0 3169 7 14 -0.00557268 -0.00173457 0 0 -0.203868 0.978998 0 0
604.125 439.662 2.6475 4.9765 6.04147 600 0 3124 7 14 0.00296641 0.000611742 0 0 0.50294 0.864322 0 0
596.647 433.81 2.6475 4.9765 6.04147 600 0 3079 7 14 -0.00278257 -0.000398822 0 0 0.475085 0.87994 0 0
587.47 431.445 2.6475 4.9765 6.04147 600 0 3034 7 14 0.000238723 0.00027835 0 0 0.604007 0.796979 0 0
578.158 429.509 2.6475 4.9765 6.04147 600 0 2989 7 14 -0.000366084 -0.00043397 0 0 0.941812 0.336139 0 0
569.078 426.711 2.6475 4.9765 6.04147 600 0 2944 7 14 0.000435442 0.00126602 0 0 0.946154 0.323718 0 0
559.587 427.253 2.6475 4.9765 6.04147 600 0 2899 7 14 -0.000390846 -0.00180887 0 0 0.899445 0.437034 0 0
550.49 424.541 2.6475 4.9765 6.04147 600 0 2854 7 14 0.000888918 -0.000870852 0 0 0.91459 0.404382 0 0
541.73 420.814 2.6475 4.9765 6.04147 600 0 2809 7 14 -0.00106151 0.000327059 0 0 0.929181 0.369625 0 0
532.474 418.621 2.6475 4.9765 6.04147 600 0 2764 7 14 0.000849933 -5.69237e-05 0 0 0.905281 0.424813 0 0
522.969 418.477 2.6475 4.9765 6.04147 600 0 2719 7 14 -0.000778506 -3.78365e-05 0 0 0.818258 0.574851 0 0
513.488 418.017 2.6475 4.9765 6.04147 600 0 2674 7 14 0.000774476 -0.00100729 0 0 0.836737 0.547605 0 0
504.807 414.164 2.6475 4.9765 6.04147 600 0 2629 7 14 -0.000216091 0.000247185 0 0 0.828117 0.560555 0 0
495.786 411.23 2.6475 4.9765 6.04147 600 0 2584 7 14 0.000844459 0.000206258 0 0 0.855072 0.518509 0 0
486.862 408.027 2.6475 4.9765 6.04147 600 0 2539 7 14 5.5965e-05 4.04295e-05 0 0 0.795788 0.605575 0 0
477.934 404.916 2.6475 4.9765 6.04147 600 0 2494 7 14 0.00149427 0.000522782 0 0 0.861803 0.507243 0 0
468.994 401.843 2.6475 4.9765 6.04147 600 0 2449 7 14 -0.000267369 -8.86752e-05 0 0 0.784122 0.620607 0 0
460.074 398.819 2.6475 4.9765 6.04147 600 0 2404 7 14 0.0013452 0.000569565 0 0 0.955563 0.294786 0 0
451.702 394.5 2.6475 4.9765 6.04147 600 0 2359 7 15 -0.000223765 0.00058973 0 0 0.966884 0.255216 0 0
449.156 385.414 2.6475 4.9765 6.04147 600 0 2738 7 13 2.98845e-05 -0.00115222 0 0 0.973075 0.23049 0 0
442.59 392.202 2.6475 4.9765 6.04147 600 0 49 7 10 -0.000756512 -0.000792355 0 0 0.664712 0.747099 0 0
434.634 387.147 2.6475 4.9765 6.04147 600 0 2745 7 14 3.20416e-05 4.89253e-05 0 0 0.928724 0.370773 0 0
426.093 383.163 2.6475 4.9765 6.04147 600 0 2745 7 14 0.000109925 -9.92837e-06 0 0 0.905376 0.424611 0 0
420.852 375.331 2.6475 4.9765 6.04147 600 0 2179 7 15 -0.00142494 0.0010079 0 0 0.887379 0.461041 0 0
411.46 374.589 2.6475 4.9765 6.04147 600 0 2134 7 14 0.000886485 2.8505e-05 0 0 0.804094 0.594502 0 0
402.584 371.367 2.6475 4.9765 6.04147 600 0 2089 7 14 -0.000702277 -0.000144274 0 0 0.858997 0.511981 0 0
393.409 369.205 2.6475 4.9765 6.04147 600 0 2044 7 14 0.000705123 0.000139494 0 0 0.896738 0.442562 0 0
384.645 365.706 2.6475 4.9765 6.04147 600 0 1999 7 14 -0.000326502 -8.66269e-05 0 0 0.824415 0.565986 0 0
375.642 362.916 2.6475 4.9765 6.04147 600 0 1954 7 14 0.000315976 9.3627e-05 0 0 0.851545 0.524281 0 0
366.701 359.925 2.6475 4.9765 6.04147 600 0 1909 7 14 1.44198e-05 9.22419e-07 0 0 0.927519 0.373776 0 0
357.829 356.738 2.6475 4.9765 6.04147 600 0 1864 7 14 -0.000135979 -1.40558e-05 0 0 0.862623 0.505847 0 0
348.668 354.53 2.6475 4.9765 6.04147 600 0 1819 7 14 0.000308978 7.67528e-05 0 0 0.889053 0.457805 0 0
339.904 351.057 2.6475 4.9765 6.04147 600 0 1774 7 14 -0.000365514 -5.28371e-05 0 0 0.898563 0.438845 0 0
330.567 349.806 2.6475 4.9765 6.04147 600 0 1729 7 14 0.000427747 7.74095e-05 0 0 0.943864 0.330334 0 0
321.798 346.343 2.6475 4.9765 6.04147 600 0 1684 7 14 -0.000371044 -2.90159e-05 0 0 0.878327 0.478061 0 0
312.379 346.389 2.6475 4.9765 6.04147 600 0 1639 7 14 0.000395414 3.19498e-05 0 0 0.906782 0.4216 0 0
303.424 343.445 2.6475 4.9765 6.04147 600 0 1594 7 14 -0.00033369 1.48845e-05 0 0 0.924219 0.381862 0 0
294.202 345.36 2.6475 4.9765 6.04147 600 0 1549 7 14 0.00036314 -7.65442e-05 0 0 0.963564 0.26748 0 0
284.99 347.353 2.6475 4.9765 6.04147 600 0 1504 7 14 -0.000321442 4.84759e-05 0 0 0.937049 0.349198 0 0
275.624 348.341 2.6475 4.9765 6.04147 600 0 1459 7 15 0.000269603 -0.000334165 0 0 0.960477 0.27836 0 0
268.39 354.382 2.6475 4.9765 6.04147 600 0 1896 7 13 -0.00025561 4.65602e-05 0 0 0.915701 0.401861 0 0
277.238 357.626 2.6475 4.9765 6.04147 600 0 1941 7 13 0.000164843 0.000540787 0 0 0.819912 0.572489 0 0
276.827 367.033 2.6475 4.9765 6.04147 600 0 1986 7 13 -0.000172576 -0.000533538 0 0 0.741532 0.670917 0 0
282.277 374.726 2.6475 4.9765 6.04147 600 0 2031 7 13 0.000424848 0.000607132 0 0 0.787684 0.616079 0 0
287.639 382.462 2.6475 4.9765 6.04147 600 0 2076 7 13 -0.000453334 -0.00073931 0 0 0.864418 0.502773 0 0
292.138 390.751 2.6475 4.9765 6.04147 600 0 2121 7 13 0.000570291 0.000760088 0 0 0.843688 0.536834 0 0
298.699 397.498 2.6475 4.9765 6.04147 600 0 2166 7 13 -0.000644987 -0.000794968 0 0 0.849686 0.527288 0 0
303.968 405.321 2.6475 4.9765 6.04147 600 0 2211 7 13 0.000678617 0.000820298 0 0 0.871254 0.490832 0 0
310.606 411.991 2.6475 4.9765 6.04147 600 0 2256 7 13 -0.000744069 -0.000798486 0 0 0.850925 0.525287 0 0
316.801 419.104 2.6475 4.9765 6.04147 600 0 2301 7 13 0.000731112 0.000770548 0 0 0.902262 0.431188 0 0
323.57 425.641 2.6475 4.9765 6.04147 600 0 2346 7 13 -0.00072884 -0.000704978 0 0 0.875108 0.483927 0 0
330.343 432.203 2.6475 4.9765 6.04147 600 0 2391 7 13 0.000674957 0.000627408 0 0 0.910057 0.414482 0 0
337.385 438.448 2.6475 4.9765 6.04147 600 0 2436 7 13 -0.000618555 -0.000537803 0 0 0.854256 0.519853 0 0
344.568 444.556 2.6475 4.9765 6.04147 600 0 2481 7 13 0.000544872 0.000438612 0 0 0.884469 0.4666 0 0
352.093 450.213 2.6475 4.9765 6.04147 600 0 2526 7 13 -0.000462693 -0.000343618 0 0 0.919907 0.392136 0 0
359.7 455.78 2.6475 4.9765 6.04147 600 0 2571 7 13 0.000346397 0.000292291 0 0 0.914183 0.405302 0 0
366.29 462.506 2.6475 4.9765 6.04147 600 0 2616 7 15 -0.000132521 -0.000339225 0 0 0.931991 0.362481 0 0
374.945 466.233 2.6475 4.9765 6.04147 600 0 3119 7 13 0.000106506 5.67347e-05 0 0 0.974891 0.222682 0 0
381.241 473.239 2.6475 4.9765 6.04147 600 0 0 7 10 0.000752827 0.000216498 0 0 0.981635 0.19077 0 0
390.156 476.355 2.6475 4.9765 6.04147 600 0 3119 7 14 0.000360615 -5.19725e-05 0 0 0.965096 0.261897 0 0
399.03 479.56 2.6475 4.9765 6.04147 600 0 2796 7 15 -0.000750525 -0.000183277 0 0 0.984372 0.176102 0 0
408.134 482.09 2.6475 4.9765 6.04147 600 0 2841 7 13 0.000959296 0.000267385 0 0 0.963096 0.26916 0 0
417.213 484.618 2.6475 4.9765 6.04147 600 0 2886 7 13 -0.00152344 -0.00042313 0 0 0.959843 0.280538 0 0
426.334 487.113 2.6475 4.9765 6.04147 600 0 2931 7 13 0.00198777 0.000525269 0 0 0.994159 0.107925 0 0
435.438 489.507 2.6475 4.9765 6.04147 600 0 2976 7 13 -0.00244153 -0.000632543 0 0 0.987848 0.155424 0 0
444.629 491.795 2.6475 4.9765 6.04147 600 0 3021 7 13 0.00329742 0.000776198 0 0 0.979184 0.202976 0 0
453.794 493.92 2.6475 4.9765 6.04147 600 0 3066 7 13 -0.00366889 -0.000830811 0 0 0.99821 0.0597989 0 0
463.085 495.899 2.6475 4.9765 6.04147 600 0 3111 7 13 0.0053597 0.00099498 0 0 0.999721 0.0236182 0 0
471.898 492.616 2.6475 4.9765 6.04147 600 0 3156 7 13 -0.0024055 0.00014052 0 0 0.996057 0.088712 0 0
470.343 501.881 2.6475 4.9765 6.04147 600 0 3201 7 13 -0.00223851 -0.00100006 0 0 0.994527 0.104484 0 0
479.23 498.607 2.6475 4.9765 6.04147 600 0 3246 7 13 0.00352537 0.00046297 0 0 0.997948 0.0640308 0 0
488.605 499.705 2.6475 4.9765 6.04147 600 0 3291 7 13 -0.00220335 -0.000285623 0 0 0.991034 -0.133607 0 0
498.054 500.549 2.6475 4.9765 6.04147 600 0 3336 7 13 0.00157582 5.91304e-05 0 0 0.997112 -0.0759447 0 0
507.489 501.09 2.6475 4.9765 6.04147 600 0 3381 7 13 -0.00159621 -0.000125539 0 0 0.991348 -0.131258 0 0
516.962 501.299 2.6475 4.9765 6.04147 600 0 3426 7 13 0.00130922 -5.98852e-05 0 0 0.994169 -0.107838 0 0
526.403 501.139 2.6475 4.9765 6.04147 600 0 3471 7 13 -0.00190763 1.65794e-05 0 0 0.997689 -0.0679486 0 0
535.859 500.561 2.6475 4.9765 6.04147 600 0 3516 7 13 0.00209039 -0.000263974 0 0 0.975423 -0.220343 0 0
545.209 499.473 2.6475 4.9765 6.04147 600 0 3561 7 13 -0.00409975 0.000722068 0 0 0.989365 -0.145453 0 0
554.425 497.122 2.6475 4.9765 6.04147 600 0 3606 7 13 0.00898303 0.00522603 0 0 0.982527 -0.186121 0 0
563.777 497.327 2.6475 4.9765 6.04147 600 0 3651 7 13 -0.00750819 0.00551461 0 0 0.969359 -0.245647 0 0
558.855 505.227 2.6475 4.9765 6.04147 600 0 3696 7 13 -0.00179896 -0.0268488 0 0 0.990191 0.139718 0 0
553.702 513.485 2.6475 4.9765 6.04147 600 0 3741 7 13 -0.015586 0.00947928 0 0 0.982604 -0.185714 0 0
548.832 521.415 2.6475 4.9765 6.04147 600 0 3786 7 13 0.00432167 -0.00394049 0 0 0.901084 0.433644 0 0
558.23 521.76 2.6475 4.9765 6.04147 600 0 3831 7 13 -0.00126664 -0.000705157 0 0 0.94195 0.335752 0 0
567.694 522.041 2.6475 4.9765 6.04147 600 0 3876 7 13 -0.000117645 -0.0127928 0 0 0.97042 0.241422 0 0
563.411 513.895 2.6475 4.9765 6.04147 600 0 3921 7 13 0.0292911 0.0170177 0 0 0.959673 0.281117 0 0
577.137 522.373 2.6475 4.9765 6.04147 600 0 3966 7 13 -9.47624e-05 0.00262801 0 0 0.958443 0.285284 0 0
572.57 514.122 2.6475 4.9765 6.04147 600 0 4011 7 13 -0.0252993 0.00942793 0 0 0.833559 -0.552431 0 0
582.247 514.329 2.6475 4.9765 6.04147 600 0 4056 7 13 0.0116026 -0.00275565 0 0 0.959643 -0.28122 0 0
577.788 505.957 2.6475 4.9765 6.04147 600 0 4101 7 13 0.00860806 -0.0127202 0 0 0.898691 -0.438582 0 0
587.11 506.293 2.6475 4.9765 6.04147 600 0 4146 7 13 -0.00719343 0.00469285 0 0 0.739725 -0.672909 0 0
582.624 498.002 2.6475 4.9765 6.04147 600 0 4191 7 13 -0.00681533 0.00685359 0 0 0.768251 -0.640148 0 0
592.096 498.148 2.6475 4.9765 6.04147 600 0 4236 7 13 0.00526204 -0.0046385 0 0 0.810151 -0.586221 0 0
596.975 490.149 2.6475 4.9765 6.04147 600 0 4281 7 13 -0.00320766 0.00309367 0 0 0.950196 -0.311654 0 0
587.57 489.86 2.6475 4.9765 6.04147 600 0 4326 7 13 0.00202224 -0.00188325 0 0 0.715309 -0.698808 0 0
595.633 480.803 2.6475 4.9765 6.04147 600 0 4371 7 13 -0.000423741 -0.000758883 0 0 0.32519 -0.945649 0 0
586.211 480.527 2.6475 4.9765 6.04147 600 0 4416 7 13 -0.00028329 0.00168712 0 0 0.486071 -0.873919 0 0
579.313 474.085 2.6475 4.9765 6.04147 600 0 4461 7 13 -7.72256e-05 0.000916426 0 0 0.709077 -0.705131 0 0
569.921 473.357 2.6475 4.9765 6.04147 600 0 4461 9 13 0.000634055 0.000480665 0 0 0.289138 -0.957287 0 0
568.815 463.958 2.6475 4.9765 6.04147 600 0 2687 8 10 -0.000202948 8.86967e-05 0 0 -0.315554 -0.948907 0 0
573.292 550.512 2.6475 4.9765 6.04147 600 0 3703 7 14 7.26849e-16 -6.48353e-17 0 0 0.989274 0.146072 0 0
563.908 551.352 2.6475 4.9765 6.04147 600 0 3658 7 14 -1.79631e-15 -1.70458e-15 0 0 0.99666 0.0816667 0 0
559.04 543.287 2.6475 4.9765 6.04147 600 0 3613 7 14 1.87437e-15 2.07733e-15 0 0 0.991129 0.132906 0 0
550.246 539.908 2.6475 4.9765 6.04147 600 0 3613 7 14 1.77115e-15 1.57947e-15 0 0 0.990691 0.136131 0 0
542.647 534.339 2.6475 4.9765 6.04147 600 0 3568 7 14 -6.91461e-15 -1.08333e-15 0 0 0.999909 -0.0134723 0 0
533.383 536.055 2.6475 4.9765 6.04147 600 0 3523 7 14 1.07327e-14 4.5363e-16 0 0 0.99848 0.0551134 0 0
524.139 534.237 2.6475 4.9765 6.04147 600 0 3478 7 14 -1.29376e-14 -1.61882e-15 0 0 0.99343 0.114441 0 0
514.733 533.717 2.6475 4.9765 6.04147 600 0 3433 7 14 1.5531e-14 7.11887e-16 0 0 0.978731 0.205148 0 0
505.319 533.35 2.6475 4.9765 6.04147 600 0 3388 7 14 -1.67834e-14 -1.02663e-15 0 0 0.991198 0.132387 0 0
495.933 532.536 2.6475 4.9765 6.04147 600 0 3343 7 14 1.33851e-14 1.05384e-16 0 0 0.95217 0.305568 0 0
486.561 533.492 2.6475 4.9765 6.04147 600 0 3298 7 15 -8.86444e-15 -1.01779e-15 0 0 0.96603 0.258429 0 0
481.732 525.403 2.6475 4.9765 6.04147 600 0 3652 7 13 4.64039e-16 2.52402e-15 0 0 0.89964 0.436632 0 0
477.141 533.63 2.6475 4.9765 6.04147 600 0 54 7 10 -3.43874e-05 -1.71668e-05 0 0 0.89964 0.436632 0 0
468.709 529.42 2.6475 4.9765 6.04147 600 0 3659 7 14 -0.000249696 -0.00012549 0 0 0.907824 0.41935 0 0
460.291 525.193 2.6475 4.9765 6.04147 600 0 3659 7 14 0.000490655 0.000247635 0 0 0.807372 0.590043 0 0
451.884 520.921 2.6475 4.9765 6.04147 600 0 3118 7 15 -0.000726698 -0.000374202 0 0 0.918058 0.396446 0 0
443.524 516.593 2.6475 4.9765 6.04147 600 0 3073 7 14 0.000940598 0.000492427 0 0 0.929484 0.368862 0 0
435.189 512.169 2.6475 4.9765 6.04147 600 0 3028 7 14 -0.00114218 -0.000619107 0 0 0.799597 0.600537 0 0
426.939 507.644 2.6475 4.9765 6.04147 600 0 2983 7 14 0.00131843 0.000737012 0 0 0.83974 0.542989 0 0
418.743 502.958 2.6475 4.9765 6.04147 600 0 2938 7 14 -0.00146976 -0.000865446 0 0 0.746293 0.665618 0 0
410.68 498.116 2.6475 4.9765 6.04147 600 0 2893 7 14 0.00160421 0.000986037 0 0 0.809352 0.587324 0 0
402.694 493.073 2.6475 4.9765 6.04147 600 0 2848 7 14 -0.0017107 -0.00109333 0 0 0.811241 0.584712 0 0
394.794 487.974 2.6475 4.9765 6.04147 600 0 2803 7 14 0.00200478 0.000886519 0 0 0.773537 0.633751 0 0
385.907 484.767 2.6475 4.9765 6.04147 600 0 2758 7 14 -0.00231127 -0.000629367 0 0 0.644924 0.764246 0 0
377.034 481.669 2.6475 4.9765 6.04147 600 0 2713 7 14 0.00222717 0.00117301 0 0 0.692837 0.721094 0 0
369.34 476.178 2.6475 4.9765 6.04147 600 0 2668 7 14 -0.0022521 -0.00160592 0 0 0.74778 0.663947 0 0
361.687 470.73 2.6475 4.9765 6.04147 600 0 2623 7 14 0.00232652 0.00188937 0 0 0.804946 0.593349 0 0
353.995 465.227 2.6475 4.9765 6.04147 600 0 2578 7 14 -0.00254302 -0.00182096 0 0 0.669657 0.742671 0 0
346.362 459.755 2.6475 4.9765 6.04147 600 0 2533 7 14 0.00262576 0.00188379 0 0 0.54127 0.840849 0 0
338.678 454.238 2.6475 4.9765 6.04147 600 0 2488 7 14 -0.00269321 -0.00193501 0 0 0.690352 0.723473 0 0
331.053 448.757 2.6475 4.9765 6.04147 600 0 2443 7 14 0.00274905 0.00197459 0 0 0.560153 0.828389 0 0
323.367 443.24 2.6475 4.9765 6.04147 600 0 2398 7 14 -0.00278203 -0.00199176 0 0 0.614826 0.788663 0 0
315.727 437.782 2.6475 4.9765 6.04147 600 0 2353 7 14 0.00280967 0.00199915 0 0 0.679587 0.733595 0 0
308.006 432.314 2.6475 4.9765 6.04147 600 0 2308 7 14 -0.00281329 -0.00197913 0 0 0.495883 0.86839 0 0
300.312 426.933 2.6475 4.9765 6.04147 600 0 2263 7 14 0.00281221 0.00195026 0 0 0.640344 0.768088 0 0
292.514 421.576 2.6475 4.9765 6.04147 600 0 2218 7 14 -0.00278981 -0.00189369 0 0 0.56653 0.824041 0 0
284.718 416.342 2.6475 4.9765 6.04147 600 0 2173 7 14 0.00276105 0.00182945 0 0 0.599748 0.800189 0 0
276.796 411.173 2.6475 4.9765 6.04147 600 0 2128 7 14 -0.00271486 -0.00173991 0 0 0.653264 0.75713 0 0
268.852 406.165 2.6475 4.9765 6.04147 600 0 2083 7 14 0.0026588 0.00164473 0 0 0.643871 0.765134 0 0
260.761 401.269 2.6475 4.9765 6.04147 600 0 2038 7 14 -0.00259002 -0.00152897 0 0 0.528516 0.848924 0 0
252.624 396.575 2.6475 4.9765 6.04147 600 0 1993 7 14 0.00250657 0.00141083 0 0 0.582452 0.812865 0 0
244.328 392.043 2.6475 4.9765 6.04147 600 0 1948 7 14 -0.00241612 -0.00127844 0 0 0.787597 0.61619 0 0
235.969 387.751 2.6475 4.9765 6.04147 600 0 1903 7 14 0.00230611 0.00114855 0 0 0.728412 0.685139 0 0
227.447 383.667 2.6475 4.9765 6.04147 600 0 1858 7 14 -0.00219537 -0.00101134 0 0 0.845616 0.533791 0 0
218.856 379.853 2.6475 4.9765 6.04147 600 0 1279 7 15 0.00206142 0.000882756 0 0 0.980992 0.194046 0 0
210.11 376.282 2.6475 4.9765 6.04147 600 0 1234 7 14 -0.00193297 -0.000752555 0 0 0.994304 0.106583 0 0
201.298 372.999 2.6475 4.9765 6.04147 600 0 1189 7 14 0.00178008 0.000636945 0 0 0.988833 0.149028 0 0
192.352 369.978 2.6475 4.9765 6.04147 600 0 1144 7 14 -0.00163783 -0.000523236 0 0 0.974554 0.224154 0 0
183.352 367.243 2.6475 4.9765 6.04147 600 0 1099 7 14 0.00147245 0.000428708 0 0 0.99217 0.124899 0 0
174.243 364.766 2.6475 4.9765 6.04147 600 0 1054 7 14 -0.0013208 -0.000337418 0 0 0.96495 0.262432 0 0
165.097 362.55 2.6475 4.9765 6.04147 600 0 1009 7 14 0.00114947 0.00026712 0 0 0.988166 0.153386 0 0
155.873 360.566 2.6475 4.9765 6.04147 600 0 964 7 14 -0.000992413 -0.000199753 0 0 0.996428 0.0844481 0 0
146.626 358.798 2.6475 4.9765 6.04147 600 0 919 7 14 0.000820373 0.000151854 0 0 0.995284 0.0970067 0 0
137.329 357.21 2.6475 4.9765 6.04147 600 0 874 7 14 -0.000660606 -0.000105911 0 0 0.999566 0.0294652 0 0
128.021 355.775 2.6475 4.9765 6.04147 600 0 829 7 14 0.000490978 7.4736e-05 0 0 0.995214 -0.097716 0 0
118.686 354.453 2.6475 4.9765 6.04147 600 0 784 7 14 -0.000329571 -4.45587e-05 0 0 0.991302 -0.13161 0 0
109.347 353.208 2.6475 4.9765 6.04147 0.1 0 0 7 15 0.000163343 2.21365e-05 0 0 4.99214e-310 4.99214e-310 0 0
100 352 2.6475 4.9765 6.04147 0.1 0 0 7 7 9.05723e-05 -0.0266618 0 0 4.99214e-310 4.99214e-310 0 0
100 361 2.6475 4.9765 6.04147 0.1 0 0 7 7 -0 -0 0 0 4.99214e-310 4.99214e-310 0 0
100 370 2.6475 4.9765 6.04147 0.1 0 0 7 7 -0 -0 0 0 4.99214e-310 4.99214e-310 0 0
100 379 2.6475 4.9765 6.04147 0.1 0 0 7 7 -0 -0 0 0 4.99214e-310 4.99214e-310 0 0
100 388 2.6475 4.9765 6.04147 0.1 0 0 7 7 -0 -0 0 0 4.99214e-310 4.99214e-310 0 0
100 397 2.6475 4.9765 6.04147 0.1 0 0 7 7 -0 -0 0 0 4.99214e-310 4.99214e-310 0 0
100 406 2.6475 4.9765 6.04147 0.1 0 0 7 7 -0 -0 0 0 4.99214e-310 4.99214e-310 0 0
100 415 2.6475 4.9765 6.04147 0.1 0 0 7 7 -0 -0 0 0 4.99214e-310 4.99214e-310 0 0
100 424 2.6475 4.9765 6.04147 0.1 0 0 7 7 -0 -0 0 0 4.99214e-310 4.99214e-310 0 0
100 433 2.6475 4.9765 6.04147 0.1 0 0 7 7 -0 -0 0 0 4.99214e-310 4.99214e-310 0 0
100 442 2.6475 4.9765 6.04147 0.1 0 0 7 7 -0 -0 0 0 4.99214e-310 4.99214e-310 0 0
100 451 2.6475 4.9765 6.04147 0.1 0 0 7 7 -0 -0 0 0 4.99214e-310 4.99214e-310 0 0
100 460 2.6475 4.9765 6.04147 0.1 0 0 7 7 -0 -0 0 0 4.99214e-310 4.99214e-310 0 0
100 469 2.6475 4.9765 6.04147 0.1 0 0 7 7 -0 -0 0 0 4.99214e-310 4.99214e-310 0 0
100 478 2.6475 4.9765 6.04147 0.1 0 0 7 7 -0 -0 0 0 4.99214e-310 4.99214e-310 0 0
100 487 2.6475 4.9765 6.04147 0.1 0 0 7 7 -0 -0 0 0 6.17636e-310 0 0 0
100 496 2.6475 4.9765 6.04147 0.1 0 0 7 7 -0 -0 0 0 4.99214e-310 6.32404e-322 0 0
100 505 2.6475 4.9765 6.04147 0.1 0 0 7 7 -0 -0 0 0 1.58101e-322 4.99095e-310 0 0
100 514 2.6475 4.9765 6.04147 0.1 0 0 7 7 -0 -0 0 0 4.99214e-310 0 0 0
100 523 2.6475 4.9765 6.04147 0.1 0 0 7 7 -0 -0 0 0 3.16202e-322 4.99095e-310 0 0
100 532 2.6475 4.9765 6.04147 0.1 0 0 7 7 -0 -0 0 0 4.79571e-312 6.09013e-312 0 0
100 541 2.6475 4.9765 6.04147 0.1 0 0 7 7 -0 -0 0 0 1.74899e-321 4.99214e-310 0 0
100 550 2.6475 4.9765 6.04147 0.1 0 0 7 7 -0 -0 0 0 4.20155e-312 7.57552e-312 0 0
100 559 2.6475 4.9765 6.04147 0.1 0 0 7 7 -0 -0 0 0 1.58101e-322 4.99095e-310 0 0
100 568 2.6475 4.9765 6.04147 0.1 0 0 7 7 -0 -0 0 0 4.98457e-311 3.16202e-322 0 0
100 577 2.6475 4.9765 6.04147 0.1 0 0 7 7 -0 -0 0 0 2.06025e-321 4.99214e-310 0 0
100 586 2.6475 4.9765 6.04147 0.1 0 0 7 7 -0 -0 0 0 4.99214e-310 0 0 0
100 595 2.6475 4.9765 6.04147 0.1 0 0 7 7 -0 -0 0 0 1.58101e-322 4.99095e-310 0 0
100 604 2.6475 4.9765 6.04147 0.1 0 0 7 7 -0 -0 0 0 0 5.05923e-321 0 0
100 613 2.6475 4.9765 6.04147 0.1 0 0 7 7 -0 -0 0 0 1.63042e-322 4.99214e-310 0 0
100 622 2.6475 4.9765 6.04147 0.1 0 0 7 7 -0 -0 0 0 4.50288e-311 4.64293e-311 0 0
100 631 2.6475 4.9765 6.04147 0.1 0 0 7 7 -0 -0 0 0 1.63042e-322 4.99214e-310 0 0
100 640 2.6475 4.9765 6.04147 0.1 0 0 7 7 -0 -0 0 0 4.99214e-310 1.58101e-322 0 0
100 649 2.6475 4.9765 6.04147 0.1 0 0 7 7 -0 -0 0 0 9.53547e-322 4.99214e-310 0 0
100 658 2.6475 4.9765 6.04147 0.1 0 0 7 7 4.14599e-16 0.0266735 0 0 0 1.62844e-320 0 0
109.337 659.252 2.6475 4.9765 6.04147 0.1 0 0 7 15 -1.47451e-16 1.12757e-17 0 0 9.53547e-322 4.99214e-310 0 0
118.476 661.543 2.6475 4.9765 6.04147 600 0 1328 7 13 1.52656e-16 -1.08203e-16 0 0 0.997535 0.0701724 0 0
127.851 660.62 2.6475 4.9765 6.04147 600 0 1373 7 13 -0 5.87638e-17 0 0 0.998318 0.0579705 0 0
137.264 661.018 2.6475 4.9765 6.04147 600 0 1373 7 13 1.56125e-17 2.45897e-16 0 0 0.99912 0.0419376 0 0
145.329 665.887 2.6475 4.9765 6.04147 600 0 97 7 10 7.41332e-14 8.50093e-14 0 0 0.99966 0.0260931 1 0
144.346 684.704 2.6475 4.9765 6.04147 600 0 1328 7 14 -9.09537e-15 5.33523e-14 0 0 0.996409 0.0846653 0 0
144.837 675.295 2.6475 4.9765 6.04147 600 0 1373 7 14 1.08455e-13 -1.37838e-13 0 0 0.99912 0.0419376 0 0
152.739 680.425 2.6475 4.9765 6.04147 600 0 1373 7 14 4.72571e-15 1.53705e-14 0 0 0.903769 0.42802 0 0
153.231 671.017 2.6475 4.9765 6.04147 600 0 968 7 15 -3.76336e-13 -7.90505e-14 0 0 0.974904 0.222627 0 0
162.208 673.873 2.6475 4.9765 6.04147 600 0 1013 7 13 4.03077e-13 1.5762e-13 0 0 0.961018 0.276487 0 0
170.763 677.818 2.6475 4.9765 6.04147 600 0 1058 7 13 -4.41079e-13 -1.46752e-13 0 0 0.991215 0.132257 0 0
179.963 679.849 2.6475 4.9765 6.04147 600 0 1103 7 13 4.70695e-13 1.37629e-13 0 0 0.989451 0.144871 0 0
188.814 683.073 2.6475 4.9765 6.04147 600 0 1148 7 13 -4.80374e-13 -1.33041e-13 0 0 0.984351 0.176217 0 0
198.064 684.862 2.6475 4.9765 6.04147 600 0 1193 7 13 4.77283e-13 1.00965e-13 0 0 0.984028 0.178012 0 0
207.244 686.98 2.6475 4.9765 6.04147 600 0 1238 7 13 -4.40517e-13 -9.56678e-14 0 0 0.999223 -0.0394106 0 0
216.478 688.846 2.6475 4.9765 6.04147 600 0 1283 7 13 3.85723e-13 5.68003e-14 0 0 0.975866 0.218372 0 0
225.867 689.623 2.6475 4.9765 6.04147 600 0 1328 7 15 -3.10866e-13 -2.17706e-14 0 0 0.966742 0.255752 0 0
235.274 690.123 2.6475 4.9765 6.04147 600 0 1868 7 13 2.16455e-13 6.38267e-15 0 0 0.951008 0.309167 0 0
244.695 690.04 2.6475 4.9765 6.04147 600 0 1868 7 13 -1.09301e-13 -2.99953e-15 0 0 0.998669 0.0515855 0 0
254.025 691.348 2.6475 4.9765 6.04147 600 0 53 7 10 0.000791053 -2.45232e-05 0 0 0.999953 0.00971907 0 0
258.995 699.351 2.6475 4.9765 6.04147 600 0 1861 7 14 7.38233e-09 -4.58386e-09 0 0 0.810985 0.585067 0 0
263.46 691.055 2.6475 4.9765 6.04147 600 0 1508 7 15 -2.69706e-10 -8.70096e-09 0 0 0.999846 0.0175262 0 0
272.895 690.763 2.6475 4.9765 6.04147 600 0 1553 7 13 -5.03992e-10 -1.6232e-08 0 0 0.960787 0.277287 0 0
282.33 690.47 2.6475 4.9765 6.04147 600 0 1598 7 13 -7.04513e-10 -2.26698e-08 0 0 0.998689 -0.0511855 0 0
291.765 690.177 2.6475 4.9765 6.04147 600 0 1643 7 13 -8.57777e-10 -2.75807e-08 0 0 0.999882 -0.0153732 0 0
301.2 689.883 2.6475 4.9765 6.04147 600 0 1688 7 13 -9.53433e-10 -3.06339e-08 0 0 0.999791 -0.0204553 0 0
310.636 689.589 2.6475 4.9765 6.04147 600 0 1733 7 13 -9.84962e-10 -3.16237e-08 0 0 0.999678 0.0253834 0 0
320.071 689.295 2.6475 4.9765 6.04147 600 0 1778 7 13 -9.50114e-10 -3.04836e-08 0 0 0.997693 0.0678924 0 0
329.506 689.001 2.6475 4.9765 6.04147 600 0 1823 7 13 -8.5112e-10 -2.72903e-08 0 0 0.997663 0.0683271 0 0
338.941 688.706 2.6475 4.9765 6.04147 600 0 1868 7 15 -6.94579e-10 -2.22588e-08 0 0 0.999269 -0.0382187 0 0
348.376 688.411 2.6475 4.9765 6.04147 600 0 2408 7 13 -4.90985e-10 -1.57282e-08 0 0 0.993405 -0.114658 0 0
357.811 688.115 2.6475 4.9765 6.04147 600 0 2408 7 13 -2.54121e-10 -8.13815e-09 0 0 0.990293 -0.138996 0 0
367.246 687.82 2.6475 4.9765 6.04147 600 0 51 7 10 0.00118676 -6.56481e-05 0 0 0.983862 -0.17893 0 0
372.348 695.74 2.6475 4.9765 6.04147 600 0 2401 7 14 5.7553e-11 -3.7059e-11 0 0 0.997435 -0.0715738 0 0
376.706 687.388 2.6475 4.9765 6.04147 600 0 2048 7 15 -3.12795e-12 -6.86942e-11 0 0 0.999322 0.0368125 0 0
386.166 686.955 2.6475 4.9765 6.04147 600 0 2093 7 13 -5.84723e-12 -1.28174e-10 0 0 0.999938 -0.0111387 0 0
395.626 686.523 2.6475 4.9765 6.04147 600 0 2138 7 13 -8.17363e-12 -1.79023e-10 0 0 0.998899 0.0469027 0 0
405.085 686.09 2.6475 4.9765 6.04147 600 0 2183 7 13 -9.94551e-12 -2.17812e-10 0 0 0.99988 0.0154977 0 0
414.545 685.658 2.6475 4.9765 6.04147 600 0 2228 7 13 -1.10531e-11 -2.4193e-10 0 0 0.999978 -0.00668235 0 0
424.005 685.225 2.6475 4.9765 6.04147 600 0 2273 7 13 -1.14098e-11 -2.49752e-10 0 0 0.999987 -0.00512253 0 0
433.465 684.793 2.6475 4.9765 6.04147 600 0 2318 7 13 -1.09995e-11 -2.40751e-10 0 0 0.999728 -0.0233186 0 0
442.924 684.36 2.6475 4.9765 6.04147 600 0 2363 7 13 -9.84996e-12 -2.15533e-10 0 0 0.998908 0.0467201 0 0
452.384 683.928 2.6475 4.9765 6.04147 600 0 2408 7 15 -8.03125e-12 -1.75797e-10 0 0 0.981977 -0.189 0 0
461.844 683.495 2.6475 4.9765 6.04147 600 0 2948 7 13 -5.67765e-12 -1.24219e-10 0 0 0.974121 0.226025 0 0
471.304 683.063 2.6475 4.9765 6.04147 600 0 2948 7 13 -2.9364e-12 -6.42746e-11 0 0 0.999839 -0.0179548 0 0
480.763 682.63 2.6475 4.9765 6.04147 600 0 53 7 10 -0.000153277 -0.00091707 0 0 0.999987 0.00503411 0 0
480.973 673.212 2.6475 4.9765 6.04147 600 0 2941 7 14 5.93363e-10 1.30787e-11 0 0 0.999839 -0.0179548 0 0
489.056 678.052 2.6475 4.9765 6.04147 600 0 2588 7 15 2.88369e-10 5.2198e-10 0 0 0.972804 -0.23163 0 0
497.348 673.473 2.6475 4.9765 6.04147 600 0 2633 7 13 5.37988e-10 9.74053e-10 0 0 0.958182 -0.286161 0 0
505.64 668.894 2.6475 4.9765 6.04147 600 0 2678 7 13 7.51369e-10 1.36051e-09 0 0 0.951158 -0.308703 0 0
513.932 664.315 2.6475 4.9765 6.04147 600 0 2723 7 13 9.14153e-10 1.65532e-09 0 0 0.963977 -0.265986 0 0
522.224 659.736 2.6475 4.9765 6.04147 600 0 2768 7 13 1.01535e-09 1.83863e-09 0 0 0.866682 -0.498861 0 0
530.517 655.157 2.6475 4.9765 6.04147 600 0 2813 7 13 1.04817e-09 1.89808e-09 0 0 0.860272 -0.509835 0 0
538.809 650.579 2.6475 4.9765 6.04147 600 0 2858 7 13 1.01039e-09 1.82968e-09 0 0 0.885435 -0.464762 0 0
547.101 646 2.6475 4.9765 6.04147 600 0 2903 7 13 9.04543e-10 1.63804e-09 0 0 0.884837 -0.465901 0 0
555.393 641.421 2.6475 4.9765 6.04147 600 0 2948 7 15 7.37781e-10 1.33605e-09 0 0 0.908361 -0.418187 0 0
563.685 636.842 2.6475 4.9765 6.04147 600 0 3488 7 13 5.21321e-10 9.44059e-10 0 0 0.898879 -0.438196 0 0
571.978 632.263 2.6475 4.9765 6.04147 600 0 3488 7 13 2.69741e-10 4.88484e-10 0 0 0.899739 -0.436428 0 0
580.27 627.685 2.6475 4.9765 6.04147 600 0 53 7 10 -0.00147292 0.000552182 0 0 0.76122 -0.648493 0 0
577.236 618.765 2.6475 4.9765 6.04147 600 0 3481 7 14 -2.7008e-05 3.03536e-05 0 0 0.802585 -0.596538 0 0
586.477 620.583 2.6475 4.9765 6.04147 600 0 3128 7 15 -0.000150519 7.92032e-05 0 0 0.755168 -0.655532 0 0
590.724 612.158 2.6475 4.9765 6.04147 600 0 3173 7 13 0.000350499 -9.90981e-05 0 0 0.687783 -0.725916 0 0
597.916 606.058 2.6475 4.9765 6.04147 600 0 3218 7 13 -0.000207013 0.000156267 0 0 0.687042 -0.726617 0 0
604.902 599.712 2.6475 4.9765 6.04147 600 0 3263 7 13 0.000354729 -0.000171426 0 0 0.664804 -0.747018 0 0
612.687 594.385 2.6475 4.9765 6.04147 600 0 3308 7 13 -0.000165328 0.000200313 0 0 0.628536 -0.77778 0 0
621.089 590.084 2.6475 4.9765 6.04147 600 0 3353 7 13 0.000262288 0.000133623 0 0 0.75461 -0.656173 0 0
630.403 588.551 2.6475 4.9765 6.04147 600 0 3398 7 13 0.000140476 -0.000384884 0 0 0.778651 -0.627458 0 0
638.634 583.931 2.6475 4.9765 6.04147 600 0 3443 7 13 -0.000243039 5.91862e-05 0 0 0.650247 -0.759723 0 0
646.464 578.624 2.6475 4.9765 6.04147 600 0 3488 7 13 0.00104882 -0.000962137 0 0 0.724628 -0.68914 0 0
653.575 572.431 2.6475 4.9765 6.04147 600 0 3533 7 13 -0.00195834 0.00199741 0 0 0.711524 -0.702662 0 0
657.94 563.967 2.6475 4.9765 6.04147 600 0 3578 7 13 0.0049971 -0.00612104 0 0 0.744453 -0.667675 0 0
666.828 566.973 2.6475 4.9765 6.04147 600 0 3623 7 13 -0.00171974 -0.00409702 0 0 0.935482 -0.353375 0 0
664.978 557.812 2.6475 4.9765 6.04147 600 0 3668 7 15 -0.00578093 0.0128486 0 0 0.363215 -0.931705 0 0
672.179 551.395 2.6475 4.9765 6.04147 600 0 4284 7 13 0.0096137 -0.00423231 0 0 -0.869881 0.493261 0 0
663.082 548.486 2.6475 4.9765 6.04147 600 0 4329 7 13 -0.00634418 -0.00610135 0 0 -0.0716969 0.997426 0 0
656.048 554.779 2.6475 4.9765 6.04147 600 0 4374 7 13 0.00263036 0.00314508 0 0 -0.991997 0.126265 0 0
654.19 545.527 2.6475 4.9765 6.04147 600 0 4419 7 13 0.00294425 -0.00101204 0 0 -0.992492 0.122312 0 0
647.04 551.706 2.6475 4.9765 6.04147 600 0 4464 7 13 -0.00229349 -0.000130928 0 0 -0.855727 0.517428 0 0
638.27 548.165 2.6475 4.9765 6.04147 600 0 4464 9 13 0.00150378 0.000851723 0 0 -0.986784 -0.162043 0 0
630.898 542.183 2.6475 4.9765 6.04147 600 0 261 8 10 -0.00169564 0.00043801 0 0 -0.986784 -0.162043 0 0
639.043 537.303 2.6475 4.9765 6.04147 600 0 4457 9 14 0.00379122 -0.00237405 0 0 -0.986784 -0.162043 0 0
642.617 528.613 2.6475 4.9765 6.04147 600 0 4457 7 14 0.000279924 0.00238813 0 0 -0.998867 0.047584 0 0
648.371 536.039 2.6475 4.9765 6.04147 600 0 4412 7 14 -0.00391435 -0.000459754 0 0 -0.999927 0.0120437 0 0
657.808 535.061 2.6475 4.9765 6.04147 600 0 4367 7 14 0.00244175 0.000766263 0 0 -0.791375 -0.611331 0 0
666.747 538.047 2.6475 4.9765 6.04147 600 0 4322 7 14 -0.00244718 -0.00084 0 0 0.0954455 -0.995435 0 0
675.122 542.502 2.6475 4.9765 6.04147 600 0 3848 7 15 0.00125793 0.00521302 0 0 0.781542 0.623852 0 0
681.389 549.498 2.6475 4.9765 6.04147 600 0 3893 7 13 -0.00667947 -0.000700312 0 0 0.862301 0.506396 0 0
690.275 552.957 2.6475 4.9765 6.04147 600 0 3938 7 13 0.00062045 0.00146567 0 0 0.449399 0.893331 0 0
695.995 560.484 2.6475 4.9765 6.04147 600 0 3983 7 13 -0.00116235 -0.000986277 0 0 0.522046 0.852917 0 0
698.984 569.468 2.6475 4.9765 6.04147 600 0 4028 7 13 -4.69532e-05 0.000321718 0 0 -0.561946 0.827174 0 0
701.086 578.676 2.6475 4.9765 6.04147 600 0 4073 7 13 -0.000219957 -0.000800076 0 0 -0.959415 0.281998 0 0
702.702 587.986 2.6475 4.9765 6.04147 600 0 4118 7 13 2.4272e-05 0.000170821 0 0 -0.650657 0.759372 0 0
704.258 597.293 2.6475 4.9765 6.04147 600 0 4163 7 13 -2.74304e-05 -0.000269486 0 0 0.0315211 0.999503 0 0
706.085 606.551 2.6475 4.9765 6.04147 600 0 4208 7 13 4.66649e-06 -0.000118898 0 0 -0.824471 0.565904 0 0
708.441 615.689 2.6475 4.9765 6.04147 600 0 4253 7 13 0.000141309 0.000283184 0 0 -0.245494 0.969398 0 0
711.549 624.594 2.6475 4.9765 6.04147 600 0 4298 7 13 -0.000108743 -0.000422582 0 0 -0.313345 -0.949639 0 0
715.551 633.144 2.6475 4.9765 6.04147 600 0 4343 7 13 0.000351693 0.00043984 0 0 0.855494 0.517813 0 0
720.737 641.021 2.6475 4.9765 6.04147 600 0 4388 7 13 -0.000285829 -0.000420449 0 0 0.314777 0.949166 0 0
725.785 648.998 2.6475 4.9765 6.04147 600 0 4433 7 13 0.00043012 0.000205925 0 0 0.855518 0.517772 0 0
732.97 655.112 2.6475 4.9765 6.04147 600 0 4478 7 13 -0.000372383 8.67141e-05 0 0 0.466901 0.884309 0 0
736.726 663.775 2.6475 4.9765 6.04147 600 0 4478 9 13 0.00033922 0.000307977 0 0 0.563967 0.825797 0 0
741.873 671.695 2.6475 4.9765 6.04147 0.1 0 3712 8 10 -0.000131542 0.000343842 0 0 0.424777 0.905298 0 0
101.434 693.885 2.6475 4.9765 6.04147 600 0 833 7 14 -1.249e-16 -1.2438e-15 0 0 0.978388 0.206777 0 0
107.508 701.086 2.6475 4.9765 6.04147 600 0 833 7 14 -1.43982e-16 5.73326e-16 0 0 0.981363 0.192162 0 0
98.235 702.746 2.6475 4.9765 6.04147 0.1 0 0 7 15 -7.24247e-17 -1.11976e-15 0 0 1.63042e-322 6.17636e-310 0 0
100 712 2.6475 4.9765 6.04147 0.1 0 0 7 7 3.41307e-16 -0.0266735 0 0 6.93893e-312 9.2519e-312 0 0
100 721 2.6475 4.9765 6.04147 0.1 0 0 7 7 -0 -0 0 0 4.79244e-322 4.99214e-310 0 0
100 730 2.6475 4.9765 6.04147 0.1 0 0 7 7 -0 -0 0 0 4.99214e-310 1.58101e-322 0 0
100 739 2.6475 4.9765 6.04147 0.1 0 0 7 7 -0 -0 0 0 2.21835e-321 4.99214e-310 0 0
100 748 2.6475 4.9765 6.04147 0.1 0 0 7 7 -0 -0 0 0 1.0419e-311 3.36761e-311 0 0
100 757 2.6475 4.9765 6.04147 0.1 0 0 7 7 -0 -0 0 0 3.16202e-322 4.99095e-310 0 0
100 766 2.6475 4.9765 6.04147 0.1 0 0 7 7 -0 -0 0 0 3.9554e-311 4.07848e-311 0 0
100 775 2.6475 4.9765 6.04147 0.1 0 0 7 7 -0 -0 0 0 2.53456e-321 4.99214e-310 0 0
100 784 2.6475 4.9765 6.04147 0.1 0 0 7 7 -0 -0 0 0 6.17636e-310 3.16202e-322 0 0
100 793 2.6475 4.9765 6.04147 0.1 0 0 7 7 -0 -0 0 0 9.52064e-321 4.99214e-310 0 0
100 802 2.6475 4.9765 6.04147 0.1 0 0 7 7 -0 0.0266735 0 0 2.71615e-312 3.23392e-311 0 0
662.142 366.626 5.295 9.953 12.0829 0 0 4500 16 -1 -0 -0 0 0 -0.157204 0.987566 23525 1698802912
555.511 477.542 5.295 9.953 12.0829 0 0 4500 16 -1 -0 -0 0 0 0.423947 -0.905687 1937 1938
526.494 396.279 5.295 9.953 12.0829 0 0 4500 16 -1 0.000458045 0.000463703 0 0 0.781235 0.624236 23525 -1411889776
477.539 625.207 5.295 9.953 12.0829 0 0 4500 16 -1 -0 -0 0 0 0.957268 -0.289203 0 129
579.851 577.733 5.295 9.953 12.0829 0 0 4500 16 -1 -1.274e-05 4.067e-05 0 0 0.495488 -0.868615 23525 1698802912
562.303 312.25 5.295 9.953 12.0829 0 0 4500 16 -1 -0.00015326 -0.000450265 0 0 0.869228 0.494411 1825 1951
762.831 396.072 5.295 9.953 12.0829 0 0 4500 16 -1 -0 -0 0 0 -0.617066 0.786911 23520 60
730.917 558.97 5.295 9.953 12.0829 0 0 4500 16 -1 3.4723e-06 9.07671e-06 0 0 -0.760706 -0.649096 2182 513
573.675 487.032 5.295 9.953 12.0829 0 0 4500 16 -1 0.000417284 -0.00192818 0 0 0.794872 -0.606776 23525 1698802912
612.269 373.346 5.295 9.953 12.0829 0 0 4500 16 -1 -0.0025032 0.00097041 0 0 0.43698 0.899471 1760 1959
