591.713 409.577 5.295 9.953 12.0829 0.1 0 193 3 1 -0 -0 0 0 6.95296e-310 6.95296e-310 0 0
596.729 463.398 5.295 9.953 12.0829 0.1 0 97 3 1 4.8256e-07 -6.4188e-06 0 0 6.95296e-310 6.95296e-310 0 0
577.429 458.579 5.295 9.953 12.0829 0.1 0 92 3 1 -2.28717e-06 -5.71151e-07 0 0 6.95296e-310 6.95296e-310 0 0
581.813 478.237 5.295 9.953 12.0829 0.1 0 88 3 1 1.11115e-09 -8.68038e-11 0 0 6.42967e-310 0 0 0
629.531 403.734 5.295 9.953 12.0829 0.1 0 109 3 1 1.33497e-09 -2.95878e-10 0 0 6.95296e-310 6.95296e-310 0 0
618.415 420.247 5.295 9.953 12.0829 0.1 0 77 3 1 -9.82161e-10 1.45899e-09 0 0 6.95296e-310 6.95296e-310 0 0
621.221 469.993 5.295 9.953 12.0829 0.1 0 54 3 1 2.64445e-07 -5.24198e-06 0 0 1.58101e-322 4.82787e-310 0 0
650.576 406.437 5.295 9.953 12.0829 0.1 0 92 3 1 1.13177e-09 -1.66217e-09 0 0 6.95296e-310 6.95296e-310 0 0
660.837 428.789 5.295 9.953 12.0829 0.1 0 71 3 1 -5.1533e-09 4.43233e-09 0 0 6.95296e-310 6.95296e-310 0 0
639.373 422.891 5.295 9.953 12.0829 0.1 0 64 3 1 -1.13177e-09 1.66217e-09 0 0 6.95296e-310 6.95296e-310 0 0
643.498 474.303 5.295 9.953 12.0829 0.1 0 45 3 1 -8.98991e-06 -9.29613e-06 0 0 4.82672e-310 0 0 0
675.928 415.809 5.295 9.953 12.0829 0.1 0 99 3 1 5.1533e-09 -4.43233e-09 0 0 6.95296e-310 6.95296e-310 0 0
685.446 433.482 5.295 9.953 12.0829 0.1 0 63 3 1 -0 -0 0 0 3.21143e-322 4.82672e-310 0 0
700.952 447.038 5.295 9.953 12.0829 0.1 0 87 3 1 2.32894e-05 -4.38923e-05 0 0 0 0 0 0
588.354 497.394 5.295 9.953 12.0829 0.1 0 65 3 1 -8.26435e-06 1.28125e-06 0 0 0 0 0 0
601.699 482.649 5.295 9.953 12.0829 0.1 0 42 3 1 -9.1883e-06 -1.78102e-06 0 0 6.95296e-310 6.95296e-310 0 0
620.219 489.853 5.295 9.953 12.0829 0.1 0 35 3 1 -5.34022e-06 -3.87274e-06 0 0 0 0 0 0
674.89 479.375 5.295 9.953 12.0829 0.1 0 44 3 1 -2.70706e-05 -7.30609e-05 0 0 6.95296e-310 6.95296e-310 0 0
639.019 496.256 5.295 9.953 12.0829 0.1 0 36 3 1 -2.55392e-06 -6.80436e-07 0 0 0 0 0 0
700.043 473.803 5.295 9.953 12.0829 0.1 0 47 3 1 0.000132682 0.000123417 0 0 6.95296e-310 6.95296e-310 0 0
657.314 488.589 5.295 9.953 12.0829 0.1 1 2313 0 0 -3.07276e-06 -1.66457e-05 0 0 0 0 0 0
719.404 469.601 5.295 9.953 12.0829 0.1 0 66 3 1 0.000108251 -2.34763e-05 0 0 0 0 0 0
606.887 504.601 5.295 9.953 12.0829 0.1 0 41 3 1 -5.45225e-06 -1.14367e-06 0 0 6.95296e-310 6.95296e-310 0 0
625.711 510.98 5.295 9.953 12.0829 0.1 0 35 3 1 -4.60385e-06 4.00341e-06 0 0 0 0 0 0
653.226 510.56 5.295 9.953 12.0829 0.1 1 1649 0 0 -0 -0 0 0 6.95296e-310 6.95296e-310 0 0
639.668 525.158 5.295 9.953 12.0829 0.1 1 3069 0 0 8.43864e-08 6.58915e-07 0 0 0 0 0 0
690.77 491.242 5.295 9.953 12.0829 0.1 0 41 3 1 -8.70214e-05 1.69659e-05 0 0 6.95296e-310 6.95296e-310 0 0
672.314 501.593 5.295 9.953 12.0829 0.1 1 1364 0 0 2.37447e-05 -4.32502e-05 0 0 0 0 0 0
711.656 489.792 5.295 9.953 12.0829 0.1 0 71 3 1 0.00015547 0.000107684 0 0 6.95296e-310 6.95296e-310 0 0
691.628 510.975 5.295 9.953 12.0829 0.1 1 3500 0 0 -8.84201e-06 2.4396e-05 0 0 0 0 0 0
592.983 518.81 5.295 9.953 12.0829 0.1 0 49 3 1 -2.83712e-06 4.34637e-06 0 0 6.95296e-310 6.95296e-310 0 0
616.882 528.762 5.295 9.953 12.0829 0.1 0 44 3 1 -3.55576e-06 9.44779e-06 0 0 4.00421e-311 6.32404e-322 0 0
630.651 543.09 5.295 9.953 12.0829 0.1 0 43 3 1 3.25992e-06 7.03773e-06 0 0 9.53547e-322 4.82672e-310 0 0
673.421 521.395 5.295 9.953 12.0829 0.1 1 2060 0 0 -1.11491e-05 -3.52011e-05 0 0 6.95296e-310 6.95296e-310 0 0
657.633 533.711 5.295 9.953 12.0829 0.1 0 41 3 1 1.2936e-06 4.63447e-08 0 0 6.42967e-310 2.37152e-321 0 0
711.685 509.606 5.295 9.953 12.0829 0.1 0 80 3 1 1.77331e-07 0.000106626 0 0 6.95296e-310 6.95296e-310 0 0
728.624 520.068 5.295 9.953 12.0829 0.1 0 124 3 1 1.38111e-05 -1.07871e-05 0 0 6.95296e-310 6.95296e-310 0 0
712.966 532.299 5.295 9.953 12.0829 0.1 0 97 3 1 2.74643e-05 1.4184e-05 0 0 6.95296e-310 6.95296e-310 0 0
693.184 530.671 5.295 9.953 12.0829 0.1 0 63 3 1 1.84333e-05 3.36712e-05 0 0 9.35266e-321 4.82672e-310 0 0
599.156 537.722 5.295 9.953 12.0829 0.1 0 73 3 1 -8.87956e-06 7.4092e-06 0 0 6.95296e-310 6.95296e-310 0 0
581.073 545.963 5.295 9.953 12.0829 0.1 0 137 3 1 -1.28094e-05 5.83813e-06 0 0 6.95296e-310 6.95296e-310 0 0
612.944 552.171 5.295 9.953 12.0829 0.1 0 76 3 1 -3.99842e-07 2.05054e-07 0 0 1.26975e-321 4.82672e-310 0 0
632.298 562.983 5.295 9.953 12.0829 0.1 0 87 3 1 -0 -0 0 0 6.42967e-310 6.32404e-322 0 0
648.675 551.48 5.295 9.953 12.0829 0.1 0 56 3 1 7.18727e-06 3.91275e-06 0 0 6.95296e-310 6.95296e-310 0 0
671.42 560.183 5.295 9.953 12.0829 0.1 0 61 3 1 0.00021208 4.64679e-05 0 0 6.95296e-310 6.95296e-310 0 0
661.967 581.395 5.295 9.953 12.0829 0.1 0 85 3 1 4.26986e-05 0.000286626 0 0 6.95296e-310 6.95296e-310 0 0
646.371 593.596 5.295 9.953 12.0829 0.1 0 138 3 1 -0.00010916 8.54454e-05 0 0 6.95296e-310 6.95296e-310 0 0
681.739 582.281 5.295 9.953 12.0829 0.1 0 91 3 1 5.1573e-05 5.06673e-05 0 0 6.95296e-310 6.95296e-310 0 0
700.42 588.981 5.295 9.953 12.0829 0.1 0 151 3 1 4.96406e-05 5.16242e-05 0 0 4.82672e-310 1.58101e-322 0 0
676.277 541.004 5.295 9.953 12.0829 0.1 0 50 3 1 -2.88387e-05 -2.44694e-05 0 0 6.95296e-310 6.95296e-310 0 0
698.51 549.723 5.295 9.953 12.0829 0.1 0 70 3 1 2.81532e-05 3.96793e-05 0 0 6.95296e-310 6.95296e-310 0 0
696.849 569.453 5.295 9.953 12.0829 0.1 0 87 3 1 5.05281e-05 4.76813e-05 0 0 6.95296e-310 6.95296e-310 0 0
80 235 2.6475 4.9765 6.04147 0.1 0 0 7 7 -0 -0.0266735 0 0 4.82672e-310 0 0 0
80 244 2.6475 4.9765 6.04147 0.1 0 0 7 7 -0 -0 0 0 3.21143e-322 4.82672e-310 0 0
80 253 2.6475 4.9765 6.04147 0.1 0 0 7 7 -0 -0 0 0 4.82672e-310 3.16202e-322 0 0
80 262 2.6475 4.9765 6.04147 0.1 0 0 7 7 -0 -0 0 0 1.58101e-322 4.82787e-310 0 0
80 271 2.6475 4.9765 6.04147 0.1 0 0 7 7 -0 -0 0 0 4.03179e-313 6.36599e-313 0 0
80 280 2.6475 4.9765 6.04147 0.1 0 0 7 7 -0 -0 0 0 4.60473e-312 4.64717e-312 0 0
80 289 2.6475 4.9765 6.04147 0.1 0 0 7 7 -0 -0 0 0 1.63042e-322 4.82672e-310 0 0
80 298 2.6475 4.9765 6.04147 0.1 0 0 7 7 -0 -0 0 0 4.82672e-310 1.58101e-322 0 0
80 307 2.6475 4.9765 6.04147 0.1 0 0 7 7 -0 -0 0 0 1.58101e-322 4.82787e-310 0 0
80 316 2.6475 4.9765 6.04147 0.1 0 0 7 7 -0 -0 0 0 5.49173e-311 6.32404e-322 0 0
80 325 2.6475 4.9765 6.04147 0.1 0 0 7 7 -0 -0 0 0 1.11165e-321 4.82672e-310 0 0
80 334 2.6475 4.9765 6.04147 0.1 0 0 7 7 -0 -0 0 0 4.82672e-310 0 0 0
80 343 2.6475 4.9765 6.04147 0.1 0 0 7 7 -0 -0 0 0 4.82672e-310 0 0 0
80 352 2.6475 4.9765 6.04147 0.1 0 0 7 7 -0 -0 0 0 1.27963e-321 0 0 0
80 361 2.6475 4.9765 6.04147 0.1 0 0 7 7 -0 -0 0 0 4.82672e-310 1.58101e-322 0 0
80 370 2.6475 4.9765 6.04147 0.1 0 0 7 7 -0 -0 0 0 1.58101e-322 4.82787e-310 0 0
80 379 2.6475 4.9765 6.04147 0.1 0 0 7 7 -0 -0 0 0 4.82672e-310 3.16202e-322 0 0
80 388 2.6475 4.9765 6.04147 0.1 0 0 7 7 -0 -0 0 0 1.90215e-321 4.82672e-310 0 0
80 397 2.6475 4.9765 6.04147 0.1 0 0 7 7 -0 -0 0 0 4.82672e-310 3.16202e-322 0 0
80 406 2.6475 4.9765 6.04147 0.1 0 0 7 7 -0 -0 0 0 1.58101e-322 4.82787e-310 0 0
80 415 2.6475 4.9765 6.04147 0.1 0 0 7 7 -0 -0 0 0 4.82672e-310 0 0 0
80 424 2.6475 4.9765 6.04147 0.1 0 0 7 7 -0 -0 0 0 4.82672e-310 4.82672e-310 0 0
80 433 2.6475 4.9765 6.04147 0.1 0 0 7 7 -0 -0 0 0 4.82672e-310 4.82672e-310 0 0
80 442 2.6475 4.9765 6.04147 0.1 0 0 7 7 -0 -0 0 0 4.82672e-310 4.82672e-310 0 0
80 451 2.6475 4.9765 6.04147 0.1 0 0 7 7 -0 -0 0 0 4.82672e-310 4.82672e-310 0 0
80 460 2.6475 4.9765 6.04147 0.1 0 0 7 7 -0 -0 0 0 4.82672e-310 4.82672e-310 0 0
80 469 2.6475 4.9765 6.04147 0.1 0 0 7 7 -0 -0 0 0 4.82672e-310 4.82672e-310 0 0
80 478 2.6475 4.9765 6.04147 0.1 0 0 7 7 -0 -0 0 0 0 4.82672e-310 0 0
80 487 2.6475 4.9765 6.04147 0.1 0 0 7 7 -0 -0 0 0 -nan 1.26481e-321 0 0
80 496 2.6475 4.9765 6.04147 0.1 0 0 7 7 -0 -0 0 0 4.82672e-310 0 0 0
80 505 2.6475 4.9765 6.04147 0.1 0 0 7 7 -0 -0 0 0 4.82672e-310 4.82672e-310 0 0
80 514 2.6475 4.9765 6.04147 0.1 0 0 7 7 -0 -0 0 0 4.79244e-322 4.82672e-310 0 0
80 523 2.6475 4.9765 6.04147 0.1 0 0 7 7 -0 -0 0 0 4.82672e-310 1.78884e-311 0 0
80 532 2.6475 4.9765 6.04147 0.1 0 0 7 7 -0 -0 0 0 1.63042e-322 4.82672e-310 0 0
80 541 2.6475 4.9765 6.04147 0.1 0 0 7 7 -0 -0 0 0 4.82672e-310 1.58101e-322 0 0
80 550 2.6475 4.9765 6.04147 0.1 0 0 7 7 -0 -0 0 0 4.79244e-322 4.82672e-310 0 0
80 559 2.6475 4.9765 6.04147 0.1 0 0 7 7 -0 -0 0 0 0 4.82672e-310 0 0
80 568 2.6475 4.9765 6.04147 0.1 0 0 7 7 -0 -0 0 0 -nan 1.26481e-321 0 0
80 577 2.6475 4.9765 6.04147 0.1 0 0 7 7 -0 -0 0 0 4.82672e-310 4.82672e-310 0 0
80 586 2.6475 4.9765 6.04147 0.1 0 0 7 7 -0 -0 0 0 4.82672e-310 4.82672e-310 0 0
80 595 2.6475 4.9765 6.04147 0.1 0 0 7 7 -0 -0 0 0 4.82672e-310 4.82672e-310 0 0
80 604 2.6475 4.9765 6.04147 0.1 0 0 7 7 -0 -0 0 0 4.82672e-310 4.82672e-310 0 0
80 613 2.6475 4.9765 6.04147 0.1 0 0 7 7 -0 -0 0 0 4.82672e-310 4.82672e-310 0 0
80 622 2.6475 4.9765 6.04147 0.1 0 0 7 7 -0 -0 0 0 4.82672e-310 4.82672e-310 0 0
80 631 2.6475 4.9765 6.04147 0.1 0 0 7 7 -0 -0 0 0 4.82672e-310 4.82672e-310 0 0
80 640 2.6475 4.9765 6.04147 0.1 0 0 7 7 -0 -0 0 0 4.82672e-310 4.82672e-310 0 0
80 649 2.6475 4.9765 6.04147 0.1 0 0 7 7 -0 -0 0 0 4.82672e-310 4.82672e-310 0 0
80 658 2.6475 4.9765 6.04147 0.1 0 0 7 7 -0 -0 0 0 4.82672e-310 4.82672e-310 0 0
80 667 2.6475 4.9765 6.04147 0.1 0 0 7 7 -0 -0 0 0 4.82672e-310 4.82672e-310 0 0
80 676 2.6475 4.9765 6.04147 0.1 0 0 7 7 -0 -0 0 0 4.82672e-310 4.82672e-310 0 0
80 685 2.6475 4.9765 6.04147 0.1 0 0 7 7 -0 -0 0 0 4.82672e-310 3.16202e-322 0 0
80 694 2.6475 4.9765 6.04147 0.1 0 0 7 7 -0 -0 0 0 6.42965e-310 0 0 0
80 703 2.6475 4.9765 6.04147 0.1 0 0 7 7 -0 -0 0 0 4.82672e-310 2.74798e-311 0 0
80 712 2.6475 4.9765 6.04147 0.1 0 0 7 7 -0 -0 0 0 4.82672e-310 4.07635e-311 0 0
80 721 2.6475 4.9765 6.04147 0.1 0 0 7 7 -0 -0 0 0 9.53547e-322 4.82672e-310 0 0
80 730 2.6475 4.9765 6.04147 0.1 0 0 7 7 -0 -0 0 0 1.58101e-322 1.01185e-320 0 0
80 739 2.6475 4.9765 6.04147 0.1 0 0 7 7 -0 -0 0 0 1.14673e-320 2.41895e-320 0 0
80 748 2.6475 4.9765 6.04147 0.1 0 0 7 7 -0 -0 0 0 4.82672e-310 4.80632e-311 0 0
80 757 2.6475 4.9765 6.04147 0.1 0 0 7 7 -0 -0 0 0 3.21143e-322 4.82672e-310 0 0
80 766 2.6475 4.9765 6.04147 0.1 0 0 7 7 -0 -0 0 0 1.58101e-322 4.82787e-310 0 0
80 775 2.6475 4.9765 6.04147 0.1 0 0 7 7 -0 0.0266735 0 0 1.16402e-320 2.76677e-320 0 0
100 208 2.6475 4.9765 6.04147 0.1 0 0 7 7 -0 -0.0266735 0 0 9.4641e-312 4.19731e-311 0 0
100 217 2.6475 4.9765 6.04147 0.1 0 0 7 7 -0 -0 0 0 3.16202e-322 4.82787e-310 0 0
100 226 2.6475 4.9765 6.04147 0.1 0 0 7 7 -0 -0 0 0 1.58101e-322 4.82787e-310 0 0
100 235 2.6475 4.9765 6.04147 0.1 0 0 7 7 -0 -0 0 0 1.16896e-320 3.11459e-320 0 0
100 244 2.6475 4.9765 6.04147 0.1 0 0 7 7 -0 -0 0 0 3.81959e-312 3.22543e-311 0 0
100 253 2.6475 4.9765 6.04147 0.1 0 0 7 7 -0 -0 0 0 2.85076e-321 4.82672e-310 0 0
100 262 2.6475 4.9765 6.04147 0.1 0 0 7 7 -0 -0 0 0 1.58101e-322 4.82787e-310 0 0
100 271 2.6475 4.9765 6.04147 0.1 0 0 7 7 -0 -0 0 0 4.82669e-310 3.46241e-320 0 0
100 280 2.6475 4.9765 6.04147 0.1 0 0 7 7 -0 -0 0 0 4.82672e-310 4.82672e-310 0 0
100 289 2.6475 4.9765 6.04147 0.1 0 0 7 7 2.39725e-05 1.29653e-05 0 0 4.82672e-310 4.82672e-310 0 0
100 298 2.6475 4.9765 6.04147 0.1 0 0 7 7 0.000657811 0.0263149 0 0 4.82672e-310 4.82672e-310 0 0
108.287 293.482 2.6475 4.9765 6.04147 0.1 0 0 7 15 -6.7194e-10 8.18831e-11 0 0 4.82672e-310 4.82672e-310 0 0
116.706 289.214 2.6475 4.9765 6.04147 600 0 784 7 13 -1.06047e-07 -2.05646e-07 0 0 0.983506 -0.180877 0 0
125.124 284.943 2.6475 4.9765 6.04147 600 0 829 7 15 -2.07349e-07 -4.03191e-07 0 0 0.998508 -0.0546056 0 0
133.539 280.667 2.6475 4.9765 6.04147 600 0 1370 7 13 -3.00763e-07 -5.84921e-07 0 0 0.886379 -0.462961 0 0
141.95 276.384 2.6475 4.9765 6.04147 600 0 1415 7 13 -3.82965e-07 -7.44247e-07 0 0 0.710542 -0.703654 0 0
150.357 272.092 2.6475 4.9765 6.04147 600 0 1460 7 13 -4.51341e-07 -8.76062e-07 0 0 0.783068 -0.621936 0 0
158.758 267.788 2.6475 4.9765 6.04147 600 0 1505 7 13 -5.04161e-07 -9.77086e-07 0 0 0.741946 -0.67046 0 0
167.153 263.473 2.6475 4.9765 6.04147 600 0 1550 7 13 -5.407e-07 -1.04608e-06 0 0 0.730896 -0.682489 0 0
175.541 259.145 2.6475 4.9765 6.04147 600 0 1595 7 13 -5.61287e-07 -1.08389e-06 0 0 0.621018 -0.783796 0 0
183.922 254.804 2.6475 4.9765 6.04147 600 0 1640 7 13 -5.67269e-07 -1.09336e-06 0 0 0.619647 -0.784881 0 0
192.297 250.449 2.6475 4.9765 6.04147 600 0 1685 7 13 -5.60872e-07 -1.07898e-06 0 0 0.60003 -0.799977 0 0
200.664 246.08 2.6475 4.9765 6.04147 600 0 1730 7 13 -5.44977e-07 -1.04646e-06 0 0 0.728527 -0.685018 0 0
209.025 241.699 2.6475 4.9765 6.04147 600 0 1775 7 13 -5.22813e-07 -1.0021e-06 0 0 0.685207 -0.728348 0 0
217.379 237.305 2.6475 4.9765 6.04147 600 0 1820 7 13 -4.97585e-07 -9.52072e-07 0 0 0.666608 -0.745409 0 0
225.727 232.9 2.6475 4.9765 6.04147 600 0 1865 7 13 -4.72107e-07 -9.01734e-07 0 0 0.589798 -0.807551 0 0
234.069 228.484 2.6475 4.9765 6.04147 600 0 1910 7 13 -4.48451e-07 -8.54997e-07 0 0 0.63078 -0.775962 0 0
242.405 224.057 2.6475 4.9765 6.04147 600 0 1910 7 13 -4.2769e-07 -8.13852e-07 0 0 6.95296e-310 6.95296e-310 0 0
250.737 219.62 2.6475 4.9765 6.04147 600 0 2000 7 13 -4.09772e-07 -7.7816e-07 0 0 0.810344 -0.585954 0 0
259.063 215.173 2.6475 4.9765 6.04147 600 0 2045 7 13 -3.93541e-07 -7.45728e-07 0 0 0.811739 -0.58402 0 0
267.384 210.717 2.6475 4.9765 6.04147 600 0 2090 7 13 -3.76944e-07 -7.12693e-07 0 0 0.814796 -0.579747 0 0
275.7 206.253 2.6475 4.9765 6.04147 600 0 2135 7 13 -3.57363e-07 -6.74184e-07 0 0 0.848218 -0.529648 0 0
284.012 201.78 2.6475 4.9765 6.04147 600 0 2180 7 13 -3.32076e-07 -6.25161e-07 0 0 0.847969 -0.530045 0 0
292.32 197.299 2.6475 4.9765 6.04147 600 0 2225 7 13 -2.98735e-07 -5.61311e-07 0 0 0.851253 -0.524755 0 0
300.624 192.812 2.6475 4.9765 6.04147 600 0 2270 7 13 -2.55818e-07 -4.79865e-07 0 0 0.868279 -0.496076 0 0
308.925 188.318 2.6475 4.9765 6.04147 600 0 2315 7 15 -2.02955e-07 -3.80184e-07 0 0 0.858417 -0.512953 0 0
317.224 183.82 2.6475 4.9765 6.04147 600 0 2855 7 13 -1.41083e-07 -2.64017e-07 0 0 0.828238 -0.560377 0 0
325.52 179.319 2.6475 4.9765 6.04147 600 0 2855 7 13 -7.2382e-08 -1.35368e-07 0 0 0.863038 -0.505139 0 0
333.816 174.816 2.6475 4.9765 6.04147 600 0 50 7 10 -0.000233411 0.000251677 0 0 0.872509 -0.488598 0 0
340.428 181.528 2.6475 4.9765 6.04147 600 0 2848 7 14 -8.99386e-07 8.85562e-07 0 0 0.872509 -0.488598 0 0
342.946 172.449 2.6475 4.9765 6.04147 600 0 2495 7 15 1.78912e-07 1.18405e-06 0 0 0.921166 -0.389169 0 0
352.088 170.132 2.6475 4.9765 6.04147 600 0 2540 7 13 2.67507e-07 2.03648e-06 0 0 0.948419 -0.31702 0 0
361.241 167.857 2.6475 4.9765 6.04147 600 0 2585 7 13 3.63847e-07 2.9354e-06 0 0 0.940255 -0.340471 0 0
370.409 165.641 2.6475 4.9765 6.04147 600 0 2630 7 13 5.21073e-07 4.11018e-06 0 0 0.976028 -0.217644 0 0
379.596 163.509 2.6475 4.9765 6.04147 600 0 2675 7 13 7.62936e-07 5.69616e-06 0 0 0.913959 -0.405806 0 0
388.81 161.493 2.6475 4.9765 6.04147 600 0 2720 7 13 1.0733e-06 7.689e-06 0 0 0.882204 -0.470867 0 0
398.057 159.637 2.6475 4.9765 6.04147 600 0 2765 7 13 1.38561e-06 9.86588e-06 0 0 0.968989 -0.247105 0 0
407.343 157.986 2.6475 4.9765 6.04147 600 0 2810 7 13 1.58071e-06 1.16593e-05 0 0 0.946594 -0.322429 0 0
416.668 156.579 2.6475 4.9765 6.04147 600 0 2855 7 15 1.53209e-06 1.21515e-05 0 0 0.970944 -0.239305 0 0
426.029 155.427 2.6475 4.9765 6.04147 600 0 3395 7 13 1.19435e-06 1.04004e-05 0 0 0.994402 -0.10566 0 0
435.414 154.494 2.6475 4.9765 6.04147 600 0 3395 7 13 6.42792e-07 6.07958e-06 0 0 0.996516 -0.0833978 0 0
444.811 153.688 2.6475 4.9765 6.04147 600 0 51 7 10 0.000509637 -0.000226028 0 0 0.996445 -0.0842433 0 0
447.23 144.583 2.6475 4.9765 6.04147 600 0 3388 7 14 -6.78843e-06 -8.54483e-07 0 0 0.970358 -0.241671 0 0
453.925 151.211 2.6475 4.9765 6.04147 600 0 3035 7 15 -3.90839e-06 -1.04133e-05 0 0 0.990914 -0.1345 0 0
462.994 148.571 2.6475 4.9765 6.04147 600 0 3080 7 13 3.87584e-05 7.71344e-05 0 0 0.990657 -0.136376 0 0
472.252 146.704 2.6475 4.9765 6.04147 600 0 3125 7 13 1.43635e-05 2.24075e-05 0 0 0.987466 -0.15783 0 0
481.554 145.065 2.6475 4.9765 6.04147 600 0 3170 7 13 4.32529e-05 3.85355e-05 0 0 0.994949 -0.100377 0 0
490.919 143.829 2.6475 4.9765 6.04147 600 0 3215 7 13 2.21972e-05 3.88138e-05 0 0 0.993361 -0.115035 0 0
500.326 142.957 2.6475 4.9765 6.04147 600 0 3260 7 13 5.33105e-05 3.11666e-05 0 0 0.986436 -0.164147 0 0
509.756 142.387 2.6475 4.9765 6.04147 600 0 3305 7 13 2.93513e-05 3.89955e-05 0 0 0.994489 0.104845 0 0
519.202 142.151 2.6475 4.9765 6.04147 600 0 3350 7 13 6.05258e-05 5.36393e-06 0 0 0.998422 -0.0561558 0 0
528.65 141.972 2.6475 4.9765 6.04147 600 0 3395 7 13 4.01913e-05 9.02712e-05 0 0 0.992837 -0.119481 0 0
538.088 142.475 2.6475 4.9765 6.04147 600 0 3440 7 13 7.47086e-05 -7.34572e-05 0 0 0.999157 0.0410483 0 0
547.54 142.435 2.6475 4.9765 6.04147 600 0 3485 7 13 6.11725e-05 0.00016642 0 0 0.999094 0.0425528 0 0
556.933 143.518 2.6475 4.9765 6.04147 600 0 3485 9 13 9.22551e-05 2.23369e-05 0 0 0.995532 0.0944247 0 0
566.318 144.678 2.6475 4.9765 6.04147 600 0 2175 8 10 8.69513e-05 1.79136e-05 0 0 0.991889 0.127107 0 0
251.297 233.986 2.6475 4.9765 6.04147 600 0 1948 7 14 5.28162e-05 -5.82917e-05 0 0 0.881802 -0.47162 0 0
244.967 240.972 2.6475 4.9765 6.04147 600 0 1948 7 14 -0.000213096 0.000183301 0 0 0.856272 -0.516525 0 0
240.878 249.45 2.6475 4.9765 6.04147 600 0 1903 7 14 0.000475807 -3.50336e-05 0 0 0.864455 -0.50271 0 0
235.577 241.653 2.6475 4.9765 6.04147 600 0 1858 7 14 0.000152763 -0.000368836 0 0 0.920563 -0.390595 0 0
231.46 250.147 2.6475 4.9765 6.04147 600 0 1813 7 14 -0.00085606 0.000355681 0 0 0.882647 -0.470037 0 0
222.24 251.965 2.6475 4.9765 6.04147 600 0 1768 7 14 0.000516099 -0.000268474 0 0 0.921302 -0.388849 0 0
216.985 259.801 2.6475 4.9765 6.04147 600 0 1723 7 14 -0.000250637 0.000250823 0 0 0.883572 -0.468295 0 0
208.513 263.894 2.6475 4.9765 6.04147 600 0 1678 7 14 0.000295923 -0.000218433 0 0 0.799573 -0.600569 0 0
201.562 270.271 2.6475 4.9765 6.04147 600 0 1633 7 14 -0.000284571 0.00031902 0 0 0.863367 -0.504577 0 0
196.183 278.014 2.6475 4.9765 6.04147 600 0 1588 7 14 -0.000374545 0.00038124 0 0 0.828814 -0.559525 0 0
189.886 284.891 2.6475 4.9765 6.04147 600 0 1543 7 14 -0.000102488 -0.00618953 0 0 0.800172 -0.599771 0 0
191.028 294.527 2.6475 4.9765 6.04147 600 0 1498 7 14 0.00788791 0.0108211 0 0 0.831337 -0.555768 0 0
198.38 299.422 2.6475 4.9765 6.04147 600 0 1453 7 14 -0.0191746 -0.0223617 0 0 0.772007 -0.635614 0 0
196.431 309.199 2.6475 4.9765 6.04147 600 0 1408 7 14 -0.0128903 0.00881262 0 0 0.835064 -0.550152 0 0
206.227 306.377 2.6475 4.9765 6.04147 600 0 1009 7 15 0.0341159 0.00991704 0 0 0.921332 -0.388777 0 0
214.755 307.694 2.6475 4.9765 6.04147 600 0 1054 7 13 -0.0210185 -0.00307329 0 0 0.945449 -0.325769 0 0
224.66 308.999 2.6475 4.9765 6.04147 600 0 1099 7 13 0.0138177 0.00168157 0 0 0.910708 -0.413051 0 0
233.778 309.613 2.6475 4.9765 6.04147 600 0 1144 7 13 -0.00104439 -0.000120787 0 0 0.972433 -0.233181 0 0
243.23 309.855 2.6475 4.9765 6.04147 600 0 1189 7 13 -0.000703317 -3.30007e-05 0 0 0.961498 -0.274812 0 0
252.689 309.739 2.6475 4.9765 6.04147 600 0 1234 7 13 0.000616268 -4.03773e-05 0 0 0.931207 -0.36449 0 0
262.099 309.32 2.6475 4.9765 6.04147 600 0 1279 7 13 -0.000543915 1.08795e-05 0 0 0.95688 -0.290485 0 0
271.54 308.636 2.6475 4.9765 6.04147 600 0 1324 7 13 0.000966225 -0.000104477 0 0 0.927903 -0.372821 0 0
280.912 307.732 2.6475 4.9765 6.04147 600 0 1369 7 13 -0.000842656 6.92281e-05 0 0 0.946256 -0.323419 0 0
290.321 306.636 2.6475 4.9765 6.04147 600 0 1414 7 13 0.000813905 -0.000117953 0 0 0.972696 -0.232081 0 0
299.662 305.395 2.6475 4.9765 6.04147 600 0 1459 7 13 -0.000619089 7.20877e-05 0 0 0.9413 -0.337572 0 0
309.029 304.031 2.6475 4.9765 6.04147 600 0 1504 7 13 0.000518541 -8.8301e-05 0 0 0.925884 -0.377809 0 0
318.351 302.582 2.6475 4.9765 6.04147 600 0 1549 7 15 -0.000307635 4.10232e-05 0 0 0.898937 -0.438077 0 0
327.687 301.068 2.6475 4.9765 6.04147 600 0 2308 7 13 0.000253408 -4.69783e-05 0 0 0.863324 -0.504649 0 0
337.002 299.514 2.6475 4.9765 6.04147 600 0 2353 7 13 -8.90775e-05 1.11001e-05 0 0 0.830603 -0.556866 0 0
346.322 297.929 2.6475 4.9765 6.04147 600 0 2398 7 13 9.86565e-05 -2.02509e-05 0 0 0.779255 -0.626707 0 0
355.634 296.32 2.6475 4.9765 6.04147 600 0 2443 7 13 2.25574e-06 -4.5428e-06 0 0 0.719513 -0.694479 0 0
364.943 294.681 2.6475 4.9765 6.04147 600 0 2488 7 13 3.8564e-05 -1.30259e-05 0 0 0.77187 -0.635781 0 0
374.245 292.998 2.6475 4.9765 6.04147 600 0 2533 7 13 1.43671e-05 -1.22676e-05 0 0 0.755129 -0.655576 0 0
383.535 291.25 2.6475 4.9765 6.04147 600 0 2578 7 13 2.51985e-05 -1.89004e-05 0 0 0.815671 -0.578516 0 0
392.808 289.408 2.6475 4.9765 6.04147 600 0 2623 7 13 -1.26418e-06 -1.88156e-05 0 0 0.783612 -0.621251 0 0
402.055 287.439 2.6475 4.9765 6.04147 600 0 2668 7 13 2.58473e-05 -3.01809e-05 0 0 0.868925 -0.494944 0 0
411.267 285.313 2.6475 4.9765 6.04147 600 0 2713 7 13 -1.71864e-05 -2.49076e-05 0 0 0.845139 -0.534547 0 0
420.435 283.001 2.6475 4.9765 6.04147 600 0 2758 7 13 1.48142e-05 -3.8747e-05 0 0 0.897429 -0.441159 0 0
429.546 280.471 2.6475 4.9765 6.04147 600 0 2803 7 15 3.71442e-06 -4.29186e-05 0 0 0.902092 -0.431544 0 0
438.58 277.687 2.6475 4.9765 6.04147 600 0 3346 7 13 -0.000103271 -2.19591e-05 0 0 0.873686 -0.48649 0 0
447.52 274.554 2.6475 4.9765 6.04147 600 0 3391 7 13 0.000764183 -0.00024183 0 0 0.853321 -0.521386 0 0
456.453 271.536 2.6475 4.9765 6.04147 600 0 3391 7 13 -0.00114742 0.000330972 0 0 6.95296e-310 6.95296e-310 0 0
465.299 267.998 2.6475 4.9765 6.04147 600 0 3436 7 13 0.00252919 -0.000522391 0 0 6.95296e-310 6.95296e-310 0 0
474.379 265.649 2.6475 4.9765 6.04147 600 0 3481 9 13 -0.00338765 0.000398449 0 0 0.91953 -0.39302 0 0
483.849 266.802 2.6475 4.9765 6.04147 600 0 199 8 10 0.00155861 0.000788765 0 0 0.905504 -0.424337 0 0
479.46 275.348 2.6475 4.9765 6.04147 600 0 3474 9 14 -0.00407656 0.00499706 0 0 0.905504 -0.424337 0 0
473.846 282.299 2.6475 4.9765 6.04147 600 0 3474 7 14 0.0248758 -0.0144119 0 0 0.906202 -0.422844 0 0
463.78 281.303 2.6475 4.9765 6.04147 600 0 3429 7 14 -0.0181059 -0.000193695 0 0 0.99334 -0.115217 0 0
458.341 288.893 2.6475 4.9765 6.04147 600 0 3384 7 14 0.016369 -0.0224543 0 0 0.971318 -0.237785 0 0
467.352 290.552 2.6475 4.9765 6.04147 600 0 2983 7 15 -0.0166793 0.0273984 0 0 0.942242 -0.334934 0 0
480.046 292.203 2.6475 4.9765 6.04147 600 0 3028 7 13 5.61054e-05 -3.76253e-05 0 0 0.922051 -0.387068 0 0
488.31 287.679 2.6475 4.9765 6.04147 600 0 3073 7 13 9.85646e-05 7.71405e-05 0 0 0.957522 -0.288361 0 0
496.888 291.582 2.6475 4.9765 6.04147 600 0 3073 7 13 8.56392e-05 8.5932e-06 0 0 6.95296e-310 6.95296e-310 0 0
505.88 294.413 2.6475 4.9765 6.04147 600 0 3163 7 13 0.000144851 6.33929e-05 0 0 0.998125 -0.0612118 0 0
514.739 297.638 2.6475 4.9765 6.04147 600 0 3208 7 13 4.56545e-05 3.4375e-05 0 0 0.988888 -0.148661 0 0
523.475 301.2 2.6475 4.9765 6.04147 600 0 3208 7 13 0.000162102 9.08436e-05 0 0 6.95296e-310 6.95296e-310 0 0
532.073 305.079 2.6475 4.9765 6.04147 600 0 3253 7 13 2.65854e-05 4.50631e-05 0 0 6.95296e-310 6.95296e-310 0 0
540.494 309.346 2.6475 4.9765 6.04147 600 0 3343 7 13 0.000148128 0.000133292 0 0 0.999486 0.0320586 0 0
548.64 314.113 2.6475 4.9765 6.04147 600 0 3388 7 13 2.0746e-06 9.39556e-05 0 0 0.983223 0.182406 0 0
556.344 319.578 2.6475 4.9765 6.04147 600 0 3433 7 13 0.000111699 0.00018606 0 0 0.994806 0.101792 0 0
563.818 325.353 2.6475 4.9765 6.04147 600 0 3478 7 13 4.69228e-05 6.67236e-05 0 0 0.958799 0.284086 0 0
570.606 331.932 2.6475 4.9765 6.04147 600 0 3478 9 13 0.000207742 3.02289e-05 0 0 0.861361 0.507993 0 0
577.935 337.905 2.6475 4.9765 6.04147 600 0 1237 8 10 0.000254686 -0.00010112 0 0 0.861508 0.507743 0 0
560.498 338.164 2.6475 4.9765 6.04147 600 0 3471 7 14 -6.14368e-05 -5.89389e-06 0 0 0.788195 0.615426 0 0
551.119 337.259 2.6475 4.9765 6.04147 600 0 3471 7 14 -2.87593e-05 -0.000259464 0 0 0.749645 0.66184 0 0
548.071 328.337 2.6475 4.9765 6.04147 600 0 3426 7 14 -0.000665212 -5.20332e-05 0 0 0.792098 0.610394 0 0
539.373 324.673 2.6475 4.9765 6.04147 600 0 3381 7 14 -0.000405065 -0.000385962 0 0 0.807394 0.590012 0 0
531.286 319.779 2.6475 4.9765 6.04147 600 0 3336 7 14 -0.000511605 -0.00012252 0 0 0.84943 0.527701 0 0
522.805 315.591 2.6475 4.9765 6.04147 600 0 3291 7 14 -0.00024056 4.41549e-05 0 0 0.8829 0.469562 0 0
514.052 312.013 2.6475 4.9765 6.04147 600 0 3246 7 14 0.000424995 0.000295529 0 0 0.913166 0.407588 0 0
505.021 309.063 2.6475 4.9765 6.04147 600 0 3201 7 14 -0.00135578 -0.000203775 0 0 0.914562 0.404446 0 0
495.837 306.839 2.6475 4.9765 6.04147 600 0 3156 7 14 0.000607933 0.000446583 0 0 0.949399 0.314073 0 0
488.708 300.564 2.6475 4.9765 6.04147 600 0 3111 7 14 -0.000963594 -0.00119569 0 0 0.994708 0.102742 0 0
486.788 309.751 2.6475 4.9765 6.04147 600 0 3066 7 14 -0.0019774 -0.000348468 0 0 0.955938 0.29357 0 0
480.201 303.708 2.6475 4.9765 6.04147 600 0 3021 7 14 0.022658 0.0110315 0 0 0.977717 0.209927 0 0
471.037 298.817 2.6475 4.9765 6.04147 600 0 2976 7 14 -0.02773 -0.0176072 0 0 0.983716 0.17973 0 0
462.236 298.042 2.6475 4.9765 6.04147 600 0 2931 7 14 0.0311944 0.00519484 0 0 0.99044 0.137944 0 0
451.779 296.954 2.6475 4.9765 6.04147 600 0 2886 7 14 -0.0306193 0.00749894 0 0 0.999266 0.0383059 0 0
443.109 297.606 2.6475 4.9765 6.04147 600 0 2841 7 14 0.0140505 -0.00141459 0 0 0.999526 -0.0307983 0 0
433.385 298.757 2.6475 4.9765 6.04147 600 0 2796 7 14 -0.00761337 0.000848327 0 0 0.999483 0.0321576 0 0
424.155 299.571 2.6475 4.9765 6.04147 600 0 2751 7 14 0.00137481 -0.000121717 0 0 0.999983 0.00574638 0 0
414.745 300.405 2.6475 4.9765 6.04147 600 0 2706 7 14 0.000781759 -7.34987e-05 0 0 0.992038 -0.125941 0 0
405.288 301.409 2.6475 4.9765 6.04147 600 0 2661 7 14 -0.00339153 0.000463143 0 0 0.977925 -0.208955 0 0
396.047 302.692 2.6475 4.9765 6.04147 600 0 2616 7 14 0.00421698 -0.000636476 0 0 0.975351 -0.22066 0 0
386.578 304.46 2.6475 4.9765 6.04147 600 0 2571 7 14 -0.00613133 0.00144471 0 0 0.95662 -0.291338 0 0
377.503 306.697 2.6475 4.9765 6.04147 600 0 2526 7 14 0.00341976 -0.000687279 0 0 0.928561 -0.37118 0 0
368.399 309.8 2.6475 4.9765 6.04147 600 0 2481 7 14 -0.00296055 0.00194506 0 0 0.902774 -0.430116 0 0
360.213 314.238 2.6475 4.9765 6.04147 600 0 2436 7 14 0.00677094 -0.00392524 0 0 0.922771 -0.385349 0 0
352.071 319.741 2.6475 4.9765 6.04147 600 0 2391 7 14 -0.00716957 0.0123459 0 0 0.851827 -0.523824 0 0
344.498 324.796 2.6475 4.9765 6.04147 600 0 2346 7 14 0.0116714 -0.000588768 0 0 0.86623 -0.499645 0 0
352.631 328.79 2.6475 4.9765 6.04147 600 0 1729 7 15 -0.0103709 -0.0134591 0 0 0.966446 -0.25687 0 0
360.178 335.25 2.6475 4.9765 6.04147 600 0 1774 7 13 0.00852802 0.00661017 0 0 0.997897 -0.0648263 0 0
367.649 340.639 2.6475 4.9765 6.04147 600 0 1819 7 13 -0.00503329 -0.00360184 0 0 0.997646 0.0685704 0 0
376.108 345.349 2.6475 4.9765 6.04147 600 0 1864 7 13 0.00510603 0.00255701 0 0 0.999237 -0.039061 0 0
384.439 349.501 2.6475 4.9765 6.04147 600 0 1909 7 13 -0.00551215 -0.00275065 0 0 0.99421 -0.107454 0 0
392.991 353.805 2.6475 4.9765 6.04147 600 0 1954 7 13 0.00120983 0.000588443 0 0 0.982367 -0.186961 0 0
401.541 357.819 2.6475 4.9765 6.04147 600 0 1999 7 13 0.00150534 0.000962148 0 0 0.998419 0.0562042 0 0
409.643 362.601 2.6475 4.9765 6.04147 600 0 2044 7 13 -0.00125624 -0.000915035 0 0 0.995223 -0.0976253 0 0
418.497 366.016 2.6475 4.9765 6.04147 600 0 2089 7 13 0.000824583 -0.00038221 0 0 0.996932 -0.0782716 0 0
427.212 369.365 2.6475 4.9765 6.04147 600 0 2134 7 13 -0.00454543 -0.00275677 0 0 0.982428 -0.186639 0 0
435.571 374.379 2.6475 4.9765 6.04147 600 0 2179 7 13 0.0112544 0.00574668 0 0 0.998969 0.0454068 0 0
443.622 377.914 2.6475 4.9765 6.04147 600 0 2224 7 13 -0.0229613 -0.0239849 0 0 0.998599 0.0529077 0 0
453.515 376.796 2.6475 4.9765 6.04147 600 0 2269 7 13 0.00146435 -0.011348 0 0 0.999743 -0.022666 0 0
459.469 384.765 2.6475 4.9765 6.04147 600 0 2314 7 13 0.026836 0.0024361 0 0 0.999951 -0.00989107 0 0
468.084 386.367 2.6475 4.9765 6.04147 600 0 2359 7 13 -0.024504 -0.00572107 0 0 0.966884 0.255216 0 0
477.896 388.937 2.6475 4.9765 6.04147 600 0 2404 7 13 0.0188791 0.00486185 0 0 0.972813 0.23159 0 0
486.523 390.908 2.6475 4.9765 6.04147 600 0 2449 7 13 -0.00990689 -0.00239843 0 0 0.979364 0.202106 0 0
496.101 393.274 2.6475 4.9765 6.04147 600 0 2494 7 13 0.0152112 0.00311743 0 0 0.989041 0.147641 0 0
504.617 394.728 2.6475 4.9765 6.04147 600 0 2539 7 13 -0.0337329 -0.00645699 0 0 0.976473 0.21564 0 0
513.883 390.404 2.6475 4.9765 6.04147 600 0 2584 7 13 0.0124445 -0.0148023 0 0 0.967813 0.25167 0 0
513.451 400.537 2.6475 4.9765 6.04147 600 0 2629 7 13 0.022263 0.0268458 0 0 0.978999 0.203867 0 0
518.423 407.648 2.6475 4.9765 6.04147 600 0 2674 7 13 -0.0089763 -0.00946191 0 0 0.945031 0.326982 0 0
527.748 410.331 2.6475 4.9765 6.04147 600 0 2719 7 15 0.00559409 0.00135852 0 0 0.968925 0.247354 0 0
536.315 406.591 2.6475 4.9765 6.04147 600 0 3260 7 13 0.000249812 0.00081114 0 0 0.998428 0.0560501 0 0
545.654 407.96 2.6475 4.9765 6.04147 600 0 3260 7 13 -0.000311573 -9.22586e-05 0 0 0.999569 0.0293653 0 0
555.055 408.951 2.6475 4.9765 6.04147 600 0 52 7 10 -9.9916e-05 0.000461503 0 0 0.995602 0.0936845 0 0
554.959 418.372 2.6475 4.9765 6.04147 600 0 3253 7 14 -3.30778e-06 -5.2466e-08 0 0 0.974652 0.223728 0 0
563.18 413.772 2.6475 4.9765 6.04147 600 0 2899 7 15 -8.24605e-06 -1.0365e-05 0 0 0.983255 0.182237 0 0
571.312 418.58 2.6475 4.9765 6.04147 600 0 2944 7 13 2.74675e-05 -9.84161e-05 0 0 0.99461 0.103689 0 0
579.846 422.631 2.6475 4.9765 6.04147 600 0 2989 7 13 -1.29873e-05 -3.58885e-05 0 0 0.999714 0.0239223 0 0
588.481 426.462 2.6475 4.9765 6.04147 600 0 3034 7 13 -1.94676e-05 -5.9308e-05 0 0 0.997788 -0.066474 0 0
597.279 429.896 2.6475 4.9765 6.04147 600 0 3079 7 13 -2.92153e-05 -4.94699e-05 0 0 0.97844 -0.20653 0 0
606.196 433.005 2.6475 4.9765 6.04147 600 0 3124 7 13 -4.85291e-05 -4.67169e-05 0 0 0.890833 -0.454331 0 0
615.204 435.838 2.6475 4.9765 6.04147 600 0 3169 7 13 -5.04824e-05 -3.80678e-05 0 0 0.89735 -0.441319 0 0
624.278 438.445 2.6475 4.9765 6.04147 600 0 3214 7 13 -7.10918e-05 -3.47991e-05 0 0 0.451687 -0.892176 0 0
633.395 440.889 2.6475 4.9765 6.04147 600 0 3259 7 13 -6.29051e-05 -3.78199e-05 0 0 0.98887 -0.148784 0 0
642.577 443.071 2.6475 4.9765 6.04147 600 0 3304 7 13 -8.94591e-05 -2.31546e-06 0 0 0.868306 -0.496029 0 0
651.689 445.522 2.6475 4.9765 6.04147 600 0 3349 7 13 -4.99038e-05 -0.000109481 0 0 0.525959 -0.85051 0 0
661.081 446.402 2.6475 4.9765 6.04147 600 0 3394 7 13 -8.29435e-05 0.000124547 0 0 0.720446 -0.693511 0 0
669.904 449.739 2.6475 4.9765 6.04147 600 0 3439 7 13 5.75376e-05 -0.000222857 0 0 0.738942 -0.673769 0 0
679.299 448.894 2.6475 4.9765 6.04147 600 0 3484 7 13 0.000112556 0.000404844 0 0 0.488907 -0.872336 0 0
687.522 453.526 2.6475 4.9765 6.04147 600 0 3484 9 13 0.000388961 -8.1088e-05 0 0 0.862042 -0.506837 0 0
694.143 460.272 2.6475 4.9765 6.04147 0.1 0 2761 8 10 0.000236717 7.11853e-05 0 0 0.967851 0.251525 1 0
685.534 464.203 2.6475 4.9765 6.04147 600 0 3484 9 14 0.00013782 -0.00012835 0 0 0.89168 0.452665 0 0
676.083 463.985 2.6475 4.9765 6.04147 600 0 3484 7 14 0.000148673 -0.000210129 0 0 0.629396 0.777085 0 0
666.811 462.15 2.6475 4.9765 6.04147 600 0 3439 7 14 5.25182e-05 0.000183173 0 0 0.154845 0.987939 0 0
657.375 461.668 2.6475 4.9765 6.04147 600 0 3394 7 14 9.48813e-05 -0.000253593 0 0 0.181172 0.983451 0 0
648.305 459.023 2.6475 4.9765 6.04147 600 0 3349 7 14 -2.40565e-05 6.11551e-05 0 0 0.700095 0.714049 0 0
639.098 456.906 2.6475 4.9765 6.04147 600 0 3304 7 14 2.25192e-05 1.04254e-05 0 0 0.46801 0.883723 0 0
629.881 454.832 2.6475 4.9765 6.04147 600 0 3259 7 14 -6.14844e-06 5.42609e-06 0 0 -0.0988025 0.995107 0 0
620.653 452.814 2.6475 4.9765 6.04147 600 0 3214 7 14 4.62705e-05 -4.98773e-05 0 0 0.441071 0.897472 0 0
611.548 450.292 2.6475 4.9765 6.04147 600 0 3169 7 14 2.6409e-05 -3.02193e-05 0 0 -0.203868 0.978998 0 0
602.537 447.459 2.6475 4.9765 6.04147 600 0 3124 7 14 1.85721e-05 -8.62791e-06 0 0 0.50294 0.864322 0 0
593.567 444.506 2.6475 4.9765 6.04147 600 0 3079 7 14 9.41376e-05 2.92314e-05 0 0 0.475085 0.87994 0 0
584.599 441.536 2.6475 4.9765 6.04147 600 0 3034 7 14 -9.32554e-05 -2.10801e-05 0 0 0.604007 0.796979 0 0
575.614 438.65 2.6475 4.9765 6.04147 600 0 2989 7 14 0.000290298 9.95589e-05 0 0 0.941812 0.336139 0 0
566.59 435.833 2.6475 4.9765 6.04147 600 0 2944 7 14 -0.000357984 -0.000109976 0 0 0.946154 0.323718 0 0
557.59 433.039 2.6475 4.9765 6.04147 600 0 2899 7 14 0.000652626 0.000198109 0 0 0.899445 0.437034 0 0
548.581 430.14 2.6475 4.9765 6.04147 600 0 2854 7 14 -0.000774485 -0.000286014 0 0 0.91459 0.404382 0 0
539.71 427.007 2.6475 4.9765 6.04147 600 0 2809 7 14 0.00104165 0.000361155 0 0 0.929181 0.369625 0 0
530.931 423.445 2.6475 4.9765 6.04147 600 0 2764 7 14 -0.000966037 -0.000627547 0 0 0.905281 0.424813 0 0
522.95 418.483 2.6475 4.9765 6.04147 600 0 2719 7 14 0.00121873 0.000398695 0 0 0.818258 0.574851 0 0
513.484 417.98 2.6475 4.9765 6.04147 600 0 2674 7 14 -0.00127362 -0.000549716 0 0 0.836737 0.547605 0 0
504.825 414.337 2.6475 4.9765 6.04147 600 0 2629 7 14 0.00120155 0.00051167 0 0 0.828117 0.560555 0 0
495.923 411.084 2.6475 4.9765 6.04147 600 0 2584 7 14 -0.00101288 -0.00038861 0 0 0.855072 0.518509 0 0
487.135 407.728 2.6475 4.9765 6.04147 600 0 2539 7 14 0.000756795 0.000290206 0 0 0.795788 0.605575 0 0
478.271 404.372 2.6475 4.9765 6.04147 600 0 2494 7 14 -0.00122382 -0.000461902 0 0 0.861803 0.507243 0 0
469.457 401.043 2.6475 4.9765 6.04147 600 0 2449 7 14 0.00047665 0.000156434 0 0 0.784122 0.620607 0 0
460.942 397.601 2.6475 4.9765 6.04147 600 0 2404 7 14 0.0121601 0.00279435 0 0 0.955563 0.294786 0 0
451.217 395.364 2.6475 4.9765 6.04147 600 0 2359 7 15 -0.019846 -0.0115002 0 0 0.966884 0.255216 0 0
449.538 386.468 2.6475 4.9765 6.04147 600 0 2738 7 13 -0.0100923 0.0433876 0 0 0.973075 0.23049 0 0
442.59 392.202 2.6475 4.9765 6.04147 600 0 49 7 10 0.014063 -0.00391217 0 0 0.664712 0.747099 0 0
435.006 386.619 2.6475 4.9765 6.04147 600 0 2745 7 14 0.000613311 0.00043514 0 0 0.928724 0.370773 0 0
427.008 381.565 2.6475 4.9765 6.04147 600 0 2745 7 14 -0.00094352 -0.000798198 0 0 0.905376 0.424611 0 0
419.978 375.347 2.6475 4.9765 6.04147 600 0 2179 7 15 0.000477542 0.00168129 0 0 0.887379 0.461041 0 0
410.553 375.607 2.6475 4.9765 6.04147 600 0 2134 7 14 0.000253319 4.32114e-05 0 0 0.804094 0.594502 0 0
401.844 371.955 2.6475 4.9765 6.04147 600 0 2089 7 14 -0.000841865 -0.00029699 0 0 0.858997 0.511981 0 0
392.957 368.912 2.6475 4.9765 6.04147 600 0 2044 7 14 0.00106491 0.000371349 0 0 0.896738 0.442562 0 0
384.049 365.684 2.6475 4.9765 6.04147 600 0 1999 7 14 -0.00154577 -0.000541169 0 0 0.824415 0.565986 0 0
375.195 362.615 2.6475 4.9765 6.04147 600 0 1954 7 14 0.0018797 0.000645839 0 0 0.851545 0.524281 0 0
366.194 359.572 2.6475 4.9765 6.04147 600 0 1909 7 14 -0.00220134 -0.000728611 0 0 0.927519 0.373776 0 0
357.309 356.659 2.6475 4.9765 6.04147 600 0 1864 7 14 0.00244335 0.000781989 0 0 0.862623 0.505847 0 0
348.216 353.867 2.6475 4.9765 6.04147 600 0 1819 7 14 -0.00234661 -0.000716918 0 0 0.889053 0.457805 0 0
339.272 351.142 2.6475 4.9765 6.04147 600 0 1774 7 14 0.00221752 0.000622848 0 0 0.898563 0.438845 0 0
330.037 348.946 2.6475 4.9765 6.04147 600 0 1729 7 14 -0.00161609 -0.000428412 0 0 0.943864 0.330334 0 0
321.034 346.322 2.6475 4.9765 6.04147 600 0 1684 7 14 0.00112026 0.000264061 0 0 0.878327 0.478061 0 0
311.612 345.61 2.6475 4.9765 6.04147 600 0 1639 7 14 -0.000387585 -4.9271e-05 0 0 0.906782 0.4216 0 0
302.536 343.101 2.6475 4.9765 6.04147 600 0 1594 7 14 -9.36294e-05 5.84236e-05 0 0 0.924219 0.381862 0 0
293.244 344.575 2.6475 4.9765 6.04147 600 0 1549 7 14 0.000643503 -0.000121938 0 0 0.963564 0.26748 0 0
283.986 346.451 2.6475 4.9765 6.04147 600 0 1504 7 14 -0.000912326 0.000161604 0 0 0.937049 0.349198 0 0
274.703 347.846 2.6475 4.9765 6.04147 600 0 1459 7 15 0.000933 -0.000917204 0 0 0.960477 0.27836 0 0
266.797 353.031 2.6475 4.9765 6.04147 600 0 1896 7 13 -0.000887296 0.000133487 0 0 0.915701 0.401861 0 0
275.235 357.292 2.6475 4.9765 6.04147 600 0 1941 7 13 0.000544068 0.00141011 0 0 0.819912 0.572489 0 0
276.914 366.526 2.6475 4.9765 6.04147 600 0 1986 7 13 -0.000203373 -0.000827285 0 0 0.741532 0.670917 0 0
281.671 374.689 2.6475 4.9765 6.04147 600 0 2031 7 13 0.000310448 0.000469115 0 0 0.787684 0.616079 0 0
287.027 382.43 2.6475 4.9765 6.04147 600 0 2076 7 13 -0.00012629 -0.000168918 0 0 0.864418 0.502773 0 0
292.095 390.388 2.6475 4.9765 6.04147 600 0 2121 7 13 0.000133228 0.000126455 0 0 0.843688 0.536834 0 0
298.046 397.695 2.6475 4.9765 6.04147 600 0 2166 7 13 -4.15934e-05 -4.58104e-05 0 0 0.849686 0.527288 0 0
303.928 405.069 2.6475 4.9765 6.04147 600 0 2211 7 13 8.23921e-05 6.59775e-05 0 0 0.871254 0.490832 0 0
310.202 412.106 2.6475 4.9765 6.04147 600 0 2256 7 13 -8.61425e-06 -2.27754e-05 0 0 0.850925 0.525287 0 0
316.631 419.007 2.6475 4.9765 6.04147 600 0 2301 7 13 4.42958e-05 2.47065e-05 0 0 0.902262 0.431188 0 0
323.293 425.681 2.6475 4.9765 6.04147 600 0 2346 7 13 -4.74373e-06 -2.0467e-05 0 0 0.875108 0.483927 0 0
330.126 432.182 2.6475 4.9765 6.04147 600 0 2391 7 13 1.53988e-05 -6.06624e-07 0 0 0.910057 0.414482 0 0
337.118 438.51 2.6475 4.9765 6.04147 600 0 2436 7 13 -1.24029e-05 -2.32621e-05 0 0 0.854256 0.519853 0 0
344.244 444.688 2.6475 4.9765 6.04147 600 0 2481 7 13 -4.95806e-06 -2.1096e-05 0 0 0.884469 0.4666 0 0
351.562 450.636 2.6475 4.9765 6.04147 600 0 2526 7 13 -1.49222e-05 -3.72218e-05 0 0 0.919907 0.392136 0 0
359.184 456.187 2.6475 4.9765 6.04147 600 0 2571 7 13 -5.08459e-05 4.86622e-06 0 0 0.914183 0.405302 0 0
365.783 462.922 2.6475 4.9765 6.04147 600 0 2616 7 15 5.65424e-05 -0.000107622 0 0 0.931991 0.362481 0 0
374.395 466.758 2.6475 4.9765 6.04147 600 0 3119 7 13 -4.1742e-05 4.1584e-05 0 0 0.974891 0.222682 0 0
381.241 473.239 2.6475 4.9765 6.04147 600 0 0 7 10 0.00120677 0.000441282 0 0 0.981635 0.19077 0 0
389.527 477.798 2.6475 4.9765 6.04147 600 0 3119 7 14 -5.15092e-05 2.0546e-05 0 0 0.965096 0.261897 0 0
397.891 482.218 2.6475 4.9765 6.04147 600 0 2796 7 15 2.62138e-05 5.17955e-05 0 0 0.984372 0.176102 0 0
406.374 486.401 2.6475 4.9765 6.04147 600 0 2841 7 13 -8.42619e-06 -3.60651e-05 0 0 0.963096 0.26916 0 0
414.933 490.429 2.6475 4.9765 6.04147 600 0 2886 7 13 3.43536e-05 -6.15087e-06 0 0 0.959843 0.280538 0 0
423.542 494.348 2.6475 4.9765 6.04147 600 0 2931 7 13 5.21672e-06 -2.38421e-05 0 0 0.994159 0.107925 0 0
432.21 498.136 2.6475 4.9765 6.04147 600 0 2976 7 13 3.30063e-05 -1.87456e-05 0 0 0.987848 0.155424 0 0
440.948 501.759 2.6475 4.9765 6.04147 600 0 3021 7 13 1.63441e-05 -3.17848e-05 0 0 0.979184 0.202976 0 0
449.765 505.188 2.6475 4.9765 6.04147 600 0 3066 7 13 3.74407e-05 -2.93131e-05 0 0 0.99821 0.0597989 0 0
458.666 508.395 2.6475 4.9765 6.04147 600 0 3111 7 13 2.00261e-05 -4.10261e-05 0 0 0.999721 0.0236182 0 0
467.858 506.236 2.6475 4.9765 6.04147 600 0 3156 7 13 3.64212e-05 -4.10814e-05 0 0 0.996057 0.088712 0 0
465.171 515.243 2.6475 4.9765 6.04147 600 0 3201 7 13 3.75667e-05 -3.49681e-05 0 0 0.994527 0.104484 0 0
474.365 513.079 2.6475 4.9765 6.04147 600 0 3246 7 13 3.39011e-05 -4.15879e-05 0 0 0.997948 0.0640308 0 0
483.572 515.263 2.6475 4.9765 6.04147 600 0 3291 7 13 4.03195e-05 -3.99851e-05 0 0 0.991034 -0.133607 0 0
492.837 517.192 2.6475 4.9765 6.04147 600 0 3336 7 13 4.35122e-05 -4.06523e-05 0 0 0.997112 -0.0759447 0 0
502.152 518.866 2.6475 4.9765 6.04147 600 0 3381 7 13 4.89495e-05 -4.08194e-05 0 0 0.991348 -0.131258 0 0
511.51 520.289 2.6475 4.9765 6.04147 600 0 3426 7 13 5.07244e-05 -2.61523e-05 0 0 0.994169 -0.107838 0 0
520.893 521.544 2.6475 4.9765 6.04147 600 0 3471 7 13 5.30929e-05 2.16011e-06 0 0 0.997689 -0.0679486 0 0
530.281 522.773 2.6475 4.9765 6.04147 600 0 3471 9 13 6.53978e-05 -8.49218e-05 0 0 0.999997 -0.00253749 0 0
539.105 526.234 2.6475 4.9765 6.04147 600 0 1687 8 10 6.15255e-05 -5.50104e-05 0 0 0.998064 -0.0621944 0 0
532.851 533.322 2.6475 4.9765 6.04147 600 0 3478 9 14 2.97738e-05 -7.12534e-05 0 0 0.999997 -0.00253749 0 0
523.646 535.434 2.6475 4.9765 6.04147 600 0 3478 7 14 -1.29418e-05 -0.000410437 0 0 0.99343 0.114441 0 0
514.351 533.751 2.6475 4.9765 6.04147 600 0 3433 7 14 -0.0001445 0.000118537 0 0 0.978731 0.205148 0 0
504.919 533.22 2.6475 4.9765 6.04147 600 0 3388 7 14 -4.42413e-05 -4.81159e-05 0 0 0.991198 0.132387 0 0
495.51 532.333 2.6475 4.9765 6.04147 600 0 3343 7 14 -0.000122436 -3.072e-05 0 0 0.95217 0.305568 0 0
486.116 531.309 2.6475 4.9765 6.04147 600 0 3298 7 14 3.87283e-05 -4.67025e-05 0 0 0.96603 0.258429 0 0
476.764 529.916 2.6475 4.9765 6.04147 600 0 3253 7 14 -0.000104284 -9.47241e-05 0 0 0.979289 0.202467 0 0
467.51 528.006 2.6475 4.9765 6.04147 600 0 3208 7 14 0.00014558 -5.44369e-05 0 0 0.873094 0.487552 0 0
458.39 525.499 2.6475 4.9765 6.04147 600 0 3163 7 14 -0.000118541 -0.000129767 0 0 0.894388 0.447293 0 0
449.465 522.405 2.6475 4.9765 6.04147 600 0 3118 7 14 0.000252919 1.49163e-05 0 0 0.918058 0.396446 0 0
440.721 518.794 2.6475 4.9765 6.04147 600 0 3073 7 14 -0.000184326 -0.000148939 0 0 0.929484 0.368862 0 0
432.175 514.78 2.6475 4.9765 6.04147 600 0 3028 7 14 0.000357418 0.000121986 0 0 0.799597 0.600537 0 0
423.778 510.419 2.6475 4.9765 6.04147 600 0 2983 7 14 -0.000280317 -0.000203427 0 0 0.83974 0.542989 0 0
415.572 505.763 2.6475 4.9765 6.04147 600 0 2938 7 14 0.000466097 0.000225758 0 0 0.746293 0.665618 0 0
407.527 500.778 2.6475 4.9765 6.04147 600 0 2893 7 14 -0.000387801 -0.000287608 0 0 0.809352 0.587324 0 0
399.664 495.576 2.6475 4.9765 6.04147 600 0 2848 7 14 0.000580269 0.000316899 0 0 0.811241 0.584712 0 0
392.211 489.74 2.6475 4.9765 6.04147 600 0 2803 7 14 -0.000601846 -0.000266024 0 0 0.773537 0.633751 0 0
383.883 485.336 2.6475 4.9765 6.04147 600 0 2758 7 14 0.000751157 0.000309397 0 0 0.644924 0.764246 0 0
375.585 480.773 2.6475 4.9765 6.04147 600 0 2713 7 14 -0.000695507 -0.000392991 0 0 0.692837 0.721094 0 0
367.805 475.47 2.6475 4.9765 6.04147 600 0 2668 7 14 0.000715099 0.000553405 0 0 0.74778 0.663947 0 0
359.886 470.273 2.6475 4.9765 6.04147 600 0 2623 7 14 -0.000712244 -0.000556416 0 0 0.804946 0.593349 0 0
352.312 464.688 2.6475 4.9765 6.04147 600 0 2578 7 14 0.00077415 0.000609392 0 0 0.669657 0.742671 0 0
344.537 459.275 2.6475 4.9765 6.04147 600 0 2533 7 14 -0.000785619 -0.000610666 0 0 0.54127 0.840849 0 0
337.029 453.606 2.6475 4.9765 6.04147 600 0 2488 7 14 0.000848479 0.000642579 0 0 0.690352 0.723473 0 0
329.439 447.933 2.6475 4.9765 6.04147 600 0 2443 7 14 -0.000855678 -0.000655723 0 0 0.560153 0.828389 0 0
321.96 442.232 2.6475 4.9765 6.04147 600 0 2398 7 14 0.000899882 0.000684895 0 0 0.614826 0.788663 0 0
314.445 436.459 2.6475 4.9765 6.04147 600 0 2353 7 14 -0.000897125 -0.000690765 0 0 0.679587 0.733595 0 0
306.994 430.724 2.6475 4.9765 6.04147 600 0 2308 7 14 0.000918338 0.000707493 0 0 0.495883 0.86839 0 0
299.468 424.963 2.6475 4.9765 6.04147 600 0 2263 7 14 -0.000907922 -0.00068479 0 0 0.640344 0.768088 0 0
291.968 419.293 2.6475 4.9765 6.04147 600 0 2218 7 14 0.000901545 0.000684166 0 0 0.56653 0.824041 0 0
284.353 413.653 2.6475 4.9765 6.04147 600 0 2173 7 14 -0.000877886 -0.000628659 0 0 0.599748 0.800189 0 0
276.722 408.158 2.6475 4.9765 6.04147 600 0 2128 7 14 0.000841983 0.000611603 0 0 0.653264 0.75713 0 0
268.942 402.756 2.6475 4.9765 6.04147 600 0 2083 7 14 -0.000802379 -0.000526592 0 0 0.643871 0.765134 0 0
261.104 397.551 2.6475 4.9765 6.04147 600 0 2038 7 14 0.000740668 0.000501134 0 0 0.528516 0.848924 0 0
253.093 392.508 2.6475 4.9765 6.04147 600 0 1993 7 14 -0.000687648 -0.000396125 0 0 0.582452 0.812865 0 0
244.989 387.718 2.6475 4.9765 6.04147 600 0 1948 7 14 0.000611342 0.000375487 0 0 0.787597 0.61619 0 0
236.7 383.16 2.6475 4.9765 6.04147 600 0 1903 7 14 -0.000551165 -0.000263926 0 0 0.728412 0.685139 0 0
228.296 378.906 2.6475 4.9765 6.04147 600 0 1858 7 14 0.000477291 0.000260439 0 0 0.845616 0.533791 0 0
219.711 374.948 2.6475 4.9765 6.04147 600 0 1279 7 15 -0.000416995 -0.000153832 0 0 0.980992 0.194046 0 0
211.007 371.335 2.6475 4.9765 6.04147 600 0 1234 7 14 0.000362501 0.000172016 0 0 0.994304 0.106583 0 0
202.144 368.06 2.6475 4.9765 6.04147 600 0 1189 7 14 -0.000305554 -7.79379e-05 0 0 0.988833 0.149028 0 0
193.178 365.15 2.6475 4.9765 6.04147 600 0 1144 7 14 0.00028 0.000112449 0 0 0.974554 0.224154 0 0
184.086 362.593 2.6475 4.9765 6.04147 600 0 1099 7 14 -0.000225899 -3.38242e-05 0 0 0.99217 0.124899 0 0
174.918 360.391 2.6475 4.9765 6.04147 600 0 1054 7 14 0.000227021 7.35235e-05 0 0 0.96495 0.262432 0 0
165.663 358.521 2.6475 4.9765 6.04147 600 0 1009 7 14 -0.00017299 -1.16484e-05 0 0 0.988166 0.153386 0 0
156.364 356.965 2.6475 4.9765 6.04147 600 0 964 7 14 0.000187661 4.61581e-05 0 0 0.996428 0.0844481 0 0
147.011 355.687 2.6475 4.9765 6.04147 600 0 919 7 14 -0.000131935 -1.8744e-06 0 0 0.995284 0.0970067 0 0
137.639 354.653 2.6475 4.9765 6.04147 600 0 874 7 14 0.000142237 2.57158e-05 0 0 0.999566 0.0294652 0 0
128.239 353.815 2.6475 4.9765 6.04147 600 0 829 7 14 -8.69272e-05 1.30875e-06 0 0 0.995214 -0.097716 0 0
118.833 353.129 2.6475 4.9765 6.04147 600 0 784 7 14 7.87103e-05 1.08303e-05 0 0 0.991302 -0.13161 0 0
109.417 352.542 2.6475 4.9765 6.04147 0.1 0 0 7 15 -3.08457e-05 5.09549e-07 0 0 4.82672e-310 4.82672e-310 0 0
100 352 2.6475 4.9765 6.04147 0.1 0 0 7 7 0.000511194 -0.0266441 0 0 4.82672e-310 4.82672e-310 0 0
100 361 2.6475 4.9765 6.04147 0.1 0 0 7 7 -0 -0 0 0 4.82672e-310 4.82672e-310 0 0
100 370 2.6475 4.9765 6.04147 0.1 0 0 7 7 -0 -0 0 0 4.82672e-310 4.82672e-310 0 0
100 379 2.6475 4.9765 6.04147 0.1 0 0 7 7 -0 -0 0 0 4.82672e-310 4.82672e-310 0 0
100 388 2.6475 4.9765 6.04147 0.1 0 0 7 7 -0 -0 0 0 4.82672e-310 4.82672e-310 0 0
100 397 2.6475 4.9765 6.04147 0.1 0 0 7 7 -0 -0 0 0 4.82672e-310 4.82672e-310 0 0
100 406 2.6475 4.9765 6.04147 0.1 0 0 7 7 -0 -0 0 0 4.82672e-310 4.82672e-310 0 0
100 415 2.6475 4.9765 6.04147 0.1 0 0 7 7 -0 -0 0 0 4.82672e-310 4.82672e-310 0 0
100 424 2.6475 4.9765 6.04147 0.1 0 0 7 7 -0 -0 0 0 4.82672e-310 4.82672e-310 0 0
100 433 2.6475 4.9765 6.04147 0.1 0 0 7 7 -0 -0 0 0 4.82672e-310 4.82672e-310 0 0
100 442 2.6475 4.9765 6.04147 0.1 0 0 7 7 -0 -0 0 0 4.82672e-310 4.82672e-310 0 0
100 451 2.6475 4.9765 6.04147 0.1 0 0 7 7 -0 -0 0 0 4.82672e-310 4.82672e-310 0 0
100 460 2.6475 4.9765 6.04147 0.1 0 0 7 7 -0 -0 0 0 4.82672e-310 4.82672e-310 0 0
100 469 2.6475 4.9765 6.04147 0.1 0 0 7 7 -0 -0 0 0 4.82672e-310 4.82672e-310 0 0
100 478 2.6475 4.9765 6.04147 0.1 0 0 7 7 -0 -0 0 0 4.82672e-310 4.82672e-310 0 0
100 487 2.6475 4.9765 6.04147 0.1 0 0 7 7 -0 -0 0 0 6.42967e-310 0 0 0
100 496 2.6475 4.9765 6.04147 0.1 0 0 7 7 -0 -0 0 0 4.82672e-310 6.32404e-322 0 0
100 505 2.6475 4.9765 6.04147 0.1 0 0 7 7 -0 -0 0 0 1.58101e-322 4.82787e-310 0 0
100 514 2.6475 4.9765 6.04147 0.1 0 0 7 7 -0 -0 0 0 4.82672e-310 0 0 0
100 523 2.6475 4.9765 6.04147 0.1 0 0 7 7 -0 -0 0 0 3.16202e-322 4.82787e-310 0 0
100 532 2.6475 4.9765 6.04147 0.1 0 0 7 7 -0 -0 0 0 4.79571e-312 6.09013e-312 0 0
100 541 2.6475 4.9765 6.04147 0.1 0 0 7 7 -0 -0 0 0 1.74899e-321 4.82672e-310 0 0
100 550 2.6475 4.9765 6.04147 0.1 0 0 7 7 -0 -0 0 0 4.20155e-312 7.57552e-312 0 0
100 559 2.6475 4.9765 6.04147 0.1 0 0 7 7 -0 -0 0 0 1.58101e-322 4.82787e-310 0 0
100 568 2.6475 4.9765 6.04147 0.1 0 0 7 7 -0 -0 0 0 4.98457e-311 3.16202e-322 0 0
100 577 2.6475 4.9765 6.04147 0.1 0 0 7 7 -0 -0 0 0 2.06025e-321 4.82672e-310 0 0
100 586 2.6475 4.9765 6.04147 0.1 0 0 7 7 -0 -0 0 0 4.82672e-310 0 0 0
100 595 2.6475 4.9765 6.04147 0.1 0 0 7 7 -0 -0 0 0 1.58101e-322 4.82787e-310 0 0
100 604 2.6475 4.9765 6.04147 0.1 0 0 7 7 -0 -0 0 0 0 5.05923e-321 0 0
100 613 2.6475 4.9765 6.04147 0.1 0 0 7 7 -0 -0 0 0 1.63042e-322 4.82672e-310 0 0
100 622 2.6475 4.9765 6.04147 0.1 0 0 7 7 -0 -0 0 0 4.50288e-311 4.64293e-311 0 0
100 631 2.6475 4.9765 6.04147 0.1 0 0 7 7 -0 -0 0 0 1.63042e-322 4.82672e-310 0 0
100 640 2.6475 4.9765 6.04147 0.1 0 0 7 7 -0 -0 0 0 4.82672e-310 1.58101e-322 0 0
100 649 2.6475 4.9765 6.04147 0.1 0 0 7 7 -0 -0 0 0 9.53547e-322 4.82672e-310 0 0
100 658 2.6475 4.9765 6.04147 0.1 0 0 7 7 4.14599e-16 0.0266735 0 0 0 1.62844e-320 0 0
109.337 659.252 2.6475 4.9765 6.04147 0.1 0 0 7 15 -1.47451e-16 1.12757e-17 0 0 9.53547e-322 4.82672e-310 0 0
118.476 661.543 2.6475 4.9765 6.04147 600 0 1328 7 13 1.52656e-16 -1.08203e-16 0 0 0.997535 0.0701724 0 0
127.851 660.62 2.6475 4.9765 6.04147 600 0 1373 7 13 -0 5.87638e-17 0 0 0.998318 0.0579705 0 0
137.264 661.018 2.6475 4.9765 6.04147 600 0 1373 7 13 1.56125e-17 2.45897e-16 0 0 0.99912 0.0419376 0 0
145.329 665.887 2.6475 4.9765 6.04147 600 0 97 7 10 1.55057e-08 6.76324e-09 0 0 0.99966 0.0260931 1 0
144.271 684.699 2.6475 4.9765 6.04147 600 0 1328 7 14 1.15903e-09 1.1322e-10 0 0 0.996409 0.0846653 0 0
144.8 675.293 2.6475 4.9765 6.04147 600 0 1373 7 14 4.54621e-10 4.0469e-11 0 0 0.99912 0.0419376 0 0
152.682 680.454 2.6475 4.9765 6.04147 600 0 1373 7 14 8.37539e-10 -5.0227e-10 0 0 0.903769 0.42802 0 0
153.21 671.048 2.6475 4.9765 6.04147 600 0 968 7 15 6.79633e-11 -5.30619e-10 0 0 0.974904 0.222627 0 0
162.166 673.972 2.6475 4.9765 6.04147 600 0 1013 7 13 -7.68688e-10 1.74393e-09 0 0 0.961018 0.276487 0 0
170.783 677.781 2.6475 4.9765 6.04147 600 0 1058 7 13 1.04921e-09 -3.13532e-09 0 0 0.991215 0.132257 0 0
179.932 680.026 2.6475 4.9765 6.04147 600 0 1103 7 13 -2.00108e-10 1.6659e-09 0 0 0.989451 0.144871 0 0
188.851 683.06 2.6475 4.9765 6.04147 600 0 1148 7 13 7.52724e-10 -2.14239e-09 0 0 0.984351 0.176217 0 0
198.065 685.022 2.6475 4.9765 6.04147 600 0 1193 7 13 2.04455e-10 9.0653e-11 0 0 0.984028 0.178012 0 0
207.275 687.006 2.6475 4.9765 6.04147 600 0 1238 7 13 -6.20968e-11 -1.89154e-10 0 0 0.999223 -0.0394106 0 0
216.502 688.909 2.6475 4.9765 6.04147 600 0 1283 7 13 2.36448e-10 -2.09668e-09 0 0 0.975866 0.218372 0 0
225.881 689.797 2.6475 4.9765 6.04147 600 0 1328 7 15 -1.78473e-10 -7.49031e-10 0 0 0.966742 0.255752 0 0
235.287 690.326 2.6475 4.9765 6.04147 600 0 1868 7 13 -2.53211e-10 -1.73627e-09 0 0 0.951008 0.309167 0 0
244.702 689.993 2.6475 4.9765 6.04147 600 0 1868 7 13 -3.07001e-10 3.35227e-09 0 0 0.998669 0.0515855 0 0
254.025 691.348 2.6475 4.9765 6.04147 600 0 53 7 10 0.000791707 -2.24638e-05 0 0 0.999953 0.00971907 0 0
258.973 699.364 2.6475 4.9765 6.04147 600 0 1861 7 14 1.30544e-07 -8.05666e-08 0 0 0.810985 0.585067 0 0
263.461 691.081 2.6475 4.9765 6.04147 600 0 1508 7 15 -4.53618e-09 -1.5372e-07 0 0 0.999846 0.0175262 0 0
272.896 690.811 2.6475 4.9765 6.04147 600 0 1553 7 13 -8.55232e-09 -2.86794e-07 0 0 0.960787 0.277287 0 0
282.332 690.537 2.6475 4.9765 6.04147 600 0 1598 7 13 -1.20562e-08 -4.00555e-07 0 0 0.998689 -0.0511855 0 0
291.768 690.258 2.6475 4.9765 6.04147 600 0 1643 7 13 -1.48209e-08 -4.87343e-07 0 0 0.999882 -0.0153732 0 0
301.203 689.974 2.6475 4.9765 6.04147 600 0 1688 7 13 -1.66496e-08 -5.41308e-07 0 0 0.999791 -0.0204553 0 0
310.639 689.683 2.6475 4.9765 6.04147 600 0 1733 7 13 -1.73912e-08 -5.58815e-07 0 0 0.999678 0.0253834 0 0
320.074 689.385 2.6475 4.9765 6.04147 600 0 1778 7 13 -1.69581e-08 -5.38681e-07 0 0 0.997693 0.0678924 0 0
329.508 689.081 2.6475 4.9765 6.04147 600 0 1823 7 13 -1.53423e-08 -4.82262e-07 0 0 0.997663 0.0683271 0 0
338.943 688.772 2.6475 4.9765 6.04147 600 0 1868 7 15 -1.26257e-08 -3.93355e-07 0 0 0.999269 -0.0382187 0 0
348.378 688.457 2.6475 4.9765 6.04147 600 0 2408 7 13 -8.98197e-09 -2.7795e-07 0 0 0.993405 -0.114658 0 0
357.812 688.139 2.6475 4.9765 6.04147 600 0 2408 7 13 -4.66718e-09 -1.4382e-07 0 0 0.990293 -0.138996 0 0
367.246 687.82 2.6475 4.9765 6.04147 600 0 51 7 10 0.00118611 -6.23422e-05 0 0 0.983862 -0.17893 0 0
372.343 695.743 2.6475 4.9765 6.04147 600 0 2401 7 14 7.4032e-08 -4.7601e-08 0 0 0.997435 -0.0715738 0 0
376.706 687.394 2.6475 4.9765 6.04147 600 0 2048 7 15 -3.98922e-09 -8.83378e-08 0 0 0.999322 0.0368125 0 0
386.166 686.967 2.6475 4.9765 6.04147 600 0 2093 7 13 -7.47041e-09 -1.64831e-07 0 0 0.999938 -0.0111387 0 0
395.626 686.539 2.6475 4.9765 6.04147 600 0 2138 7 13 -1.04557e-08 -2.3022e-07 0 0 0.998899 0.0469027 0 0
405.086 686.11 2.6475 4.9765 6.04147 600 0 2183 7 13 -1.27455e-08 -2.801e-07 0 0 0.99988 0.0154977 0 0
414.546 685.68 2.6475 4.9765 6.04147 600 0 2228 7 13 -1.4184e-08 -3.1111e-07 0 0 0.999978 -0.00668235 0 0
424.006 685.248 2.6475 4.9765 6.04147 600 0 2273 7 13 -1.4671e-08 -3.21164e-07 0 0 0.999987 -0.00512253 0 0
433.466 684.815 2.6475 4.9765 6.04147 600 0 2318 7 13 -1.41687e-08 -3.09584e-07 0 0 0.999728 -0.0233186 0 0
442.925 684.38 2.6475 4.9765 6.04147 600 0 2363 7 13 -1.27063e-08 -2.77152e-07 0 0 0.998908 0.0467201 0 0
452.385 683.944 2.6475 4.9765 6.04147 600 0 2408 7 15 -1.03787e-08 -2.26053e-07 0 0 0.981977 -0.189 0 0
461.844 683.507 2.6475 4.9765 6.04147 600 0 2948 7 13 -7.34177e-09 -1.59729e-07 0 0 0.974121 0.226025 0 0
471.304 683.069 2.6475 4.9765 6.04147 600 0 2948 7 13 -3.80145e-09 -8.26475e-08 0 0 0.999839 -0.0179548 0 0
480.763 682.63 2.6475 4.9765 6.04147 600 0 53 7 10 -2.591e-05 -0.000946326 0 0 0.999987 0.00503411 0 0
481.187 673.219 2.6475 4.9765 6.04147 600 0 2941 7 14 -2.99691e-05 -1.23143e-06 0 0 0.999839 -0.0179548 0 0
489.159 678.237 2.6475 4.9765 6.04147 600 0 2588 7 15 -1.41659e-05 -2.58892e-05 0 0 0.972804 -0.23163 0 0
497.432 673.619 2.6475 4.9765 6.04147 600 0 2633 7 13 7.11948e-06 1.31066e-05 0 0 0.958182 -0.286161 0 0
505.737 669.056 2.6475 4.9765 6.04147 600 0 2678 7 13 -6.51271e-06 -1.08036e-05 0 0 0.951158 -0.308703 0 0
514.014 664.446 2.6475 4.9765 6.04147 600 0 2723 7 13 -9.96691e-06 -1.60863e-05 0 0 0.963977 -0.265986 0 0
522.252 659.765 2.6475 4.9765 6.04147 600 0 2768 7 13 -9.38841e-06 -1.41404e-05 0 0 0.866682 -0.498861 0 0
530.453 655.019 2.6475 4.9765 6.04147 600 0 2813 7 13 -7.95473e-06 -1.07304e-05 0 0 0.860272 -0.509835 0 0
538.625 650.225 2.6475 4.9765 6.04147 600 0 2858 7 13 -1.95028e-06 4.32705e-07 0 0 0.885435 -0.464762 0 0
546.796 645.428 2.6475 4.9765 6.04147 600 0 2903 7 13 4.77844e-06 1.28183e-05 0 0 0.884837 -0.465901 0 0
554.997 640.682 2.6475 4.9765 6.04147 600 0 2948 7 15 2.9116e-05 5.57809e-05 0 0 0.908361 -0.418187 0 0
563.33 636.174 2.6475 4.9765 6.04147 600 0 3488 7 13 1.71893e-05 3.46841e-05 0 0 0.898879 -0.438196 0 0
571.743 631.815 2.6475 4.9765 6.04147 600 0 3488 7 13 2.60049e-05 5.26737e-05 0 0 0.899739 -0.436428 0 0
580.27 627.685 2.6475 4.9765 6.04147 600 0 53 7 10 -0.00104136 -0.000435387 0 0 0.76122 -0.648493 0 0
575.894 619.343 2.6475 4.9765 6.04147 600 0 3481 7 14 6.47879e-05 -3.56421e-05 0 0 0.802585 -0.596538 0 0
585.311 619.679 2.6475 4.9765 6.04147 600 0 3128 7 15 5.67687e-05 0.00010887 0 0 0.755168 -0.655532 0 0
591.183 612.262 2.6475 4.9765 6.04147 600 0 3173 7 13 6.52497e-05 0.000193834 0 0 0.687783 -0.725916 0 0
597.827 605.531 2.6475 4.9765 6.04147 600 0 3218 7 13 -2.18264e-05 0.000187864 0 0 0.687042 -0.726617 0 0
604.997 599.369 2.6475 4.9765 6.04147 600 0 3263 7 13 -9.00301e-05 0.000186502 0 0 0.664804 -0.747018 0 0
612.56 593.703 2.6475 4.9765 6.04147 600 0 3308 7 13 -0.000152008 0.000175613 0 0 0.628536 -0.77778 0 0
620.387 588.418 2.6475 4.9765 6.04147 600 0 3353 7 13 -0.000163436 0.000219543 0 0 0.75461 -0.656173 0 0
628.781 584.103 2.6475 4.9765 6.04147 600 0 3398 7 13 -0.000285268 3.56757e-05 0 0 0.778651 -0.627458 0 0
636.158 578.225 2.6475 4.9765 6.04147 600 0 3443 7 13 -0.000128477 0.000256121 0 0 0.650247 -0.759723 0 0
645.384 576.292 2.6475 4.9765 6.04147 600 0 3488 7 13 -0.000206128 -8.24571e-05 0 0 0.724628 -0.68914 0 0
648.881 567.54 2.6475 4.9765 6.04147 600 0 3488 9 13 0.000295172 0.000118917 0 0 0.83905 -0.544055 0 0
658.298 567.06 2.6475 4.9765 6.04147 0.1 0 2712 8 10 0.000300373 0.00021982 0 0 0.972597 0.232498 0 0
101.434 693.885 2.6475 4.9765 6.04147 600 0 833 7 14 -1.249e-16 -1.2438e-15 0 0 0.978388 0.206777 0 0
107.508 701.086 2.6475 4.9765 6.04147 600 0 833 7 14 -1.43982e-16 5.73326e-16 0 0 0.981363 0.192162 0 0
98.235 702.746 2.6475 4.9765 6.04147 0.1 0 0 7 15 -7.24247e-17 -1.11976e-15 0 0 1.63042e-322 6.42967e-310 0 0
100 712 2.6475 4.9765 6.04147 0.1 0 0 7 7 3.41307e-16 -0.0266735 0 0 6.93893e-312 9.2519e-312 0 0
100 721 2.6475 4.9765 6.04147 0.1 0 0 7 7 -0 -0 0 0 4.79244e-322 4.82672e-310 0 0
100 730 2.6475 4.9765 6.04147 0.1 0 0 7 7 -0 -0 0 0 4.82672e-310 1.58101e-322 0 0
100 739 2.6475 4.9765 6.04147 0.1 0 0 7 7 -0 -0 0 0 2.21835e-321 4.82672e-310 0 0
100 748 2.6475 4.9765 6.04147 0.1 0 0 7 7 -0 -0 0 0 1.0419e-311 3.36761e-311 0 0
100 757 2.6475 4.9765 6.04147 0.1 0 0 7 7 -0 -0 0 0 3.16202e-322 4.82787e-310 0 0
100 766 2.6475 4.9765 6.04147 0.1 0 0 7 7 -0 -0 0 0 3.9554e-311 4.07848e-311 0 0
100 775 2.6475 4.9765 6.04147 0.1 0 0 7 7 -0 -0 0 0 2.53456e-321 4.82672e-310 0 0
100 784 2.6475 4.9765 6.04147 0.1 0 0 7 7 -0 -0 0 0 6.42967e-310 3.16202e-322 0 0
100 793 2.6475 4.9765 6.04147 0.1 0 0 7 7 -0 -0 0 0 9.52064e-321 4.82672e-310 0 0
100 802 2.6475 4.9765 6.04147 0.1 0 0 7 7 -0 0.0266735 0 0 2.71615e-312 3.23392e-311 0 0
662.142 366.626 5.295 9.953 12.0829 0 0 3500 16 -1 -0 -0 0 0 -0.0577734 0.99833 22746 385985760
561.968 479.787 5.295 9.953 12.0829 0 0 3500 16 -1 -1.11115e-09 8.68038e-11 0 0 0.995811 -0.0914355 1937 1938
526.582 396.227 5.295 9.953 12.0829 0 0 3500 16 -1 -0.00548436 0.000652654 0 0 0.993048 0.117706 22746 524650448
477.539 625.207 5.295 9.953 12.0829 0 0 3500 16 -1 -0 -0 0 0 0.934278 -0.356544 0 129
582.296 567.435 5.295 9.953 12.0829 0 0 3500 16 -1 -0 -0 0 0 0.47732 -0.87873 22746 385985760
568.217 311.921 5.295 9.953 12.0829 0 0 3500 16 -1 -1.55719e-06 9.3724e-05 0 0 0.936802 0.349861 1825 1951
762.831 396.072 5.295 9.953 12.0829 0 0 3500 16 -1 -0 -0 0 0 -0.39815 0.91732 22751 60
718.246 551.872 5.295 9.953 12.0829 0 0 3500 16 -1 3.59041e-05 3.911e-06 0 0 -0.782131 -0.623114 2182 513
573.388 515.4 5.295 9.953 12.0829 0 0 3500 16 -1 -3.39679e-06 -5.9114e-07 0 0 0.999374 0.0353798 22746 385985760
623.753 384.686 5.295 9.953 12.0829 0 0 3500 16 -1 -3.52809e-10 -1.16311e-09 0 0 0.25557 0.966791 1760 1959
