0 0 30 0 0.05
1 0 12 12 0 128 0 0
2 0 12 11 0 128 0 0
3 0 12 11 0 128 0 0
4 0 12 9 0 128 0 0
5 0 12 6 0 128 0 0
6 0 12 5 0 128 0 0
7 0 11 4 0 128 0 0
8 0 11 3 0 128 0 0
9 0 11 2 0 128 0 0
10 0 13 1 0 128 0 0
11 0 15 1 0 128 0 0
12 0 14 2 0 128 0 0
13 0 18 2 0 128 0 0
14 0 23 3 0 128 0 0
15 0 25 3 0 128 0 0
16 0 28 3 0 128 0 0
17 0 29 4 0 128 0 0
18 0 30 5 0 128 0 0
19 0 32 5 0 128 0 0
20 0 32 5 0 128 0 0
21 0 30 6 0 128 0 0
22 0 30 6 0 128 0 0
23 0 30 5 0 128 0 0
24 0 30 5 0 128 0 0
25 0 32 4 0 128 0 0
26 0 32 3 0 128 0 0
27 0 32 2 0 128 0 0
28 0 32 2 0 128 0 0
29 0 32 2 0 128 0 0
30 0 34 0 0 128 0 0
31 0 33 1 0 128 0 0
32 0 32 2 2 128 0 0
33 0 30 3 3 128 0 0
34 0 31 3 4 128 0 0
35 0 32 3 5 128 0 0
36 0 32 3 7 128 0 0
37 0 30 4 8 128 0 0
38 0 29 4 9 128 0 0
39 0 33 4 9 128 0 0
40 0 32 3 10 128 0 0
41 0 31 2 11 128 0 0
42 0 29 2 12 128 0 0
43 0 27 2 14 128 0 0
44 0 26 2 15 128 0 0
45 0 25 3 15 128 0 0
46 0 23 3 16 128 0 0
47 0 23 3 16 128 0 0
48 0 21 4 17 128 0 0
49 0 22 4 18 128 0 0
50 0 24 4 18 128 0 0
51 0 24 3 20 128 0 0
52 0 22 3 22 128 0 0
53 0 22 3 22 128 0 0
54 0 19 4 23 128 0 0
55 0 20 4 23 128 0 0
56 0 19 4 24 128 0 0
57 0 17 4 25 128 0 0
58 0 16 4 25 128 0 0
59 0 16 4 25 128 0 0
60 0 17 5 25 128 0 0
61 0 17 5 25 128 0 0
62 0 17 5 25 128 0 0
63 0 19 3 25 128 0 0
64 0 19 2 27 128 0 0
65 0 17 2 29 128 0 0
66 0 19 1 30 128 0 0
67 0 18 1 31 128 0 0
68 0 17 1 32 128 0 0
69 0 17 0 32 128 0 0
70 0 17 0 32 128 0 0
71 0 17 0 32 128 0 0
72 0 21 0 32 128 0 0
73 0 22 0 33 128 0 0
74 0 20 1 34 128 0 0
75 0 18 1 36 128 0 0
76 0 17 1 37 128 0 0
77 0 16 1 38 128 0 0
78 0 17 1 39 128 0 0
79 0 15 2 40 128 0 0
80 0 15 2 40 128 0 0
81 0 15 2 40 128 0 0
82 0 14 2 41 128 0 0
83 0 14 1 41 128 0 0
84 0 14 1 41 128 0 0
85 0 14 1 41 128 0 0
86 0 14 1 41 128 0 0
87 0 13 1 42 128 0 0
88 0 13 0 42 128 0 0
89 0 13 0 42 128 0 0
90 0 10 0 45 128 0 0
91 0 7 0 48 128 0 0
92 0 9 0 48 128 0 0
93 0 9 0 48 128 0 0
94 0 8 0 49 128 0 0
95 0 8 0 49 128 0 0
96 0 8 0 49 128 0 0
97 0 10 0 49 128 0 0
98 0 9 0 50 128 0 0
99 0 9 0 50 128 0 0
100 0 9 0 50 128 0 0
101 0 9 0 50 128 0 0
102 0 9 0 50 128 0 0
103 0 9 0 50 128 0 0
104 0 9 0 50 128 0 0
105 0 8 0 51 128 0 0
106 0 8 0 51 128 0 0
107 0 8 0 51 128 0 0
108 0 8 0 51 128 0 0
109 0 8 0 51 128 0 0
110 0 6 0 53 128 0 0
111 0 6 0 53 128 0 0
112 0 6 0 53 128 0 0
113 0 6 0 53 128 0 0
114 0 6 0 53 128 0 0
115 0 6 0 53 128 0 0
116 0 6 0 53 128 0 0
117 0 6 0 53 128 0 0
118 0 6 0 53 128 0 0
119 0 6 0 53 128 0 0
120 0 6 0 53 128 0 0
121 0 5 0 54 128 0 0
122 0 4 0 55 128 0 0
123 0 4 0 55 128 0 0
124 0 4 0 55 128 0 0
125 0 4 0 55 128 0 0
126 0 3 0 56 128 0 0
127 0 3 0 56 128 0 0
128 0 3 0 56 128 0 0
129 0 3 0 56 128 0 0
130 0 3 0 56 128 0 0
131 0 3 0 56 128 0 0
132 0 3 0 56 128 0 0
133 0 3 0 56 128 0 0
134 0 3 0 56 128 0 0
135 0 3 0 56 128 0 0
136 0 3 0 56 128 0 0
137 0 3 0 56 128 0 0
138 0 3 0 56 128 0 0
139 0 3 0 56 128 0 0
140 0 3 0 56 128 0 0
141 0 3 0 56 128 0 0
142 0 3 0 56 128 0 0
143 0 3 0 56 128 0 0
144 0 3 0 56 128 0 0
145 0 3 0 56 128 0 0
146 0 3 0 56 128 0 0
147 0 3 0 56 128 0 0
148 0 3 0 56 128 0 0
149 0 3 0 56 128 0 0
150 0 3 0 56 128 0 0
151 0 3 0 56 128 0 0
152 0 3 0 56 128 0 0
153 0 3 0 56 128 0 0
154 0 3 0 56 128 0 0
155 0 3 0 56 128 0 0
156 0 3 0 56 128 0 0
157 0 2 0 57 128 0 0
158 0 2 0 57 128 0 0
159 0 2 0 57 128 0 0
160 0 2 0 57 128 0 0
161 0 1 0 58 128 0 0
162 0 1 0 58 128 0 0
163 0 1 0 58 128 0 0
164 0 1 0 58 128 0 0
165 0 1 0 58 128 0 0
166 0 1 0 58 128 0 0
167 0 1 0 58 128 0 0
168 0 1 0 58 128 0 0
169 0 1 0 58 128 0 0
170 0 1 0 58 128 0 0
171 0 0 0 59 128 0 0
172 0 0 0 59 128 0 0
173 0 0 0 59 128 0 0
174 0 0 0 59 128 0 0
175 0 0 0 59 128 0 0
176 0 0 0 59 128 0 0
177 0 0 0 59 128 0 0
178 0 0 0 59 128 0 0
179 0 0 0 59 128 0 0
180 0 0 0 59 128 0 0
181 0 0 0 59 128 0 0
182 0 0 0 59 128 0 0
183 0 0 0 59 128 0 0
184 0 0 0 59 128 0 0
185 0 0 0 59 128 0 0
186 0 0 0 59 128 0 0
187 0 0 0 59 128 0 0
188 0 0 0 59 128 0 0
189 0 0 0 59 128 0 0
190 0 0 0 59 128 0 0
191 0 0 0 59 128 0 0
192 0 0 0 59 128 0 0
193 0 0 0 59 128 0 0
194 0 0 0 59 128 0 0
195 0 0 0 59 128 0 0
196 0 0 0 59 128 0 0
197 0 0 0 59 128 0 0
198 0 0 0 59 128 0 0
199 0 0 0 59 128 0 0
200 0 0 0 59 128 0 0
201 0 0 0 59 128 0 0
202 0 0 0 59 128 0 0
203 0 0 0 59 128 0 0
204 0 0 0 59 128 0 0
205 0 0 0 59 128 0 0
206 0 0 0 59 128 0 0
207 0 0 0 59 128 0 0
208 0 0 0 59 128 0 0
209 0 0 0 59 128 0 0
210 0 0 0 59 128 0 0
211 0 0 0 59 128 0 0
212 0 0 0 59 128 0 0
213 0 0 0 59 128 0 0
214 0 0 0 59 128 0 0
215 0 0 0 59 128 0 0
216 0 0 0 59 128 0 0
217 0 0 0 59 128 0 0
218 0 0 0 59 128 0 0
219 0 0 0 59 128 0 0
220 0 0 0 59 128 0 0
221 0 0 0 59 128 0 0
222 0 0 0 59 128 0 0
223 0 0 0 59 128 0 0
224 0 0 0 59 128 0 0
225 0 0 0 59 128 0 0
226 0 0 0 59 128 0 0
227 0 0 0 59 128 0 0
228 0 0 0 59 128 0 0
229 0 0 0 59 128 0 0
230 0 0 0 59 128 0 0
231 0 0 0 59 128 0 0
232 0 0 0 59 128 0 0
233 0 0 0 59 128 0 0
234 0 0 0 59 128 0 0
235 0 0 0 59 128 0 0
236 0 0 0 59 128 0 0
237 0 0 0 59 128 0 0
238 0 0 0 59 128 0 0
239 0 0 0 59 128 0 0
240 0 0 0 59 128 0 0
241 0 0 0 59 128 0 0
242 0 0 0 59 128 0 0
243 0 0 0 59 128 0 0
244 0 0 0 59 128 0 0
245 0 0 0 59 128 0 0
246 0 0 0 59 128 0 0
247 0 0 0 59 128 0 0
248 0 0 0 59 128 0 0
249 0 0 0 59 128 0 0
250 0 0 0 59 128 0 0
251 0 0 0 59 128 0 0
252 0 0 0 59 128 0 0
253 0 0 0 59 128 0 0
254 0 0 0 59 128 0 0
255 0 0 0 59 128 0 0
256 0 0 0 59 128 0 0
257 0 0 0 59 128 0 0
258 0 0 0 59 128 0 0
259 0 0 0 59 128 0 0
260 0 0 0 59 128 0 0
261 0 0 0 59 128 0 0
262 0 0 0 59 128 0 0
263 0 0 0 59 128 0 0
264 0 0 0 59 128 0 0
265 0 0 0 59 128 0 0
266 0 0 0 59 128 0 0
267 0 0 0 59 128 0 0
268 0 0 0 59 128 0 0
269 0 0 0 59 128 0 0
270 0 0 0 59 128 0 0
271 0 0 0 59 128 0 0
272 0 0 0 59 128 0 0
273 0 0 0 59 128 0 0
274 0 0 0 59 128 0 0
275 0 0 0 59 128 0 0
276 0 0 0 59 128 0 0
277 0 0 0 59 128 0 0
278 0 0 0 59 128 0 0
279 0 0 0 59 128 0 0
280 0 0 0 59 128 0 0
281 0 0 0 59 128 0 0
282 0 0 0 59 128 0 0
283 0 0 0 59 128 0 0
284 0 0 0 59 128 0 0
285 0 0 0 59 128 0 0
286 0 0 0 59 128 0 0
287 0 0 0 59 128 0 0
288 0 0 0 59 128 0 0
289 0 0 0 59 128 0 0
290 0 0 0 59 128 0 0
291 0 0 0 59 128 0 0
292 0 0 0 59 128 0 0
293 0 0 0 59 128 0 0
294 0 0 0 59 128 0 0
295 0 0 0 59 128 0 0
296 0 0 0 59 128 0 0
297 0 0 0 59 128 0 0
298 0 0 0 59 128 0 0
299 0 0 0 59 128 0 0
300 0 0 0 59 128 0 0
301 0 0 0 59 128 0 0
302 0 0 0 59 128 0 0
303 0 0 0 59 128 0 0
304 0 0 0 59 128 0 0
305 0 0 0 59 128 0 0
306 0 0 0 59 128 0 0
307 0 0 0 59 128 0 0
308 0 0 0 59 128 0 0
309 0 0 0 59 128 0 0
310 0 0 0 59 128 0 0
311 0 0 0 59 128 0 0
312 0 0 0 59 128 0 0
313 0 0 0 59 128 0 0
314 0 0 0 59 128 0 0
315 0 0 0 59 128 0 0
316 0 0 0 59 128 0 0
317 0 0 0 59 128 0 0
318 0 0 0 59 128 0 0
319 0 0 0 59 128 0 0
320 0 0 0 59 128 0 0
321 0 0 0 59 128 0 0
322 0 0 0 59 128 0 0
323 0 0 0 59 128 0 0
324 0 0 0 59 128 0 0
325 0 0 0 59 128 0 0
326 0 0 0 59 128 0 0
327 0 0 0 59 128 0 0
328 0 0 0 59 128 0 0
329 0 0 0 59 128 0 0
330 0 0 0 59 128 0 0
331 0 0 0 59 128 0 0
332 0 0 0 59 128 0 0
333 0 0 0 59 128 0 0
334 0 0 0 59 128 0 0
335 0 0 0 59 128 0 0
336 0 0 0 59 128 0 0
337 0 0 0 59 128 0 0
338 0 0 0 59 128 0 0
339 0 0 0 59 128 0 0
340 0 0 0 59 128 0 0
341 0 0 0 59 128 0 0
342 0 0 0 59 128 0 0
343 0 0 0 59 128 0 0
344 0 0 0 59 128 0 0
345 0 0 0 59 128 0 0
346 0 0 0 59 128 0 0
347 0 0 0 59 128 0 0
348 0 0 0 59 128 0 0
349 0 0 0 59 128 0 0
350 0 0 0 59 128 0 0
351 0 0 0 59 128 0 0
352 0 0 0 59 128 0 0
353 0 0 0 59 128 0 0
354 0 0 0 59 128 0 0
355 0 0 0 59 128 0 0
356 0 0 0 59 128 0 0
357 0 0 0 59 128 0 0
358 0 0 0 59 128 0 0
359 0 0 0 59 128 0 0
360 0 0 0 59 128 0 0
361 0 0 0 59 128 0 0
362 0 0 0 59 128 0 0
363 0 0 0 59 128 0 0
364 0 0 0 59 128 0 0
365 0 0 0 59 128 0 0
366 0 0 0 59 128 0 0
367 0 0 0 59 128 0 0
368 0 0 0 59 128 0 0
369 0 0 0 59 128 0 0
370 0 0 0 59 128 0 0
371 0 0 0 59 128 0 0
372 0 0 0 59 128 0 0
373 0 0 0 59 128 0 0
374 0 0 0 59 128 0 0
375 0 0 0 59 128 0 0
376 0 0 0 59 128 0 0
377 0 0 0 59 128 0 0
378 0 0 0 59 128 0 0
379 0 0 0 59 128 0 0
380 0 0 0 59 128 0 0
381 0 0 0 59 128 0 0
382 0 0 0 59 128 0 0
383 0 0 0 59 128 0 0
384 0 0 0 59 128 0 0
385 0 0 0 59 128 0 0
386 0 0 0 59 128 0 0
387 0 0 0 59 128 0 0
388 0 0 0 59 128 0 0
389 0 0 0 59 128 0 0
390 0 0 0 59 128 0 0
391 0 0 0 59 128 0 0
392 0 0 0 59 128 0 0
393 0 0 0 59 128 0 0
394 0 0 0 59 128 0 0
395 0 0 0 59 128 0 0
396 0 0 0 59 128 0 0
397 0 0 0 59 128 0 0
398 0 0 0 59 128 0 0
399 0 0 0 59 128 0 0
400 0 0 0 59 128 0 0
401 0 0 0 59 128 0 0
402 0 0 0 59 128 0 0
403 0 0 0 59 128 0 0
404 0 0 0 59 128 0 0
405 0 0 0 59 128 0 0
406 0 0 0 59 128 0 0
407 0 0 0 59 128 0 0
408 0 0 0 59 128 0 0
409 0 0 0 59 128 0 0
410 0 0 0 59 128 0 0
411 0 0 0 59 128 0 0
412 0 0 0 59 128 0 0
413 0 0 0 59 128 0 0
414 0 0 0 59 128 0 0
415 0 0 0 59 128 0 0
416 0 0 0 59 128 0 0
417 0 0 0 59 128 0 0
418 0 0 0 59 128 0 0
419 0 0 0 59 128 0 0
420 0 0 0 59 128 0 0
421 0 0 0 59 128 0 0
422 0 0 0 59 128 0 0
423 0 0 0 59 128 0 0
424 0 0 0 59 128 0 0
425 0 0 0 59 128 0 0
426 0 0 0 59 128 0 0
427 0 0 0 59 128 0 0
428 0 0 0 59 128 0 0
429 0 0 0 59 128 0 0
430 0 0 0 59 128 0 0
431 0 0 0 59 128 0 0
432 0 0 0 59 128 0 0
433 0 0 0 59 128 0 0
434 0 0 0 59 128 0 0
435 0 0 0 59 128 0 0
436 0 0 0 59 128 0 0
437 0 0 0 59 128 0 0
438 0 0 0 59 128 0 0
439 0 0 0 59 128 0 0
440 0 0 0 59 128 0 0
441 0 0 0 59 128 0 0
442 0 0 0 59 128 0 0
443 0 0 0 59 128 0 0
444 0 0 0 59 128 0 0
445 0 0 0 59 128 0 0
446 0 0 0 59 128 0 0
447 0 0 0 59 128 0 0
448 0 0 0 59 128 0 0
449 0 0 0 59 128 0 0
450 0 0 0 59 128 0 0
451 0 0 0 59 128 0 0
452 0 0 0 59 128 0 0
453 0 0 0 59 128 0 0
454 0 0 0 59 128 0 0
455 0 0 0 59 128 0 0
456 0 0 0 59 128 0 0
457 0 0 0 59 128 0 0
458 0 0 0 59 128 0 0
459 0 0 0 59 128 0 0
460 0 0 0 59 128 0 0
461 0 0 0 59 128 0 0
462 0 0 0 59 128 0 0
463 0 0 0 59 128 0 0
464 0 0 0 59 128 0 0
465 0 0 0 59 128 0 0
466 0 0 0 59 128 0 0
467 0 0 0 59 128 0 0
468 0 0 0 59 128 0 0
469 0 0 0 59 128 0 0
470 0 0 0 59 128 0 0
471 0 0 0 59 128 0 0
472 0 0 0 59 128 0 0
473 0 0 0 59 128 0 0
474 0 0 0 59 128 0 0
475 0 0 0 59 128 0 0
476 0 0 0 59 128 0 0
477 0 0 0 59 128 0 0
478 0 0 0 59 128 0 0
479 0 0 0 59 128 0 0
480 0 0 0 59 128 0 0
481 0 0 0 59 128 0 0
482 0 0 0 59 128 0 0
483 0 0 0 59 128 0 0
484 0 0 0 59 128 0 0
485 0 0 0 59 128 0 0
486 0 0 0 59 128 0 0
487 0 0 0 59 128 0 0
488 0 0 0 59 128 0 0
489 0 0 0 59 128 0 0
490 0 0 0 59 128 0 0
491 0 0 0 59 128 0 0
492 0 0 0 59 128 0 0
493 0 0 0 59 128 0 0
494 0 0 0 59 128 0 0
495 0 0 0 59 128 0 0
496 0 0 0 59 128 0 0
497 0 0 0 59 128 0 0
498 0 0 0 59 128 0 0
499 0 0 0 59 128 0 0
500 0 0 0 59 128 0 0
501 0 0 0 59 128 0 0
502 0 0 0 59 128 0 0
503 0 0 0 59 128 0 0
504 0 0 0 59 128 0 0
505 0 0 0 59 128 0 0
506 0 0 0 59 128 0 0
507 0 0 0 59 128 0 0
508 0 0 0 59 128 0 0
509 0 0 0 59 128 0 0
510 0 0 0 59 128 0 0
511 0 0 0 59 128 0 0
512 0 0 0 59 128 0 0
513 0 0 0 59 128 0 0
514 0 0 0 59 128 0 0
515 0 0 0 59 128 0 0
516 0 0 0 59 128 0 0
517 0 0 0 59 128 0 0
518 0 0 0 59 128 0 0
519 0 0 0 59 128 0 0
520 0 0 0 59 128 0 0
521 0 0 0 59 128 0 0
522 0 0 0 59 128 0 0
523 0 0 0 59 128 0 0
524 0 0 0 59 128 0 0
525 0 0 0 59 128 0 0
526 0 0 0 59 128 0 0
527 0 0 0 59 128 0 0
528 0 0 0 59 128 0 0
529 0 0 0 59 128 0 0
530 0 0 0 59 128 0 0
531 0 0 0 59 128 0 0
532 0 0 0 59 128 0 0
533 0 0 0 59 128 0 0
534 0 0 0 59 128 0 0
535 0 0 0 59 128 0 0
536 0 0 0 59 128 0 0
537 0 0 0 59 128 0 0
538 0 0 0 59 128 0 0
539 0 0 0 59 128 0 0
540 0 0 0 59 128 0 0
541 0 0 0 59 128 0 0
542 0 0 0 59 128 0 0
543 0 0 0 59 128 0 0
544 0 0 0 59 128 0 0
545 0 0 0 59 128 0 0
546 0 0 0 59 128 0 0
547 0 0 0 59 128 0 0
548 0 0 0 59 128 0 0
549 0 0 0 59 128 0 0
550 0 0 0 59 128 0 0
551 0 0 0 59 128 0 0
552 0 0 0 59 128 0 0
553 0 0 0 59 128 0 0
554 0 0 0 59 128 0 0
555 0 0 0 59 128 0 0
556 0 0 0 59 128 0 0
557 0 0 0 59 128 0 0
558 0 0 0 59 128 0 0
559 0 0 0 59 128 0 0
560 0 0 0 59 128 0 0
561 0 0 0 59 128 0 0
562 0 0 0 59 128 0 0
563 0 0 0 59 128 0 0
564 0 0 0 59 128 0 0
565 0 0 0 59 128 0 0
566 0 0 0 59 128 0 0
567 0 0 0 59 128 0 0
568 0 0 0 59 128 0 0
569 0 0 0 59 128 0 0
570 0 0 0 59 128 0 0
571 0 0 0 59 128 0 0
572 0 0 0 59 128 0 0
573 0 0 0 59 128 0 0
574 0 0 0 59 128 0 0
575 0 0 0 59 128 0 0
576 0 0 0 59 128 0 0
577 0 0 0 59 128 0 0
578 0 0 0 59 128 0 0
579 0 0 0 59 128 0 0
580 0 0 0 59 128 0 0
581 0 0 0 59 128 0 0
582 0 0 0 59 128 0 0
583 0 0 0 59 128 0 0
584 0 0 0 59 128 0 0
585 0 0 0 59 128 0 0
586 0 0 0 59 128 0 0
587 0 0 0 59 128 0 0
588 0 0 0 59 128 0 0
589 0 0 0 59 128 0 0
590 0 0 0 59 128 0 0
591 0 0 0 59 128 0 0
592 0 0 0 59 128 0 0
593 0 0 0 59 128 0 0
594 0 0 0 59 128 0 0
595 0 0 0 59 128 0 0
596 0 0 0 59 128 0 0
597 0 0 0 59 128 0 0
598 0 0 0 59 128 0 0
599 0 0 0 59 128 0 0
600 0 0 0 59 128 0 0
601 0 0 0 59 128 0 0
602 0 0 0 59 128 0 0
603 0 0 0 59 128 0 0
604 0 0 0 59 128 0 0
605 0 0 0 59 128 0 0
606 0 0 0 59 128 0 0
607 0 0 0 59 128 0 0
608 0 0 0 59 128 0 0
609 0 0 0 59 128 0 0
610 0 0 0 59 128 0 0
611 0 0 0 59 128 0 0
612 0 0 0 59 128 0 0
613 0 0 0 59 128 0 0
614 0 0 0 59 128 0 0
615 0 0 0 59 128 0 0
616 0 0 0 59 128 0 0
617 0 0 0 59 128 0 0
618 0 0 0 59 128 0 0
619 0 0 0 59 128 0 0
620 0 0 0 59 128 0 0
621 0 0 0 59 128 0 0
622 0 0 0 59 128 0 0
623 0 0 0 59 128 0 0
624 0 0 0 59 128 0 0
625 0 0 0 59 128 0 0
626 0 0 0 59 128 0 0
627 0 0 0 59 128 0 0
628 0 0 0 59 128 0 0
629 0 0 0 59 128 0 0
630 0 0 0 59 128 0 0
631 0 0 0 59 128 0 0
632 0 0 0 59 128 0 0
633 0 0 0 59 128 0 0
634 0 0 0 59 128 0 0
635 0 0 0 59 128 0 0
636 0 0 0 59 128 0 0
637 0 0 0 59 128 0 0
638 0 0 0 59 128 0 0
639 0 0 0 59 128 0 0
640 0 0 0 59 128 0 0
641 0 0 0 59 128 0 0
642 0 0 0 59 128 0 0
643 0 0 0 59 128 0 0
644 0 0 0 59 128 0 0
645 0 0 0 59 128 0 0
646 0 0 0 59 128 0 0
647 0 0 0 59 128 0 0
648 1 0 0 58 128 0 0
649 1 0 0 58 128 0 0
650 1 0 0 58 128 0 0
651 1 0 0 58 128 0 0
652 1 0 0 58 128 0 0
653 1 0 0 58 128 0 0
654 1 0 0 58 128 0 0
655 1 0 0 58 128 0 0
656 1 0 0 58 128 0 0
657 1 0 0 58 125 1 2
658 1 0 0 58 125 1 2
659 1 0 0 58 125 1 2
660 1 0 0 58 125 1 2
661 1 0 0 58 125 1 2
662 1 0 0 58 125 1 2
663 1 0 0 58 125 1 2
664 1 0 0 58 125 1 2
665 1 0 0 58 125 1 2
666 1 0 0 58 125 1 2
667 1 0 0 58 125 1 2
668 1 0 0 58 125 1 2
669 1 0 0 58 125 1 2
670 1 0 0 58 125 1 2
671 1 0 0 58 125 1 2
672 1 0 0 58 125 1 2
673 1 0 0 58 125 1 2
674 1 0 0 58 125 1 2
675 1 0 0 58 125 1 2
676 1 0 0 58 125 1 2
677 1 0 0 58 125 1 2
678 1 0 0 58 122 2 4
679 1 0 0 58 122 2 4
680 1 0 0 58 122 2 4
681 1 0 0 58 122 2 4
682 1 0 0 58 122 2 4
683 1 0 0 58 122 2 4
684 1 0 0 58 122 2 4
685 1 0 0 58 122 2 4
686 1 0 0 58 122 2 4
687 1 0 0 58 122 2 4
688 1 0 0 58 122 2 4
689 1 0 0 58 122 2 4
690 1 0 0 58 122 2 4
691 1 0 0 58 122 2 4
692 1 0 0 58 122 2 4
693 1 0 0 58 122 2 4
694 1 0 0 58 122 2 4
695 1 0 0 58 122 2 4
696 1 0 0 58 122 2 4
697 1 0 0 58 122 2 4
698 1 0 0 58 122 2 4
699 1 0 0 58 122 2 4
700 1 0 0 58 122 2 4
701 1 0 0 58 122 2 4
702 1 0 0 58 122 2 4
703 1 0 0 58 122 2 4
704 1 0 0 58 122 2 4
705 1 0 0 58 122 2 4
706 1 0 0 58 122 2 4
707 1 0 0 58 122 2 4
708 1 0 0 58 122 2 4
709 1 0 0 58 122 2 4
710 1 0 0 58 122 2 4
711 1 0 0 58 122 2 4
712 1 0 0 58 122 2 4
713 1 0 0 58 122 2 4
714 1 0 0 58 122 2 4
715 1 0 0 58 122 2 4
716 1 0 0 58 122 2 4
717 1 0 0 58 122 2 4
718 1 0 0 58 122 2 4
719 1 0 0 58 122 2 4
720 1 0 0 58 122 2 4
721 1 0 0 58 122 2 4
722 1 0 0 58 122 2 4
723 1 0 0 58 122 2 4
724 1 0 0 58 122 2 4
725 1 0 0 58 122 2 4
726 1 0 0 58 122 2 4
727 1 0 0 58 122 2 4
728 1 0 0 58 122 2 4
729 1 0 0 58 122 2 4
730 1 0 0 58 122 2 4
731 1 0 0 58 122 2 4
732 1 0 0 58 122 2 4
733 1 0 0 58 122 2 4
734 1 0 0 58 122 2 4
735 1 0 0 58 122 2 4
736 1 0 0 58 122 2 4
737 1 0 0 58 122 2 4
738 1 0 0 58 122 2 4
739 1 0 0 58 122 2 4
740 1 0 0 58 122 2 4
741 1 0 0 58 122 2 4
742 1 0 0 58 122 2 4
743 1 0 0 58 122 2 4
744 1 0 0 58 122 2 4
745 1 0 0 58 122 2 4
746 1 0 0 58 122 2 4
747 1 0 0 58 122 2 4
748 1 0 0 58 122 2 4
749 1 0 0 58 122 2 4
750 1 0 0 58 122 2 4
751 1 0 0 58 122 2 4
752 1 0 0 58 122 2 4
753 1 0 0 58 122 2 4
754 1 0 0 58 122 2 4
755 1 0 0 58 122 2 4
756 1 0 0 58 122 2 4
757 1 0 0 58 122 2 4
758 1 0 0 58 122 2 4
759 1 0 0 58 122 2 4
760 1 0 0 58 122 2 4
761 1 0 0 58 122 2 4
762 1 0 0 58 122 2 4
763 1 0 0 58 122 2 4
764 1 0 0 58 122 2 4
765 1 0 0 58 122 2 4
766 1 0 0 58 122 2 4
767 1 0 0 58 122 2 4
768 1 0 0 58 122 2 4
769 1 0 0 58 122 2 4
770 1 0 0 58 122 2 4
771 1 0 0 58 122 2 4
772 1 0 0 58 122 2 4
773 1 0 0 58 122 2 6
774 1 0 0 58 122 2 6
775 1 0 0 58 122 2 6
776 1 0 0 58 124 2 4
777 1 0 0 58 124 2 4
778 1 0 0 58 124 2 4
779 1 0 0 58 124 2 4
780 1 0 0 58 124 2 4
781 1 0 0 58 124 2 4
782 1 0 0 58 124 2 4
783 1 0 0 58 125 2 3
784 1 0 0 58 125 2 3
785 1 0 0 58 125 2 3
786 1 0 0 58 125 2 3
787 1 0 0 58 125 2 3
788 1 0 0 58 125 2 3
789 1 0 0 58 125 2 3
790 1 0 0 58 125 2 3
791 1 0 0 58 125 2 3
792 1 0 0 58 125 2 3
793 1 0 0 58 125 2 3
794 1 0 0 58 125 2 5
795 1 0 0 58 125 2 5
796 1 0 0 58 125 2 5
797 1 0 0 58 126 2 4
798 1 0 0 58 126 2 4
799 1 0 0 58 126 2 4
800 1 0 0 58 127 2 3
801 1 0 0 58 127 2 3
802 1 0 0 58 127 2 3
803 1 0 0 58 127 2 3
804 1 0 0 58 127 2 3
805 1 0 0 58 127 2 3
806 1 0 0 58 127 2 3
807 1 0 0 58 127 2 3
808 1 0 0 58 127 2 3
809 1 0 0 58 127 2 3
810 1 0 0 58 127 2 3
811 1 0 0 58 127 2 3
812 1 0 0 58 127 2 3
813 1 0 0 58 127 2 3
814 1 0 0 58 127 2 3
815 1 0 0 58 127 2 3
816 1 0 0 58 127 2 3
817 1 0 0 58 127 2 3
818 1 0 0 58 127 2 3
819 1 0 0 58 127 2 3
820 1 0 0 58 127 2 3
821 1 0 0 58 127 2 3
822 1 0 0 58 127 2 3
823 1 0 0 58 127 2 3
824 1 0 0 58 127 2 3
825 1 0 0 58 127 2 3
826 1 0 0 58 127 2 3
827 1 0 0 58 127 2 3
828 1 0 0 58 127 2 3
829 1 0 0 58 127 2 3
830 1 0 0 58 127 2 3
831 1 0 0 58 127 2 3
832 1 0 0 58 127 2 3
833 1 0 0 58 127 2 3
834 1 0 0 58 127 2 3
835 1 0 0 58 127 2 3
836 1 0 0 58 127 2 3
837 1 0 0 58 127 2 3
838 1 0 0 58 127 2 3
839 1 0 0 58 127 2 3
840 1 0 0 58 127 2 3
841 1 0 0 58 127 2 3
842 1 0 0 58 127 2 3
843 1 0 0 58 127 2 3
844 1 0 0 58 127 2 3
845 1 0 0 58 127 2 3
846 1 0 0 58 127 2 3
847 1 0 0 58 127 2 3
848 1 0 0 58 127 2 3
849 1 0 0 58 127 2 3
850 1 0 0 58 127 2 3
851 1 0 0 58 127 2 3
852 1 0 0 58 127 2 3
853 1 0 0 58 127 2 3
854 1 0 0 58 127 2 3
855 1 0 0 58 127 2 3
856 1 0 0 58 127 2 3
857 1 0 0 58 127 2 3
858 1 0 0 58 127 2 3
859 1 0 0 58 127 2 3
860 1 0 0 58 127 2 3
861 1 0 0 58 127 2 3
862 1 0 0 58 127 2 3
863 1 0 0 58 127 2 3
864 1 0 0 58 127 2 3
865 1 0 0 58 127 2 3
866 1 0 0 58 127 2 3
867 1 0 0 58 127 2 3
868 1 0 0 58 127 2 3
869 1 0 0 58 127 2 3
870 1 0 0 58 127 2 3
871 1 0 0 58 127 2 3
872 1 0 0 58 127 2 3
873 1 0 0 58 127 2 3
874 1 0 0 58 127 2 3
875 1 0 0 58 127 2 3
876 1 0 0 58 127 2 3
877 1 0 0 58 127 2 3
878 1 0 0 58 127 2 3
879 1 0 0 58 127 2 3
880 1 0 0 58 127 2 3
881 1 0 0 58 127 2 3
882 1 0 0 58 127 2 3
883 1 0 0 58 127 2 3
884 1 0 0 58 127 2 3
885 1 0 0 58 127 2 3
886 1 0 0 58 127 2 3
887 1 0 0 58 127 2 3
888 1 0 0 58 127 2 3
889 1 0 0 58 127 2 3
890 1 0 0 58 127 2 4
891 1 0 0 58 127 2 4
892 1 0 0 58 128 2 3
893 1 0 0 58 128 2 3
894 1 0 0 58 128 2 3
895 1 0 0 58 128 2 3
896 1 0 0 58 128 2 3
897 1 0 0 58 128 2 3
898 1 0 0 58 128 2 3
899 1 0 0 58 128 2 3
900 1 0 0 58 128 2 3
901 1 0 0 58 128 2 3
902 1 0 0 58 128 2 3
903 1 0 0 58 128 2 3
904 1 0 0 58 128 2 3
905 1 0 0 58 128 2 3
906 1 0 0 58 128 2 3
907 1 0 0 58 128 2 3
908 1 0 0 58 128 2 3
909 1 0 0 58 128 2 3
910 1 0 0 58 128 2 3
911 1 0 0 58 128 2 5
912 1 0 0 58 129 2 4
913 1 0 0 58 130 2 3
914 1 0 0 58 130 2 3
915 1 0 0 58 130 2 3
916 1 0 0 58 130 2 3
917 1 0 0 58 130 2 3
918 1 0 0 58 130 2 3
919 1 0 0 58 130 2 3
920 1 0 0 58 130 2 3
921 1 0 0 58 130 2 3
922 1 0 0 58 130 2 3
923 1 0 0 58 130 2 3
924 1 0 0 58 130 2 3
925 1 0 0 58 130 2 3
926 1 0 0 58 130 2 3
927 1 0 0 58 130 2 3
928 1 0 0 58 130 2 3
929 1 0 0 58 130 2 3
930 1 0 0 58 130 2 3
931 1 0 0 58 130 2 3
932 1 0 0 58 130 2 3
933 1 0 0 58 130 2 3
934 1 0 0 58 130 2 3
935 1 0 0 58 130 2 3
936 1 0 0 58 130 2 3
937 1 0 0 58 130 2 3
938 1 0 0 58 130 2 3
939 1 0 0 58 130 2 3
940 1 0 0 58 130 2 3
941 2 0 0 57 130 2 3
942 2 0 0 57 130 2 3
943 2 0 0 57 130 2 3
944 2 0 0 57 130 2 3
945 2 0 0 57 130 2 3
946 2 0 0 57 130 2 3
947 2 0 0 57 130 2 3
948 2 0 0 57 130 2 3
949 2 0 0 57 130 2 3
950 2 0 0 57 130 2 3
951 2 0 0 57 130 2 3
952 2 0 0 57 130 2 3
953 2 0 0 57 130 2 3
954 2 0 0 57 130 2 3
955 2 0 0 57 130 2 3
956 2 0 0 57 130 2 3
957 2 0 0 57 130 2 3
958 2 0 0 57 130 2 3
959 2 0 0 57 130 2 3
960 2 0 0 57 130 2 3
961 2 0 0 57 130 2 3
962 2 0 0 57 130 2 3
963 2 0 0 57 130 2 3
964 2 0 0 57 130 2 3
965 2 0 0 57 130 2 3
966 2 0 0 57 130 2 3
967 2 0 0 57 130 2 3
968 2 0 0 57 130 2 3
969 2 0 0 57 130 2 3
970 2 0 0 57 130 2 3
971 2 0 0 57 130 2 3
972 2 0 0 57 130 2 3
973 2 0 0 57 130 2 3
974 2 0 0 57 130 2 3
975 2 0 0 57 130 2 3
976 2 0 0 57 130 2 3
977 2 0 0 57 130 2 3
978 2 0 0 57 130 2 3
979 2 0 0 57 130 2 3
980 2 0 0 57 130 2 3
981 2 0 0 57 130 2 3
982 2 0 0 57 130 2 3
983 2 0 0 57 130 2 3
984 2 0 0 57 130 2 3
985 2 0 0 57 130 2 3
986 2 0 0 57 130 2 3
987 2 0 0 57 130 2 3
988 2 0 0 57 130 2 3
989 2 0 0 57 130 2 3
990 2 0 0 57 130 2 3
991 2 0 0 57 130 2 3
992 2 0 0 57 130 2 3
993 2 0 0 57 130 2 3
994 2 0 0 57 130 2 3
995 2 0 0 57 130 2 3
996 2 0 0 57 130 2 3
997 2 0 0 57 130 2 3
998 2 0 0 57 130 2 3
999 2 0 0 57 130 2 3
1000 2 0 0 57 130 2 3
1001 2 0 0 57 130 2 3
1002 2 0 0 57 130 2 3
1003 2 0 0 57 130 2 3
1004 2 0 0 57 130 2 3
1005 2 0 0 57 130 2 3
1006 2 0 0 57 130 2 3
1007 2 0 0 57 130 2 4
1008 2 0 0 57 130 2 4
1009 2 0 0 57 131 2 3
1010 2 0 0 57 131 2 3
1011 2 0 0 57 131 2 3
1012 2 0 0 57 131 2 3
1013 2 0 0 57 131 2 3
1014 2 0 0 57 131 2 3
1015 2 0 0 57 131 2 3
1016 2 0 0 57 131 2 3
1017 2 0 0 57 131 2 3
1018 2 0 0 57 131 2 3
1019 2 0 0 57 131 2 3
1020 2 0 0 57 131 2 3
1021 2 0 0 57 131 2 3
1022 2 0 0 57 131 2 3
1023 2 0 0 57 131 2 3
1024 2 0 0 57 131 2 3
1025 2 0 0 57 131 2 3
1026 2 0 0 57 131 2 3
1027 2 0 0 57 131 2 3
1028 2 0 0 57 131 2 5
1029 2 0 0 57 131 2 5
1030 2 0 0 57 133 2 3
1031 2 0 0 57 133 2 3
1032 2 0 0 57 133 2 3
1033 2 0 0 57 133 2 3
1034 2 0 0 57 133 2 3
1035 2 0 0 57 133 2 3
1036 2 0 0 57 133 2 3
1037 2 0 0 57 133 2 3
1038 2 0 0 57 133 2 3
1039 2 0 0 57 133 2 3
1040 2 0 0 57 133 2 3
1041 2 0 0 57 133 2 3
1042 2 0 0 57 133 2 3
1043 2 0 0 57 133 2 3
1044 2 0 0 57 133 2 3
1045 2 0 0 57 133 2 3
1046 2 0 0 57 133 2 3
1047 2 0 0 57 133 2 3
1048 2 0 0 57 133 2 3
1049 2 0 0 57 133 2 3
1050 2 0 0 57 133 2 3
1051 2 0 0 57 133 2 3
1052 2 0 0 57 133 2 3
1053 2 0 0 57 133 2 3
1054 2 0 0 57 133 2 3
1055 2 0 0 57 133 2 3
1056 2 0 0 57 133 2 3
1057 2 0 0 57 133 2 3
1058 2 0 0 57 133 2 3
1059 2 0 0 57 133 2 3
1060 2 0 0 57 133 2 3
1061 2 0 0 57 133 2 3
1062 2 0 0 57 133 2 3
1063 2 0 0 57 133 2 3
1064 2 0 0 57 133 2 3
1065 2 0 0 57 133 2 3
1066 2 0 0 57 133 2 3
1067 2 0 0 57 133 2 3
1068 2 0 0 57 133 2 3
1069 2 0 0 57 133 2 3
1070 2 0 0 57 133 2 3
1071 2 0 0 57 133 2 3
1072 2 0 0 57 133 2 3
1073 2 0 0 57 133 2 3
1074 2 0 0 57 133 2 3
1075 2 0 0 57 133 2 3
1076 2 0 0 57 133 2 3
1077 2 0 0 57 133 2 3
1078 2 0 0 57 133 2 3
1079 2 0 0 57 133 2 3
1080 2 0 0 57 133 2 3
1081 2 0 0 57 133 2 3
1082 2 0 0 57 133 2 3
1083 2 0 0 57 133 2 3
1084 2 0 0 57 133 2 3
1085 2 0 0 57 133 2 3
1086 2 0 0 57 133 2 3
1087 2 0 0 57 133 2 3
1088 2 0 0 57 133 2 3
1089 2 0 0 57 133 2 3
1090 2 0 0 57 133 2 3
1091 2 0 0 57 133 2 3
1092 2 0 0 57 133 2 3
1093 2 0 0 57 133 2 3
1094 2 0 0 57 133 2 3
1095 2 0 0 57 133 2 3
1096 2 0 0 57 133 2 3
1097 2 0 0 57 133 2 3
1098 2 0 0 57 133 2 3
1099 2 0 0 57 133 2 3
1100 2 0 0 57 133 2 3
1101 2 0 0 57 133 2 3
1102 2 0 0 57 133 2 3
1103 2 0 0 57 133 2 3
1104 2 0 0 57 133 2 3
1105 2 0 0 57 133 2 3
1106 2 0 0 57 133 2 3
1107 2 0 0 57 133 2 3
1108 2 0 0 57 133 2 3
1109 2 0 0 57 133 2 3
1110 2 0 0 57 133 2 3
1111 2 0 0 57 133 2 3
1112 2 0 0 57 133 2 3
1113 2 0 0 57 133 2 3
1114 2 0 0 57 133 2 3
1115 2 0 0 57 133 2 3
1116 2 0 0 57 133 2 3
1117 2 0 0 57 133 2 3
1118 2 0 0 57 133 2 3
1119 2 0 0 57 133 2 3
1120 2 0 0 57 133 2 3
1121 2 0 0 57 133 2 3
1122 2 0 0 57 133 2 3
1123 2 0 0 57 133 2 3
1124 2 0 0 57 133 2 4
1125 2 0 0 57 134 2 3
1126 2 0 0 57 134 2 3
1127 2 0 0 57 134 2 3
1128 2 0 0 57 134 2 3
1129 2 0 0 57 134 2 3
1130 2 0 0 57 134 2 3
1131 2 0 0 57 134 2 3
1132 2 0 0 57 134 2 3
1133 2 0 0 57 134 2 3
1134 2 0 0 57 134 2 3
1135 2 0 0 57 134 2 3
1136 2 0 0 57 134 2 3
1137 2 0 0 57 134 2 3
1138 2 0 0 57 134 2 3
1139 2 0 0 57 134 2 3
1140 3 0 0 56 134 2 3
1141 3 0 0 56 134 2 3
1142 3 0 0 56 134 2 3
1143 3 0 0 56 134 2 3
1144 3 0 0 56 134 2 3
1145 3 0 0 56 134 2 5
1146 3 0 0 56 134 2 5
1147 3 0 0 56 136 2 3
1148 3 0 0 56 136 2 3
1149 3 0 0 56 136 2 3
1150 3 0 0 56 136 2 3
1151 3 0 0 56 136 2 3
1152 3 0 0 56 136 2 3
1153 3 0 0 56 136 2 3
1154 3 0 0 56 136 2 3
1155 3 0 0 56 136 2 3
1156 3 0 0 56 136 2 3
1157 3 0 0 56 136 2 3
1158 3 0 0 56 136 2 3
1159 3 0 0 56 136 2 3
1160 3 0 0 56 136 2 3
1161 3 0 0 56 136 2 3
1162 3 0 0 56 136 2 3
1163 3 0 0 56 136 2 3
1164 3 0 0 56 136 2 3
1165 3 0 0 56 136 2 3
1166 3 0 0 56 136 2 3
1167 3 0 0 56 136 2 3
1168 3 0 0 56 136 2 3
1169 3 0 0 56 136 2 3
1170 3 0 0 56 136 2 3
1171 3 0 0 56 136 2 3
1172 3 0 0 56 136 2 3
1173 3 0 0 56 136 2 3
1174 3 0 0 56 136 2 3
1175 3 0 0 56 136 2 3
1176 3 0 0 56 136 2 3
1177 3 0 0 56 136 2 3
1178 3 0 0 56 136 2 3
1179 3 0 0 56 136 2 3
1180 3 0 0 56 136 2 3
1181 3 0 0 56 136 2 3
1182 3 0 0 56 136 2 3
1183 3 0 0 56 136 2 3
1184 3 0 0 56 136 2 3
1185 3 0 0 56 136 2 3
1186 3 0 0 56 136 2 3
1187 3 0 0 56 136 2 3
1188 3 0 0 56 136 2 3
1189 3 0 0 56 136 2 3
1190 3 0 0 56 136 2 3
1191 3 0 0 56 136 2 3
1192 3 0 0 56 136 2 3
1193 3 0 0 56 136 2 3
1194 3 0 0 56 136 2 3
1195 3 0 0 56 136 2 3
1196 3 0 0 56 136 2 3
1197 3 0 0 56 136 2 3
1198 3 0 0 56 136 2 3
1199 3 0 0 56 136 2 3
1200 3 0 0 56 136 2 3
1201 3 0 0 56 136 2 3
1202 3 0 0 56 136 2 3
1203 3 0 0 56 136 2 3
1204 3 0 0 56 136 2 3
1205 3 0 0 56 136 2 3
1206 3 0 0 56 136 2 3
1207 3 0 0 56 136 2 3
1208 3 0 0 56 136 2 3
1209 3 0 0 56 136 2 3
1210 3 0 0 56 136 2 3
1211 3 0 0 56 136 2 3
1212 3 0 0 56 136 2 3
1213 3 0 0 56 136 2 3
1214 3 0 0 56 136 2 3
1215 3 0 0 56 136 2 3
1216 3 0 0 56 136 2 3
1217 3 0 0 56 136 2 3
1218 3 0 0 56 136 2 3
1219 3 0 0 56 136 2 3
1220 3 0 0 56 136 2 3
1221 3 0 0 56 136 2 3
1222 3 0 0 56 136 2 3
1223 3 0 0 56 136 2 3
1224 3 0 0 56 136 2 3
1225 3 0 0 56 136 2 3
1226 3 0 0 56 136 2 3
1227 3 0 0 56 136 2 3
1228 3 0 0 56 136 2 3
1229 3 0 0 56 136 2 3
1230 3 0 0 56 136 2 3
1231 3 0 0 56 136 2 3
1232 3 0 0 56 136 2 3
1233 3 0 0 56 136 2 3
1234 3 0 0 56 136 2 3
1235 3 0 0 56 136 2 3
1236 3 0 0 56 136 2 3
1237 3 0 0 56 136 2 3
1238 3 0 0 56 136 2 3
1239 3 0 0 56 136 2 3
1240 3 0 0 56 136 2 3
1241 3 0 0 56 136 2 4
1242 3 0 0 56 136 2 4
1243 3 0 0 56 137 2 3
1244 3 0 0 56 137 2 3
1245 3 0 0 56 137 2 3
1246 3 0 0 56 137 2 3
1247 3 0 0 56 137 2 3
1248 3 0 0 56 137 2 3
1249 3 0 0 56 137 2 3
1250 3 0 0 56 137 2 3
1251 3 0 0 56 137 2 3
1252 3 0 0 56 137 2 3
1253 3 0 0 56 137 2 3
1254 3 0 0 56 137 2 3
1255 3 0 0 56 137 2 3
1256 3 0 0 56 137 2 3
1257 3 0 0 56 137 2 3
1258 3 0 0 56 137 2 3
1259 3 0 0 56 137 2 3
1260 3 0 0 56 137 2 3
1261 3 0 0 56 137 2 3
1262 3 0 0 56 137 2 5
1263 3 0 0 56 137 2 5
1264 3 0 0 56 139 2 3
1265 3 0 0 56 139 2 3
1266 3 0 0 56 139 2 3
1267 3 0 0 56 139 2 3
1268 3 0 0 56 139 2 3
1269 3 0 0 56 139 2 3
1270 3 0 0 56 139 2 3
1271 3 0 0 56 139 2 3
1272 3 0 0 56 139 2 3
1273 3 0 0 56 139 2 3
1274 3 0 0 56 139 2 3
1275 3 0 0 56 139 2 3
1276 3 0 0 56 139 2 3
1277 3 0 0 56 139 2 3
1278 3 0 0 56 139 2 3
1279 3 0 0 56 139 2 3
1280 3 0 0 56 139 2 3
1281 3 0 0 56 139 2 3
1282 3 0 0 56 139 2 3
1283 3 0 0 56 139 2 3
1284 3 0 0 56 139 2 3
1285 3 0 0 56 139 2 3
1286 3 0 0 56 139 2 3
1287 3 0 0 56 139 2 3
1288 3 0 0 56 139 2 3
1289 3 0 0 56 139 2 3
1290 3 0 0 56 139 2 3
1291 3 0 0 56 139 2 3
1292 3 0 0 56 139 2 3
1293 3 0 0 56 139 2 3
1294 3 0 0 56 139 2 3
1295 3 0 0 56 139 2 3
1296 3 0 0 56 139 2 3
1297 3 0 0 56 139 2 3
1298 3 0 0 56 139 2 3
1299 3 0 0 56 139 2 3
1300 3 0 0 56 139 2 3
1301 3 0 0 56 139 2 3
1302 3 0 0 56 139 2 3
1303 3 0 0 56 139 2 3
1304 3 0 0 56 139 2 3
1305 3 0 0 56 139 2 3
1306 3 0 0 56 139 2 3
1307 3 0 0 56 139 2 3
1308 3 0 0 56 139 2 3
1309 3 0 0 56 139 2 3
1310 3 0 0 56 139 2 3
1311 3 0 0 56 139 2 3
1312 3 0 0 56 139 2 3
1313 3 0 0 56 139 2 3
1314 3 0 0 56 139 2 3
1315 3 0 0 56 139 2 3
1316 3 0 0 56 139 2 3
1317 3 0 0 56 139 2 3
1318 3 0 0 56 139 2 3
1319 3 0 0 56 139 2 3
1320 3 0 0 56 139 2 3
1321 3 0 0 56 139 2 3
1322 3 0 0 56 139 2 3
1323 3 0 0 56 139 2 3
1324 3 0 0 56 139 2 3
1325 3 0 0 56 139 2 3
1326 3 0 0 56 139 2 3
1327 3 0 0 56 139 2 3
1328 3 0 0 56 139 2 3
1329 3 0 0 56 139 2 3
1330 3 0 0 56 139 2 3
1331 3 0 0 56 139 2 3
1332 3 0 0 56 139 2 3
1333 3 0 0 56 139 2 3
1334 3 0 0 56 139 2 3
1335 3 0 0 56 139 2 3
1336 3 0 0 56 139 2 3
1337 3 0 0 56 139 2 3
1338 3 0 0 56 139 2 3
1339 3 0 0 56 139 2 3
1340 3 0 0 56 139 2 3
1341 3 0 0 56 139 2 3
1342 3 0 0 56 139 2 3
1343 3 0 0 56 139 2 3
1344 3 0 0 56 139 2 3
1345 3 0 0 56 139 2 3
1346 3 0 0 56 139 2 3
1347 3 0 0 56 139 2 3
1348 3 0 0 56 139 2 3
1349 3 0 0 56 139 2 3
1350 3 0 0 56 139 2 3
1351 3 0 0 56 139 2 3
1352 3 0 0 56 139 2 3
1353 3 0 0 56 139 2 3
1354 3 0 0 56 139 2 3
1355 3 0 0 56 139 2 3
1356 3 0 0 56 139 2 3
1357 3 0 0 56 139 2 3
1358 3 0 0 56 139 2 4
1359 3 0 0 56 139 2 4
1360 3 0 0 56 140 2 3
1361 3 0 0 56 140 2 3
1362 3 0 0 56 140 2 3
1363 3 0 0 56 140 2 3
1364 3 0 0 56 140 2 3
1365 3 0 0 56 140 2 3
1366 3 0 0 56 140 2 3
1367 3 0 0 56 140 2 3
1368 3 0 0 56 140 2 3
1369 3 0 0 56 140 2 3
1370 3 0 0 56 140 2 3
1371 3 0 0 56 140 2 3
1372 3 0 0 56 140 2 3
1373 3 0 0 56 140 2 3
1374 3 0 0 56 140 2 3
1375 3 0 0 56 140 2 3
1376 3 0 0 56 140 2 3
1377 3 0 0 56 140 2 3
1378 3 0 0 56 140 2 3
1379 3 0 0 56 140 2 5
1380 3 0 0 56 140 2 5
1381 3 0 0 56 142 2 3
1382 3 0 0 56 142 2 3
1383 3 0 0 56 142 2 3
1384 3 0 0 56 142 2 3
1385 3 0 0 56 142 2 3
1386 3 0 0 56 142 2 3
1387 3 0 0 56 142 2 3
1388 3 0 0 56 142 2 3
1389 3 0 0 56 142 2 3
1390 3 0 0 56 142 2 3
1391 3 0 0 56 142 2 3
1392 3 0 0 56 142 2 3
1393 4 0 0 55 142 2 3
1394 4 0 0 55 142 2 3
1395 4 0 0 55 142 2 3
1396 4 0 0 55 142 2 3
1397 4 0 0 55 142 2 3
1398 4 0 0 55 142 2 3
1399 4 0 0 55 142 2 3
1400 4 0 0 55 142 2 3
1401 4 0 0 55 142 2 3
1402 4 0 0 55 142 2 3
1403 4 0 0 55 142 2 3
1404 4 0 0 55 142 2 3
1405 4 0 0 55 142 2 3
1406 4 0 0 55 142 2 3
1407 4 0 0 55 142 2 3
1408 4 0 0 55 142 2 3
1409 4 0 0 55 142 2 3
1410 4 0 0 55 142 2 3
1411 4 0 0 55 142 2 3
1412 4 0 0 55 142 2 3
1413 4 0 0 55 142 2 3
1414 4 0 0 55 142 2 3
1415 4 0 0 55 142 2 3
1416 4 0 0 55 142 2 3
1417 4 0 0 55 142 2 3
1418 4 0 0 55 142 2 3
1419 4 0 0 55 142 2 3
1420 4 0 0 55 142 2 3
1421 4 0 0 55 142 2 3
1422 4 0 0 55 142 2 3
1423 4 0 0 55 142 2 3
1424 4 0 0 55 142 2 3
1425 4 0 0 55 142 2 3
1426 4 0 0 55 142 2 3
1427 4 0 0 55 142 2 3
1428 4 0 0 55 142 2 3
1429 4 0 0 55 142 2 3
1430 4 0 0 55 142 2 3
1431 4 0 0 55 142 2 3
1432 4 0 0 55 142 2 3
1433 4 0 0 55 142 2 3
1434 4 0 0 55 142 2 3
1435 4 0 0 55 142 2 3
1436 4 0 0 55 142 2 3
1437 4 0 0 55 142 2 3
1438 4 0 0 55 142 2 3
1439 4 0 0 55 142 2 3
1440 4 0 0 55 142 2 3
1441 4 0 0 55 142 2 3
1442 4 0 0 55 142 2 3
1443 4 0 0 55 142 2 3
1444 4 0 0 55 142 2 3
1445 4 0 0 55 142 2 3
1446 4 0 0 55 142 2 3
1447 4 0 0 55 142 2 3
1448 4 0 0 55 142 2 3
1449 4 0 0 55 142 2 3
1450 4 0 0 55 142 2 3
1451 4 0 0 55 142 2 3
1452 4 0 0 55 142 2 3
1453 4 0 0 55 142 2 3
1454 4 0 0 55 142 2 3
1455 4 0 0 55 142 2 3
1456 4 0 0 55 142 2 3
1457 4 0 0 55 142 2 3
1458 4 0 0 55 142 2 3
1459 4 0 0 55 142 2 3
1460 4 0 0 55 142 2 3
1461 4 0 0 55 142 2 3
1462 4 0 0 55 142 2 3
1463 4 0 0 55 142 2 3
1464 4 0 0 55 142 2 3
1465 4 0 0 55 142 2 3
1466 4 0 0 55 142 2 3
1467 4 0 0 55 142 2 3
1468 4 0 0 55 142 2 3
1469 4 0 0 55 142 2 3
1470 4 0 0 55 142 2 3
1471 4 0 0 55 142 2 3
1472 4 0 0 55 142 2 3
1473 4 0 0 55 142 2 3
1474 4 0 0 55 142 2 3
1475 4 0 0 55 142 2 4
1476 4 0 0 55 142 2 4
1477 4 0 0 55 143 2 3
1478 4 0 0 55 143 2 3
1479 4 0 0 55 143 2 3
1480 4 0 0 55 143 2 3
1481 4 0 0 55 143 2 3
1482 4 0 0 55 143 2 3
1483 4 0 0 55 143 2 3
1484 4 0 0 55 143 2 3
1485 4 0 0 55 143 2 3
1486 4 0 0 55 143 2 3
1487 4 0 0 55 143 2 3
1488 4 0 0 55 143 2 3
1489 4 0 0 55 143 2 3
1490 4 0 0 55 143 2 3
1491 4 0 0 55 143 2 3
1492 4 0 0 55 143 2 3
1493 4 0 0 55 143 2 3
1494 4 0 0 55 143 2 3
1495 4 0 0 55 143 2 3
1496 4 0 0 55 143 2 5
1497 4 0 0 55 144 2 4
1498 4 0 0 55 145 2 3
1499 4 0 0 55 145 2 3
1500 4 0 0 55 145 2 3
1501 4 0 0 55 145 2 3
1502 4 0 0 55 145 2 3
1503 4 0 0 55 145 2 3
1504 4 0 0 55 145 2 3
1505 4 0 0 55 145 2 3
1506 4 0 0 55 145 2 3
1507 4 0 0 55 145 2 3
1508 4 0 0 55 145 2 3
1509 4 0 0 55 145 2 3
1510 4 0 0 55 145 2 3
1511 4 0 0 55 145 2 3
1512 4 0 0 55 145 2 3
1513 4 0 0 55 145 2 3
1514 4 0 0 55 145 2 3
1515 4 0 0 55 145 2 3
1516 4 0 0 55 145 2 3
1517 4 0 0 55 145 2 3
1518 4 0 0 55 145 2 3
1519 4 0 0 55 145 2 3
1520 4 0 0 55 145 2 3
1521 4 0 0 55 145 2 3
1522 4 0 0 55 145 2 3
1523 4 0 0 55 145 2 3
1524 4 0 0 55 145 2 3
1525 4 0 0 55 145 2 3
1526 4 0 0 55 145 2 3
1527 4 0 0 55 145 2 3
1528 4 0 0 55 145 2 3
1529 4 0 0 55 145 2 3
1530 4 0 0 55 145 2 3
1531 4 0 0 55 145 2 3
1532 4 0 0 55 145 2 3
1533 4 0 0 55 145 2 3
1534 4 0 0 55 145 2 3
1535 4 0 0 55 145 2 3
1536 4 0 0 55 145 2 3
1537 4 0 0 55 145 2 3
1538 4 0 0 55 145 2 3
1539 4 0 0 55 145 2 3
1540 4 0 0 55 145 2 3
1541 4 0 0 55 145 2 3
1542 4 0 0 55 145 2 3
1543 4 0 0 55 145 2 3
1544 4 0 0 55 145 2 3
1545 4 0 0 55 145 2 3
1546 4 0 0 55 145 2 3
1547 4 0 0 55 145 2 3
1548 4 0 0 55 145 2 3
1549 4 0 0 55 145 2 3
1550 4 0 0 55 145 2 3
1551 4 0 0 55 145 2 3
1552 4 0 0 55 145 2 3
1553 4 0 0 55 145 2 3
1554 4 0 0 55 145 2 3
1555 4 0 0 55 145 2 3
1556 4 0 0 55 145 2 3
1557 4 0 0 55 145 2 3
1558 4 0 0 55 145 2 3
1559 4 0 0 55 145 2 3
1560 4 0 0 55 145 2 3
1561 4 0 0 55 145 2 3
1562 4 0 0 55 145 2 3
1563 4 0 0 55 145 2 3
1564 4 0 0 55 145 2 3
1565 4 0 0 55 145 2 3
1566 4 0 0 55 145 2 3
1567 4 0 0 55 145 2 3
1568 4 0 0 55 145 2 3
1569 4 0 0 55 145 2 3
1570 4 0 0 55 145 2 3
1571 4 0 0 55 145 2 3
1572 4 0 0 55 145 2 3
1573 4 0 0 55 145 2 3
1574 4 0 0 55 145 2 3
1575 4 0 0 55 145 2 3
1576 4 0 0 55 145 2 3
1577 4 0 0 55 145 2 3
1578 4 0 0 55 145 2 3
1579 4 0 0 55 145 2 3
1580 4 0 0 55 145 2 3
1581 4 0 0 55 145 2 3
1582 4 0 0 55 145 2 3
1583 4 0 0 55 145 2 3
1584 4 0 0 55 145 2 3
1585 4 0 0 55 145 2 3
1586 4 0 0 55 145 2 3
1587 4 0 0 55 145 2 3
1588 4 0 0 55 145 2 3
1589 4 0 0 55 145 2 3
1590 4 0 0 55 145 2 3
1591 4 0 0 55 145 2 3
1592 4 0 0 55 145 2 4
1593 4 0 0 55 145 2 4
1594 4 0 0 55 146 2 3
1595 4 0 0 55 146 2 3
1596 4 0 0 55 146 2 3
1597 4 0 0 55 146 2 3
1598 4 0 0 55 146 2 3
1599 4 0 0 55 146 2 3
1600 4 0 0 55 146 2 3
1601 4 0 0 55 146 2 3
1602 4 0 0 55 146 2 3
1603 4 0 0 55 146 2 3
1604 4 0 0 55 146 2 3
1605 4 0 0 55 146 2 3
1606 4 0 0 55 146 2 3
1607 4 0 0 55 146 2 3
1608 4 0 0 55 146 2 3
1609 4 0 0 55 146 2 3
1610 4 0 0 55 146 2 3
1611 4 0 0 55 146 2 3
1612 4 0 0 55 146 2 3
1613 4 0 0 55 146 2 5
1614 4 0 0 55 147 2 4
1615 4 0 0 55 148 2 3
1616 4 0 0 55 148 2 3
1617 4 0 0 55 148 2 3
1618 4 0 0 55 148 2 3
1619 4 0 0 55 148 2 3
1620 5 0 0 54 148 2 3
1621 5 0 0 54 148 2 3
1622 5 0 0 54 148 2 3
1623 5 0 0 54 148 2 3
1624 5 0 0 54 148 2 3
1625 5 0 0 54 148 2 3
1626 5 0 0 54 148 2 3
1627 5 0 0 54 148 2 3
1628 5 0 0 54 148 2 3
1629 5 0 0 54 148 2 3
1630 5 0 0 54 148 2 3
1631 5 0 0 54 148 2 3
1632 5 0 0 54 148 2 3
1633 5 0 0 54 148 2 3
1634 5 0 0 54 148 2 3
1635 5 0 0 54 148 2 3
1636 5 0 0 54 148 2 3
1637 5 0 0 54 148 2 3
1638 5 0 0 54 148 2 3
1639 5 0 0 54 148 2 3
1640 5 0 0 54 148 2 3
1641 5 0 0 54 148 2 3
1642 5 0 0 54 148 2 3
1643 5 0 0 54 148 2 3
1644 5 0 0 54 148 2 3
1645 5 0 0 54 148 2 3
1646 5 0 0 54 148 2 3
1647 5 0 0 54 148 2 3
1648 5 0 0 54 148 2 3
1649 5 0 0 54 148 2 3
1650 5 0 0 54 148 2 3
1651 5 0 0 54 148 2 3
1652 5 0 0 54 148 2 3
1653 5 0 0 54 148 2 3
1654 5 0 0 54 148 2 3
1655 5 0 0 54 148 2 3
1656 5 0 0 54 148 2 3
1657 5 0 0 54 148 2 3
1658 5 0 0 54 148 2 3
1659 5 0 0 54 148 2 3
1660 5 0 0 54 148 2 3
1661 5 0 0 54 148 2 3
1662 5 0 0 54 148 2 3
1663 5 0 0 54 148 2 3
1664 5 0 0 54 148 2 3
1665 5 0 0 54 148 2 3
1666 5 0 0 54 148 2 3
1667 5 0 0 54 148 2 3
1668 5 0 0 54 148 2 3
1669 5 0 0 54 148 2 3
1670 5 0 0 54 148 2 3
1671 5 0 0 54 148 2 3
1672 5 0 0 54 148 2 3
1673 5 0 0 54 148 2 3
1674 5 0 0 54 148 2 3
1675 5 0 0 54 148 2 3
1676 5 0 0 54 148 2 3
1677 5 0 0 54 148 2 3
1678 5 0 0 54 148 2 3
1679 5 0 0 54 148 2 3
1680 5 0 0 54 148 2 3
1681 5 0 0 54 148 2 3
1682 5 0 0 54 148 2 3
1683 5 0 0 54 148 2 3
1684 5 0 0 54 148 2 3
1685 5 0 0 54 148 2 3
1686 5 0 0 54 148 2 3
1687 5 0 0 54 148 2 3
1688 5 0 0 54 148 2 3
1689 5 0 0 54 148 2 3
1690 5 0 0 54 148 2 3
1691 5 0 0 54 148 2 3
1692 5 0 0 54 148 2 3
1693 5 0 0 54 148 2 3
1694 5 0 0 54 148 2 3
1695 5 0 0 54 148 2 3
1696 5 0 0 54 148 2 3
1697 5 0 0 54 148 2 3
1698 5 0 0 54 148 2 3
1699 5 0 0 54 148 2 3
1700 5 0 0 54 148 2 3
1701 5 0 0 54 148 2 3
1702 5 0 0 54 148 2 3
1703 5 0 0 54 148 2 3
1704 5 0 0 54 148 2 3
1705 5 0 0 54 148 2 3
1706 5 0 0 54 148 2 3
1707 5 0 0 54 148 2 3
1708 5 0 0 54 148 2 3
1709 5 0 0 54 148 2 4
1710 5 0 0 54 149 2 3
1711 5 0 0 54 149 2 3
1712 5 0 0 54 149 2 3
1713 5 0 0 54 149 2 3
1714 5 0 0 54 149 2 3
1715 5 0 0 54 149 2 3
1716 5 0 0 54 149 2 3
1717 5 0 0 54 149 2 3
1718 5 0 0 54 149 2 3
1719 5 0 0 54 149 2 3
1720 5 0 0 54 149 2 3
1721 5 0 0 54 149 2 3
1722 5 0 0 54 149 2 3
1723 5 0 0 54 149 2 3
1724 5 0 0 54 149 2 3
1725 5 0 0 54 149 2 3
1726 5 0 0 54 149 2 3
1727 5 0 0 54 149 2 3
1728 5 0 0 54 149 2 3
1729 5 0 0 54 149 2 3
1730 5 0 0 54 149 2 5
1731 5 0 0 54 149 2 5
1732 5 0 0 54 151 2 3
1733 5 0 0 54 151 2 3
1734 5 0 0 54 151 2 3
1735 5 0 0 54 151 2 3
1736 5 0 0 54 151 2 3
1737 5 0 0 54 151 2 3
1738 5 0 0 54 151 2 3
1739 5 0 0 54 151 2 3
1740 5 0 0 54 151 2 3
1741 5 0 0 54 151 2 3
1742 5 0 0 54 151 2 3
1743 5 0 0 54 151 2 3
1744 5 0 0 54 151 2 3
1745 5 0 0 54 151 2 3
1746 5 0 0 54 151 2 3
1747 5 0 0 54 151 2 3
1748 5 0 0 54 151 2 3
1749 5 0 0 54 151 2 3
1750 5 0 0 54 151 2 3
1751 5 0 0 54 151 2 3
1752 5 0 0 54 151 2 3
1753 5 0 0 54 151 2 3
1754 5 0 0 54 151 2 3
1755 5 0 0 54 151 2 3
1756 5 0 0 54 151 2 3
1757 5 0 0 54 151 2 3
1758 5 0 0 54 151 2 3
1759 5 0 0 54 151 2 3
1760 5 0 0 54 151 2 3
1761 5 0 0 54 151 2 3
1762 5 0 0 54 151 2 3
1763 5 0 0 54 151 2 3
1764 5 0 0 54 151 2 3
1765 5 0 0 54 151 2 3
1766 5 0 0 54 151 2 3
1767 5 0 0 54 151 2 3
1768 5 0 0 54 151 2 3
1769 5 0 0 54 151 2 3
1770 5 0 0 54 151 2 3
1771 5 0 0 54 151 2 3
1772 5 0 0 54 151 2 3
1773 5 0 0 54 151 2 3
1774 5 0 0 54 151 2 3
1775 5 0 0 54 151 2 3
1776 5 0 0 54 151 2 3
1777 5 0 0 54 151 2 3
1778 5 0 0 54 151 2 3
1779 5 0 0 54 151 2 3
1780 5 0 0 54 151 2 3
1781 5 0 0 54 151 2 3
1782 5 0 0 54 151 2 3
1783 5 0 0 54 151 2 3
1784 5 0 0 54 151 2 3
1785 5 0 0 54 151 2 3
1786 5 0 0 54 151 2 3
1787 5 0 0 54 151 2 3
1788 5 0 0 54 151 2 3
1789 5 0 0 54 151 2 3
1790 5 0 0 54 151 2 3
1791 5 0 0 54 151 2 3
1792 5 0 0 54 151 2 3
1793 5 0 0 54 151 2 3
1794 5 0 0 54 151 2 3
1795 5 0 0 54 151 2 3
1796 5 0 0 54 151 2 3
1797 5 0 0 54 151 2 3
1798 5 0 0 54 151 2 3
1799 5 0 0 54 151 2 3
1800 5 0 0 54 151 2 3
1801 5 0 0 54 151 2 3
1802 5 0 0 54 151 2 3
1803 5 0 0 54 151 2 3
1804 5 0 0 54 151 2 3
1805 5 0 0 54 151 2 3
1806 5 0 0 54 151 2 3
1807 5 0 0 54 151 2 3
1808 5 0 0 54 151 2 3
1809 5 0 0 54 151 2 3
1810 5 0 0 54 151 2 3
1811 5 0 0 54 151 2 3
1812 5 0 0 54 151 2 3
1813 5 0 0 54 151 2 3
1814 5 0 0 54 151 2 3
1815 5 0 0 54 151 2 3
1816 5 0 0 54 151 2 3
1817 5 0 0 54 151 2 3
1818 5 0 0 54 151 2 3
1819 5 0 0 54 151 2 3
1820 5 0 0 54 151 2 3
1821 5 0 0 54 151 2 3
1822 5 0 0 54 151 2 3
1823 5 0 0 54 151 2 3
1824 5 0 0 54 151 2 3
1825 5 0 0 54 151 2 3
1826 5 0 0 54 151 2 4
1827 5 0 0 54 148 3 6
1828 6 0 0 53 149 3 5
1829 6 0 0 53 149 3 5
1830 6 0 0 53 149 3 5
1831 6 0 0 53 149 3 5
1832 6 0 0 53 149 3 5
1833 6 0 0 53 149 3 5
1834 6 0 0 53 149 3 5
1835 6 0 0 53 149 3 5
1836 6 0 0 53 149 3 5
1837 6 0 0 53 149 3 5
1838 6 0 0 53 149 3 5
1839 6 0 0 53 149 3 5
1840 6 0 0 53 149 3 5
1841 6 0 0 53 149 3 5
1842 6 0 0 53 149 3 5
1843 6 0 0 53 149 3 5
1844 6 0 0 53 149 3 5
1845 6 0 0 53 149 3 5
1846 6 0 0 53 149 3 5
1847 6 0 0 53 149 3 7
1848 6 0 0 53 149 3 7
1849 6 0 0 53 151 3 5
1850 6 0 0 53 151 3 5
1851 6 0 0 53 151 3 5
1852 6 0 0 53 151 3 5
1853 6 0 0 53 151 3 5
1854 6 0 0 53 151 3 5
1855 6 0 0 53 151 3 5
1856 6 0 0 53 151 3 5
1857 6 0 0 53 151 3 5
1858 6 0 0 53 151 3 5
1859 6 0 0 53 151 3 5
1860 6 0 0 53 151 3 5
1861 6 0 0 53 151 3 5
1862 6 0 0 53 151 3 5
1863 6 0 0 53 151 3 5
1864 6 0 0 53 151 3 5
1865 6 0 0 53 151 3 5
1866 6 0 0 53 151 3 5
1867 6 0 0 53 151 3 5
1868 6 0 0 53 151 3 5
1869 6 0 0 53 151 3 5
1870 6 0 0 53 151 3 5
1871 6 0 0 53 151 3 5
1872 6 0 0 53 151 3 5
1873 6 0 0 53 151 3 5
1874 6 0 0 53 151 3 5
1875 6 0 0 53 151 3 5
1876 6 0 0 53 151 3 5
1877 6 0 0 53 151 3 5
1878 6 0 0 53 151 3 5
1879 6 0 0 53 151 3 5
1880 6 0 0 53 151 3 5
1881 6 0 0 53 151 3 5
1882 6 0 0 53 151 3 5
1883 6 0 0 53 151 3 5
1884 6 0 0 53 151 3 5
1885 6 0 0 53 151 3 5
1886 6 0 0 53 151 3 5
1887 6 0 0 53 151 3 5
1888 6 0 0 53 151 3 5
1889 6 0 0 53 151 3 5
1890 6 0 0 53 151 3 5
1891 6 0 0 53 151 3 5
1892 6 0 0 53 151 3 5
1893 6 0 0 53 151 3 5
1894 6 0 0 53 151 3 5
1895 6 0 0 53 151 3 5
1896 6 0 0 53 151 3 5
1897 6 0 0 53 151 3 5
1898 6 0 0 53 151 3 5
1899 6 0 0 53 151 3 5
1900 6 0 0 53 151 3 5
1901 6 0 0 53 151 3 5
1902 6 0 0 53 151 3 5
1903 6 0 0 53 151 3 5
1904 6 0 0 53 151 3 5
1905 6 0 0 53 151 3 5
1906 6 0 0 53 151 3 5
1907 6 0 0 53 151 3 5
1908 6 0 0 53 151 3 5
1909 6 0 0 53 151 3 5
1910 6 0 0 53 151 3 5
1911 6 0 0 53 151 3 5
1912 6 0 0 53 151 3 5
1913 6 0 0 53 151 3 5
1914 6 0 0 53 151 3 5
1915 6 0 0 53 151 3 5
1916 6 0 0 53 151 3 5
1917 6 0 0 53 151 3 5
1918 6 0 0 53 151 3 5
1919 6 0 0 53 151 3 5
1920 6 0 0 53 151 3 5
1921 6 0 0 53 151 3 5
1922 6 0 0 53 151 3 5
1923 6 0 0 53 151 3 5
1924 6 0 0 53 151 3 5
1925 6 0 0 53 151 3 5
1926 6 0 0 53 151 3 5
1927 6 0 0 53 151 3 5
1928 6 0 0 53 151 3 5
1929 6 0 0 53 151 3 5
1930 6 0 0 53 151 3 5
1931 6 0 0 53 151 3 5
1932 6 0 0 53 151 3 5
1933 6 0 0 53 151 3 5
1934 6 0 0 53 151 3 5
1935 6 0 0 53 151 3 5
1936 6 0 0 53 151 3 5
1937 6 0 0 53 151 3 5
1938 6 0 0 53 151 3 5
1939 6 0 0 53 151 3 5
1940 6 0 0 53 151 3 5
1941 6 0 0 53 151 3 5
1942 6 0 0 53 151 3 5
1943 6 0 0 53 151 3 8
1944 6 0 0 53 152 3 7
1945 6 0 0 53 153 3 6
1946 6 0 0 53 153 3 6
1947 6 0 0 53 154 3 5
1948 6 0 0 53 154 3 5
1949 6 0 0 53 154 3 5
1950 6 0 0 53 154 3 5
1951 6 0 0 53 154 3 5
1952 6 0 0 53 154 3 5
1953 6 0 0 53 154 3 5
1954 6 0 0 53 156 3 4
1955 6 0 0 53 157 3 3
1956 6 0 0 53 157 3 3
1957 6 0 0 53 157 3 3
1958 6 0 0 53 157 3 3
1959 6 0 0 53 157 3 3
1960 6 0 0 53 157 3 3
1961 6 0 0 53 157 3 3
1962 6 0 0 53 157 3 3
1963 6 0 0 53 157 3 3
1964 6 0 0 53 157 3 5
1965 6 0 0 53 157 3 5
1966 6 0 0 53 159 3 3
1967 6 0 0 53 159 3 3
1968 6 0 0 53 159 3 3
1969 6 0 0 53 159 3 3
1970 6 0 0 53 159 3 3
1971 6 0 0 53 159 3 3
1972 6 0 0 53 159 3 3
1973 6 0 0 53 159 3 3
1974 6 0 0 53 159 3 3
1975 6 0 0 53 159 3 3
1976 6 0 0 53 159 3 3
1977 6 0 0 53 159 3 3
1978 6 0 0 53 159 3 3
1979 6 0 0 53 159 3 3
1980 6 0 0 53 159 3 3
1981 6 0 0 53 159 3 3
1982 6 0 0 53 159 3 3
1983 6 0 0 53 159 3 3
1984 6 0 0 53 159 3 3
1985 6 0 0 53 159 3 3
1986 6 0 0 53 159 3 3
1987 6 0 0 53 159 3 3
1988 6 0 0 53 159 3 3
1989 6 0 0 53 159 3 3
1990 6 0 0 53 159 3 3
1991 6 0 0 53 159 3 3
1992 6 0 0 53 159 3 3
1993 6 0 0 53 159 3 3
1994 6 0 0 53 159 3 3
1995 6 0 0 53 159 3 3
1996 6 0 0 53 159 3 3
1997 6 0 0 53 159 3 3
1998 6 0 0 53 159 3 3
1999 6 0 0 53 159 3 3
2000 6 0 0 53 159 3 3
2001 6 0 0 53 159 3 3
2002 6 0 0 53 159 3 3
2003 6 0 0 53 159 3 3
2004 6 0 0 53 159 3 3
2005 6 0 0 53 159 3 3
2006 6 0 0 53 159 3 3
2007 6 0 0 53 159 3 3
2008 6 0 0 53 159 3 3
2009 6 0 0 53 159 3 3
2010 6 0 0 53 159 3 3
2011 6 0 0 53 159 3 3
2012 6 0 0 53 159 3 3
2013 6 0 0 53 159 3 3
2014 6 0 0 53 159 3 3
2015 6 0 0 53 159 3 3
2016 6 0 0 53 159 3 3
2017 6 0 0 53 159 3 3
2018 6 0 0 53 159 3 3
2019 6 0 0 53 159 3 3
2020 6 0 0 53 159 3 3
2021 6 0 0 53 159 3 3
2022 6 0 0 53 159 3 3
2023 6 0 0 53 159 3 3
2024 6 0 0 53 159 3 3
2025 6 0 0 53 159 3 3
2026 6 0 0 53 159 3 3
2027 6 0 0 53 159 3 3
2028 6 0 0 53 159 3 3
2029 6 0 0 53 159 3 3
2030 6 0 0 53 159 3 3
2031 6 0 0 53 159 3 3
2032 6 0 0 53 159 3 3
2033 6 0 0 53 159 3 3
2034 6 0 0 53 159 3 3
2035 6 0 0 53 159 3 3
2036 6 0 0 53 159 3 3
2037 6 0 0 53 159 3 3
2038 6 0 0 53 159 3 3
2039 6 0 0 53 159 3 3
2040 6 0 0 53 159 3 3
2041 6 0 0 53 159 3 3
2042 6 0 0 53 159 3 3
2043 6 0 0 53 159 3 3
2044 6 0 0 53 159 3 3
2045 6 0 0 53 159 3 3
2046 6 0 0 53 159 3 3
2047 6 0 0 53 159 3 3
2048 6 0 0 53 159 3 3
2049 6 0 0 53 159 3 3
2050 6 0 0 53 159 3 3
2051 6 0 0 53 159 3 3
2052 6 0 0 53 159 3 3
2053 6 0 0 53 159 3 3
2054 6 0 0 53 159 3 3
2055 6 0 0 53 159 3 3
2056 6 0 0 53 159 3 3
2057 6 0 0 53 159 3 3
2058 6 0 0 53 159 3 3
2059 6 0 0 53 159 3 3
2060 6 0 0 53 159 3 4
2061 6 0 0 53 160 3 3
2062 6 0 0 53 160 3 3
2063 6 0 0 53 160 3 3
2064 6 0 0 53 160 3 3
2065 6 0 0 53 160 3 3
2066 6 0 0 53 160 3 3
2067 6 0 0 53 160 3 3
2068 6 0 0 53 160 3 3
2069 6 0 0 53 160 3 3
2070 6 0 0 53 160 3 3
2071 6 0 0 53 160 3 3
2072 6 0 0 53 160 3 3
2073 6 0 0 53 160 3 3
2074 6 0 0 53 160 3 3
2075 6 0 0 53 160 3 3
2076 6 0 0 53 160 3 3
2077 6 0 0 53 160 3 3
2078 6 0 0 53 160 3 3
2079 6 0 0 53 160 3 3
2080 6 0 0 53 160 3 3
2081 6 0 0 53 160 3 5
2082 6 0 0 53 160 3 5
2083 6 0 0 53 159 4 5
2084 6 0 0 53 159 4 5
2085 6 0 0 53 159 4 5
2086 6 0 0 53 159 4 5
2087 6 0 0 53 159 4 5
2088 6 0 0 53 159 4 5
2089 6 0 0 53 159 4 5
2090 6 0 0 53 159 4 5
2091 6 0 0 53 159 4 5
2092 6 0 0 53 159 4 5
2093 6 0 0 53 159 4 5
2094 6 0 0 53 159 4 5
2095 6 0 0 53 159 4 5
2096 6 0 0 53 159 4 5
2097 6 0 0 53 159 4 5
2098 6 0 0 53 159 4 5
2099 6 0 0 53 159 4 5
2100 6 0 0 53 159 4 5
2101 6 0 0 53 159 4 5
2102 6 0 0 53 159 4 5
2103 6 0 0 53 159 4 5
2104 6 0 0 53 159 4 5
2105 6 0 0 53 159 4 5
2106 6 0 0 53 159 4 5
2107 6 0 0 53 159 4 5
2108 6 0 0 53 159 4 5
2109 6 0 0 53 159 4 5
2110 6 0 0 53 159 4 5
2111 6 0 0 53 159 4 5
2112 6 0 0 53 159 4 5
2113 6 0 0 53 159 4 5
2114 6 0 0 53 159 4 5
2115 6 0 0 53 159 4 5
2116 6 0 0 53 159 4 5
2117 6 0 0 53 159 4 5
2118 6 0 0 53 159 4 5
2119 6 0 0 53 159 4 5
2120 6 0 0 53 159 4 5
2121 6 0 0 53 159 4 5
2122 6 0 0 53 159 4 5
2123 6 0 0 53 159 4 5
2124 6 0 0 53 159 4 5
2125 6 0 0 53 159 4 5
2126 6 0 0 53 159 4 5
2127 6 0 0 53 159 4 5
2128 6 0 0 53 159 4 5
2129 6 0 0 53 159 4 5
2130 6 0 0 53 159 4 5
2131 6 0 0 53 159 4 5
2132 6 0 0 53 159 4 5
2133 6 0 0 53 159 4 5
2134 6 0 0 53 159 4 5
2135 6 0 0 53 159 4 5
2136 6 0 0 53 159 4 5
2137 6 0 0 53 159 4 5
2138 6 0 0 53 159 4 5
2139 6 0 0 53 159 4 5
2140 6 0 0 53 159 4 5
2141 6 0 0 53 159 4 5
2142 6 0 0 53 159 4 5
2143 6 0 0 53 159 4 5
2144 6 0 0 53 159 4 5
2145 6 0 0 53 159 4 5
2146 6 0 0 53 159 4 5
2147 6 0 0 53 159 4 5
2148 6 0 0 53 159 4 5
2149 6 0 0 53 159 4 5
2150 6 0 0 53 159 4 5
2151 6 0 0 53 159 4 5
2152 6 0 0 53 159 4 5
2153 6 0 0 53 159 4 5
2154 6 0 0 53 159 4 5
2155 6 0 0 53 159 4 5
2156 6 0 0 53 159 4 5
2157 6 0 0 53 159 4 5
2158 6 0 0 53 159 4 5
2159 6 0 0 53 159 4 5
2160 6 0 0 53 159 4 5
2161 6 0 0 53 159 4 5
2162 6 0 0 53 159 4 5
2163 6 0 0 53 159 4 5
2164 6 0 0 53 159 4 5
2165 6 0 0 53 159 4 5
2166 6 0 0 53 159 4 5
2167 6 0 0 53 159 4 5
2168 6 0 0 53 159 4 5
2169 6 0 0 53 159 4 5
2170 6 0 0 53 159 4 5
2171 6 0 0 53 159 4 5
2172 6 0 0 53 159 4 5
2173 6 0 0 53 159 4 5
2174 6 0 0 53 159 4 5
2175 6 0 0 53 159 4 5
2176 6 0 0 53 159 4 5
2177 7 0 0 52 159 4 6
2178 7 0 0 52 159 4 6
2179 7 0 0 52 160 4 5
2180 7 0 0 52 160 4 5
2181 7 0 0 52 160 4 5
2182 7 0 0 52 160 4 5
2183 7 0 0 52 160 4 5
2184 7 0 0 52 160 4 5
2185 7 0 0 52 160 4 5
2186 7 0 0 52 160 4 5
2187 7 0 0 52 160 4 5
2188 7 0 0 52 160 4 5
2189 7 0 0 52 160 4 5
2190 7 0 0 52 160 4 5
2191 7 0 0 52 160 4 5
2192 7 0 0 52 160 4 5
2193 7 0 0 52 160 4 5
2194 7 0 0 52 160 4 5
2195 7 0 0 52 160 4 5
2196 7 0 0 52 160 4 5
2197 7 0 0 52 160 4 5
2198 7 0 0 52 160 4 7
2199 7 0 0 52 160 4 9
2200 7 0 0 52 162 4 7
2201 7 0 0 52 163 4 6
2202 7 0 0 52 163 4 6
2203 7 0 0 52 163 4 6
2204 7 0 0 52 163 4 6
2205 7 0 0 52 163 4 6
2206 7 0 0 52 163 4 6
2207 7 0 0 52 163 4 6
2208 7 0 0 52 163 4 6
2209 7 0 0 52 163 4 6
2210 7 0 0 52 163 4 6
2211 7 0 0 52 163 4 6
2212 7 0 0 52 163 4 6
2213 7 0 0 52 163 4 6
2214 7 0 0 52 163 4 6
2215 7 0 0 52 163 4 6
2216 7 0 0 52 164 4 5
2217 7 0 0 52 164 4 5
2218 7 0 0 52 164 4 5
2219 7 0 0 52 164 4 5
2220 7 0 0 52 164 4 5
2221 7 0 0 52 164 4 5
2222 7 0 0 52 164 4 5
2223 7 0 0 52 164 4 5
2224 7 0 0 52 164 4 5
2225 7 0 0 52 164 4 5
2226 7 0 0 52 164 4 5
2227 7 0 0 52 164 4 5
2228 7 0 0 52 164 4 5
2229 7 0 0 52 164 4 5
2230 7 0 0 52 164 4 5
2231 7 0 0 52 164 4 5
2232 7 0 0 52 164 4 5
2233 7 0 0 52 164 4 5
2234 7 0 0 52 164 4 5
2235 7 0 0 52 164 4 5
2236 7 0 0 52 164 4 5
2237 7 0 0 52 164 4 5
2238 7 0 0 52 164 4 5
2239 7 0 0 52 164 4 5
2240 7 0 0 52 164 4 5
2241 7 0 0 52 164 4 5
2242 7 0 0 52 164 4 5
2243 7 0 0 52 164 4 5
2244 7 0 0 52 164 4 5
2245 7 0 0 52 164 4 5
2246 7 0 0 52 164 4 5
2247 7 0 0 52 164 4 5
2248 7 0 0 52 164 4 5
2249 7 0 0 52 164 4 5
2250 7 0 0 52 164 4 5
2251 7 0 0 52 164 4 5
2252 7 0 0 52 164 4 5
2253 7 0 0 52 164 4 5
2254 7 0 0 52 164 4 5
2255 7 0 0 52 164 4 5
2256 7 0 0 52 164 4 5
2257 7 0 0 52 164 4 5
2258 7 0 0 52 164 4 5
2259 7 0 0 52 164 4 5
2260 7 0 0 52 164 4 5
2261 7 0 0 52 164 4 5
2262 7 0 0 52 164 4 5
2263 7 0 0 52 164 4 5
2264 7 0 0 52 164 4 5
2265 7 0 0 52 164 4 5
2266 7 0 0 52 164 4 5
2267 7 0 0 52 164 4 5
2268 7 0 0 52 164 4 5
2269 7 0 0 52 164 4 5
2270 7 0 0 52 164 4 5
2271 7 0 0 52 164 4 5
2272 7 0 0 52 164 4 5
2273 7 0 0 52 164 4 5
2274 7 0 0 52 164 4 5
2275 7 0 0 52 164 4 5
2276 7 0 0 52 164 4 5
2277 7 0 0 52 164 4 5
2278 7 0 0 52 164 4 5
2279 7 0 0 52 164 4 5
2280 7 0 0 52 164 4 5
2281 7 0 0 52 164 4 5
2282 7 0 0 52 164 4 5
2283 7 0 0 52 164 4 5
2284 7 0 0 52 164 4 5
2285 7 0 0 52 164 4 5
2286 7 0 0 52 164 4 5
2287 7 0 0 52 164 4 5
2288 7 0 0 52 164 4 5
2289 7 0 0 52 164 4 5
2290 7 0 0 52 164 4 5
2291 7 0 0 52 164 4 5
2292 7 0 0 52 164 4 5
2293 7 0 0 52 164 4 5
2294 7 0 0 52 164 4 6
2295 7 0 0 52 164 4 6
2296 7 0 0 52 165 4 5
2297 7 0 0 52 165 4 5
2298 7 0 0 52 165 4 5
2299 7 0 0 52 165 4 5
2300 7 0 0 52 165 4 5
2301 7 0 0 52 165 4 5
2302 7 0 0 52 165 4 5
2303 7 0 0 52 165 4 5
2304 7 0 0 52 165 4 5
2305 7 0 0 52 165 4 5
2306 7 0 0 52 165 4 5
2307 7 0 0 52 165 4 5
2308 7 0 0 52 165 4 5
2309 7 0 0 52 165 4 5
2310 7 0 0 52 165 4 5
2311 7 0 0 52 165 4 5
2312 7 0 0 52 165 4 5
2313 7 0 0 52 165 4 5
2314 7 0 0 52 165 4 5
2315 7 0 0 52 165 4 7
2316 7 0 0 52 166 4 8
2317 7 0 0 52 167 4 7
2318 7 0 0 52 169 4 5
2319 7 0 0 52 169 4 5
2320 7 0 0 52 169 4 5
2321 7 0 0 52 169 4 5
2322 7 0 0 52 169 4 5
2323 7 0 0 52 169 4 5
2324 7 0 0 52 169 4 5
2325 7 0 0 52 169 4 5
2326 7 0 0 52 169 4 5
2327 7 0 0 52 169 4 5
2328 7 0 0 52 169 4 5
2329 7 0 0 52 169 4 5
2330 7 0 0 52 169 4 5
2331 7 0 0 52 169 4 5
2332 7 0 0 52 169 4 5
2333 7 0 0 52 169 4 5
2334 7 0 0 52 169 4 5
2335 7 0 0 52 169 4 5
2336 7 0 0 52 169 4 5
2337 7 0 0 52 169 4 5
2338 7 0 0 52 169 4 5
2339 7 0 0 52 169 4 5
2340 7 0 0 52 169 4 5
2341 7 0 0 52 169 4 5
2342 7 0 0 52 169 4 5
2343 7 0 0 52 169 4 5
2344 7 0 0 52 169 4 5
2345 7 0 0 52 169 4 5
2346 7 0 0 52 169 4 5
2347 7 0 0 52 169 4 5
2348 7 0 0 52 169 4 5
2349 7 0 0 52 169 4 5
2350 7 0 0 52 169 4 5
2351 7 0 0 52 169 4 5
2352 7 0 0 52 169 4 5
2353 7 0 0 52 169 4 5
2354 7 0 0 52 169 4 5
2355 7 0 0 52 169 4 5
2356 7 0 0 52 169 4 5
2357 7 0 0 52 169 4 5
2358 7 0 0 52 169 4 5
2359 7 0 0 52 169 4 5
2360 7 0 0 52 169 4 5
2361 7 0 0 52 169 4 5
2362 7 0 0 52 169 4 5
2363 7 0 0 52 169 4 5
2364 7 0 0 52 169 4 5
2365 7 0 0 52 169 4 5
2366 7 0 0 52 169 4 5
2367 7 0 0 52 169 4 5
2368 7 0 0 52 169 4 5
2369 7 0 0 52 169 4 5
2370 7 0 0 52 169 4 5
2371 7 0 0 52 169 4 5
2372 7 0 0 52 169 4 5
2373 7 0 0 52 169 4 5
2374 7 0 0 52 169 4 5
2375 7 0 0 52 169 4 5
2376 7 0 0 52 169 4 5
2377 7 0 0 52 169 4 5
2378 7 0 0 52 169 4 5
2379 7 0 0 52 169 4 5
2380 7 0 0 52 169 4 5
2381 7 0 0 52 169 4 5
2382 7 0 0 52 169 4 5
2383 7 0 0 52 169 4 5
2384 7 0 0 52 169 4 5
2385 7 0 0 52 169 4 5
2386 7 0 0 52 169 4 5
2387 7 0 0 52 169 4 5
2388 7 0 0 52 169 4 5
2389 7 0 0 52 169 4 5
2390 7 0 0 52 169 4 5
2391 7 0 0 52 169 4 5
2392 7 0 0 52 169 4 5
2393 7 0 0 52 169 4 5
2394 7 0 0 52 169 4 5
2395 7 0 0 52 169 4 5
2396 7 0 0 52 169 4 5
2397 7 0 0 52 169 4 5
2398 7 0 0 52 169 4 5
2399 7 0 0 52 169 4 5
2400 7 0 0 52 169 4 5
2401 7 0 0 52 169 4 5
2402 7 0 0 52 169 4 5
2403 7 0 0 52 169 4 5
2404 7 0 0 52 169 4 5
2405 7 0 0 52 169 4 5
2406 7 0 0 52 169 4 5
2407 7 0 0 52 169 4 5
2408 7 0 0 52 169 4 5
2409 7 0 0 52 169 4 5
2410 7 0 0 52 169 4 5
2411 7 0 0 52 169 4 6
2412 7 0 0 52 169 4 6
2413 7 0 0 52 170 4 5
2414 7 0 0 52 170 4 5
2415 7 0 0 52 170 4 5
2416 7 0 0 52 170 4 5
2417 7 0 0 52 170 4 5
2418 7 0 0 52 170 4 5
2419 7 0 0 52 170 4 5
2420 7 0 0 52 170 4 5
2421 7 0 0 52 170 4 5
2422 7 0 0 52 170 4 5
2423 7 0 0 52 170 4 5
2424 7 0 0 52 170 4 5
2425 7 0 0 52 170 4 5
2426 7 0 0 52 170 4 5
2427 7 0 0 52 170 4 5
2428 7 0 0 52 170 4 5
2429 7 0 0 52 170 4 5
2430 7 0 0 52 170 4 5
2431 7 0 0 52 170 4 5
2432 7 0 0 52 170 4 7
2433 7 0 0 52 170 4 9
2434 7 0 0 52 172 4 7
2435 7 0 0 52 174 4 5
2436 7 0 0 52 174 4 5
2437 7 0 0 52 174 4 5
2438 7 0 0 52 173 4 5
2439 7 0 0 52 173 4 5
2440 7 0 0 52 173 4 5
2441 7 0 0 52 173 4 5
2442 7 0 0 52 173 4 5
2443 7 0 0 52 173 4 5
2444 7 0 0 52 173 4 5
2445 7 0 0 52 173 4 5
2446 7 0 0 52 173 4 5
2447 7 0 0 52 173 4 5
2448 7 0 0 52 173 4 5
2449 7 0 0 52 173 4 5
2450 7 0 0 52 173 4 5
2451 7 0 0 52 173 4 5
2452 7 0 0 52 173 4 5
2453 7 0 0 52 173 4 5
2454 7 0 0 52 173 4 5
2455 7 0 0 52 173 4 5
2456 7 0 0 52 173 4 5
2457 7 0 0 52 173 4 5
2458 7 0 0 52 173 4 5
2459 7 0 0 52 173 4 5
2460 7 0 0 52 173 4 5
2461 7 0 0 52 173 4 5
2462 7 0 0 52 173 4 5
2463 7 0 0 52 173 4 5
2464 7 0 0 52 173 4 5
2465 7 0 0 52 173 4 5
2466 7 0 0 52 173 4 5
2467 7 0 0 52 173 4 5
2468 7 0 0 52 173 4 5
2469 7 0 0 52 173 4 5
2470 7 0 0 52 173 4 5
2471 7 0 0 52 173 4 5
2472 7 0 0 52 173 4 5
2473 7 0 0 52 173 4 5
2474 7 0 0 52 173 4 5
2475 7 0 0 52 173 4 5
2476 7 0 0 52 173 4 5
2477 7 0 0 52 173 4 5
2478 7 0 0 52 173 4 5
2479 7 0 0 52 173 4 5
2480 7 0 0 52 173 4 5
2481 7 0 0 52 173 4 5
2482 7 0 0 52 173 4 5
2483 7 0 0 52 173 4 5
2484 7 0 0 52 173 4 5
2485 7 0 0 52 173 4 5
2486 7 0 0 52 173 4 5
2487 7 0 0 52 173 4 5
2488 7 0 0 52 173 4 5
2489 7 0 0 52 173 4 5
2490 7 0 0 52 173 4 5
2491 7 0 0 52 173 4 5
2492 7 0 0 52 173 4 5
2493 7 0 0 52 173 4 5
2494 7 0 0 52 173 4 5
2495 7 0 0 52 173 4 5
2496 7 0 0 52 173 4 5
2497 7 0 0 52 173 4 5
2498 7 0 0 52 173 4 5
2499 7 0 0 52 173 4 5
2500 7 0 0 52 173 4 5
2501 7 0 0 52 173 4 5
2502 7 0 0 52 173 4 5
2503 7 0 0 52 173 4 5
2504 7 0 0 52 173 4 5
2505 7 0 0 52 173 4 5
2506 7 0 0 52 173 4 5
2507 7 0 0 52 173 4 5
2508 7 0 0 52 173 4 5
2509 7 0 0 52 173 4 5
2510 7 0 0 52 173 4 5
2511 7 0 0 52 173 4 5
2512 7 0 0 52 173 4 5
2513 7 0 0 52 173 4 5
2514 7 0 0 52 173 4 5
2515 7 0 0 52 173 4 5
2516 7 0 0 52 173 4 5
2517 7 0 0 52 173 4 5
2518 7 0 0 52 173 4 5
2519 7 0 0 52 173 4 5
2520 7 0 0 52 173 4 5
2521 7 0 0 52 173 4 5
2522 7 0 0 52 173 4 5
2523 7 0 0 52 173 4 5
2524 7 0 0 52 173 4 5
2525 7 0 0 52 173 4 5
2526 7 0 0 52 173 4 5
2527 7 0 0 52 173 4 5
2528 7 0 0 52 173 4 6
2529 7 0 0 52 174 4 5
2530 7 0 0 52 174 4 5
2531 7 0 0 52 174 4 5
2532 7 0 0 52 174 4 5
2533 7 0 0 52 174 4 5
2534 7 0 0 52 174 4 5
2535 7 0 0 52 174 4 5
2536 7 0 0 52 174 4 5
2537 7 0 0 52 174 4 5
2538 7 0 0 52 174 4 5
2539 7 0 0 52 174 4 5
2540 7 0 0 52 174 4 5
2541 7 0 0 52 174 4 5
2542 7 0 0 52 174 4 5
2543 7 0 0 52 174 4 5
2544 7 0 0 52 174 4 5
2545 7 0 0 52 174 4 5
2546 7 0 0 52 174 4 5
2547 7 0 0 52 174 4 5
2548 7 0 0 52 174 4 5
2549 7 0 0 52 174 4 7
2550 7 0 0 52 176 4 7
2551 7 0 0 52 176 4 7
2552 7 0 0 52 178 4 5
2553 7 0 0 52 178 4 5
2554 7 0 0 52 178 4 5
2555 7 0 0 52 178 4 5
2556 7 0 0 52 178 4 5
2557 7 0 0 52 178 4 5
2558 7 0 0 52 178 4 5
2559 7 0 0 52 178 4 5
2560 7 0 0 52 178 4 5
2561 7 0 0 52 178 4 5
2562 7 0 0 52 178 4 5
2563 7 0 0 52 178 4 5
2564 7 0 0 52 178 4 5
2565 7 0 0 52 178 4 5
2566 7 0 0 52 178 4 5
2567 7 0 0 52 178 4 5
2568 7 0 0 52 178 4 5
2569 7 0 0 52 178 4 5
2570 7 0 0 52 178 4 5
2571 7 0 0 52 178 4 5
2572 7 0 0 52 178 4 5
2573 7 0 0 52 178 4 5
2574 7 0 0 52 178 4 5
2575 7 0 0 52 178 4 5
2576 7 0 0 52 178 4 5
2577 7 0 0 52 178 4 5
2578 7 0 0 52 178 4 5
2579 7 0 0 52 178 4 5
2580 7 0 0 52 178 4 5
2581 7 0 0 52 178 4 5
2582 7 0 0 52 178 4 5
2583 7 0 0 52 178 4 5
2584 7 0 0 52 178 4 5
2585 7 0 0 52 178 4 5
2586 7 0 0 52 178 4 5
2587 7 0 0 52 178 4 5
2588 7 0 0 52 178 4 5
2589 7 0 0 52 178 4 5
2590 7 0 0 52 178 4 5
2591 7 0 0 52 178 4 5
2592 7 0 0 52 178 4 5
2593 7 0 0 52 178 4 5
2594 7 0 0 52 178 4 5
2595 7 0 0 52 178 4 5
2596 7 0 0 52 178 4 5
2597 7 0 0 52 178 4 5
2598 7 0 0 52 178 4 5
2599 7 0 0 52 178 4 5
2600 7 0 0 52 178 4 5
2601 7 0 0 52 178 4 5
2602 7 0 0 52 178 4 5
2603 7 0 0 52 178 4 5
2604 7 0 0 52 178 4 5
2605 7 0 0 52 178 4 5
2606 7 0 0 52 178 4 5
2607 7 0 0 52 178 4 5
2608 7 0 0 52 178 4 5
2609 7 0 0 52 178 4 5
2610 7 0 0 52 178 4 5
2611 7 0 0 52 178 4 5
2612 7 0 0 52 178 4 5
2613 7 0 0 52 178 4 5
2614 7 0 0 52 178 4 5
2615 7 0 0 52 178 4 5
2616 7 0 0 52 178 4 5
2617 7 0 0 52 178 4 5
2618 7 0 0 52 178 4 5
2619 7 0 0 52 178 4 5
2620 7 0 0 52 178 4 5
2621 7 0 0 52 178 4 5
2622 7 0 0 52 178 4 5
2623 7 0 0 52 178 4 5
2624 7 0 0 52 178 4 5
2625 7 0 0 52 178 4 5
2626 7 0 0 52 178 4 5
2627 7 0 0 52 178 4 5
2628 7 0 0 52 178 4 5
2629 7 0 0 52 178 4 5
2630 7 0 0 52 178 4 5
2631 7 0 0 52 178 4 5
2632 7 0 0 52 178 4 5
2633 7 0 0 52 178 4 5
2634 7 0 0 52 178 4 5
2635 7 0 0 52 178 4 5
2636 7 0 0 52 178 4 5
2637 7 0 0 52 178 4 5
2638 7 0 0 52 178 4 5
2639 7 0 0 52 178 4 5
2640 7 0 0 52 178 4 5
2641 7 0 0 52 178 4 5
2642 7 0 0 52 178 4 5
2643 7 0 0 52 178 4 5
2644 7 0 0 52 178 4 5
2645 8 0 0 51 178 4 6
2646 8 0 0 51 178 4 6
2647 8 0 0 51 179 4 5
2648 8 0 0 51 179 4 5
2649 8 0 0 51 179 4 5
2650 8 0 0 51 179 4 5
2651 8 0 0 51 179 4 5
2652 8 0 0 51 179 4 5
2653 8 0 0 51 179 4 5
2654 8 0 0 51 179 4 5
2655 8 0 0 51 179 4 5
2656 8 0 0 51 179 4 5
2657 8 0 0 51 179 4 5
2658 8 0 0 51 179 4 5
2659 8 0 0 51 179 4 5
2660 8 0 0 51 179 4 5
2661 8 0 0 51 179 4 5
2662 8 0 0 51 179 4 5
2663 8 0 0 51 179 4 5
2664 8 0 0 51 179 4 5
2665 8 0 0 51 179 4 5
2666 8 0 0 51 179 4 7
2667 8 0 0 51 179 4 9
2668 8 0 0 51 181 4 7
2669 8 0 0 51 183 4 5
2670 8 0 0 51 183 4 5
2671 8 0 0 51 183 4 5
2672 8 0 0 51 183 4 5
2673 8 0 0 51 183 4 5
2674 8 0 0 51 183 4 5
2675 8 0 0 51 183 4 5
2676 8 0 0 51 183 4 5
2677 8 0 0 51 183 4 5
2678 8 0 0 51 183 4 5
2679 8 0 0 51 183 4 5
2680 8 0 0 51 183 4 5
2681 8 0 0 51 183 4 5
2682 8 0 0 51 183 4 5
2683 8 0 0 51 183 4 5
2684 8 0 0 51 183 4 5
2685 8 0 0 51 183 4 5
2686 8 0 0 51 183 4 5
2687 8 0 0 51 183 4 5
2688 8 0 0 51 183 4 5
2689 8 0 0 51 183 4 5
2690 8 0 0 51 183 4 5
2691 8 0 0 51 183 4 5
2692 8 0 0 51 183 4 5
2693 8 0 0 51 183 4 5
2694 8 0 0 51 183 4 5
2695 8 0 0 51 183 4 5
2696 8 0 0 51 183 4 5
2697 8 0 0 51 183 4 5
2698 8 0 0 51 183 4 5
2699 8 0 0 51 183 4 5
2700 8 0 0 51 183 4 5
2701 8 0 0 51 183 4 5
2702 8 0 0 51 183 4 5
2703 8 0 0 51 183 4 5
2704 8 0 0 51 183 4 5
2705 8 0 0 51 183 4 5
2706 8 0 0 51 183 4 5
2707 8 0 0 51 183 4 5
2708 8 0 0 51 183 4 5
2709 8 0 0 51 183 4 5
2710 8 0 0 51 183 4 5
2711 8 0 0 51 183 4 5
2712 8 0 0 51 183 4 5
2713 8 0 0 51 183 4 5
2714 8 0 0 51 183 4 5
2715 8 0 0 51 183 4 5
2716 8 0 0 51 183 4 5
2717 8 0 0 51 183 4 5
2718 8 0 0 51 183 4 5
2719 8 0 0 51 183 4 5
2720 8 0 0 51 183 4 5
2721 8 0 0 51 183 4 5
2722 8 0 0 51 183 4 5
2723 8 0 0 51 183 4 5
2724 8 0 0 51 183 4 5
2725 8 0 0 51 183 4 5
2726 8 0 0 51 183 4 5
2727 8 0 0 51 183 4 5
2728 8 0 0 51 183 4 5
2729 8 0 0 51 183 4 5
2730 8 0 0 51 183 4 5
2731 8 0 0 51 183 4 5
2732 8 0 0 51 183 4 5
2733 8 0 0 51 183 4 5
2734 8 0 0 51 183 4 5
2735 8 0 0 51 183 4 5
2736 8 0 0 51 183 4 5
2737 8 0 0 51 183 4 5
2738 8 0 0 51 183 4 5
2739 8 0 0 51 183 4 5
2740 8 0 0 51 183 4 5
2741 8 0 0 51 183 4 5
2742 8 0 0 51 183 4 5
2743 8 0 0 51 183 4 5
2744 8 0 0 51 183 4 5
2745 8 0 0 51 183 4 5
2746 8 0 0 51 183 4 5
2747 8 0 0 51 183 4 5
2748 8 0 0 51 183 4 5
2749 8 0 0 51 183 4 5
2750 8 0 0 51 183 4 5
2751 8 0 0 51 183 4 5
2752 8 0 0 51 183 4 5
2753 8 0 0 51 183 4 5
2754 8 0 0 51 183 4 5
2755 8 0 0 51 183 4 5
2756 8 0 0 51 183 4 5
2757 8 0 0 51 183 4 5
2758 8 0 0 51 183 4 5
2759 8 0 0 51 183 4 5
2760 8 0 0 51 183 4 5
2761 8 0 0 51 183 4 5
2762 8 0 0 51 183 4 6
2763 8 0 0 51 184 4 5
2764 8 0 0 51 184 4 5
2765 8 0 0 51 184 4 5
2766 8 0 0 51 184 4 5
2767 8 0 0 51 184 4 5
2768 8 0 0 51 184 4 5
2769 8 0 0 51 184 4 5
2770 8 0 0 51 184 4 5
2771 8 0 0 51 184 4 5
2772 8 0 0 51 184 4 5
2773 8 0 0 51 184 4 5
2774 8 0 0 51 184 4 5
2775 8 0 0 51 184 4 5
2776 8 0 0 51 184 4 5
2777 8 0 0 51 184 4 5
2778 8 0 0 51 184 4 5
2779 8 0 0 51 184 4 5
2780 8 0 0 51 184 4 5
2781 8 0 0 51 184 4 5
2782 8 0 0 51 184 4 5
2783 8 0 0 51 184 4 7
2784 8 0 0 51 184 4 9
2785 8 0 0 51 186 4 7
2786 8 0 0 51 188 4 5
2787 8 0 0 51 188 4 5
2788 8 0 0 51 188 4 5
2789 8 0 0 51 188 4 5
2790 8 0 0 51 188 4 5
2791 8 0 0 51 188 4 5
2792 8 0 0 51 188 4 5
2793 8 0 0 51 188 4 5
2794 8 0 0 51 188 4 5
2795 8 0 0 51 188 4 5
2796 8 0 0 51 188 4 5
2797 8 0 0 51 188 4 5
2798 8 0 0 51 188 4 5
2799 8 0 0 51 188 4 5
2800 8 0 0 51 188 4 5
2801 8 0 0 51 188 4 5
2802 8 0 0 51 188 4 5
2803 8 0 0 51 188 4 5
2804 8 0 0 51 188 4 5
2805 8 0 0 51 188 4 5
2806 8 0 0 51 188 4 5
2807 8 0 0 51 188 4 5
2808 8 0 0 51 188 4 5
2809 8 0 0 51 188 4 5
2810 8 0 0 51 188 4 5
2811 8 0 0 51 188 4 5
2812 8 0 0 51 188 4 5
2813 8 0 0 51 188 4 5
2814 8 0 0 51 188 4 5
2815 8 0 0 51 188 4 5
2816 8 0 0 51 188 4 5
2817 8 0 0 51 188 4 5
2818 8 0 0 51 188 4 5
2819 8 0 0 51 188 4 5
2820 8 0 0 51 188 4 5
2821 8 0 0 51 188 4 5
2822 8 0 0 51 188 4 5
2823 8 0 0 51 188 4 5
2824 8 0 0 51 188 4 5
2825 8 0 0 51 188 4 5
2826 8 0 0 51 188 4 5
2827 8 0 0 51 188 4 5
2828 8 0 0 51 188 4 5
2829 8 0 0 51 188 4 5
2830 8 0 0 51 188 4 5
2831 8 0 0 51 188 4 5
2832 8 0 0 51 188 4 5
2833 8 0 0 51 188 4 5
2834 8 0 0 51 188 4 5
2835 8 0 0 51 188 4 5
2836 8 0 0 51 188 4 5
2837 8 0 0 51 188 4 5
2838 8 0 0 51 188 4 5
2839 8 0 0 51 188 4 5
2840 8 0 0 51 188 4 5
2841 8 0 0 51 188 4 5
2842 8 0 0 51 188 4 5
2843 8 0 0 51 188 4 5
2844 8 0 0 51 188 4 5
2845 8 0 0 51 188 4 5
2846 8 0 0 51 188 4 5
2847 8 0 0 51 188 4 5
2848 8 0 0 51 188 4 5
2849 8 0 0 51 188 4 5
2850 8 0 0 51 188 4 5
2851 8 0 0 51 188 4 5
2852 8 0 0 51 188 4 5
2853 8 0 0 51 188 4 5
2854 8 0 0 51 188 4 5
2855 8 0 0 51 188 4 5
2856 8 0 0 51 188 4 5
2857 8 0 0 51 188 4 5
2858 8 0 0 51 188 4 5
2859 8 0 0 51 188 4 5
2860 8 0 0 51 188 4 5
2861 8 0 0 51 188 4 5
2862 8 0 0 51 188 4 5
2863 8 0 0 51 188 4 5
2864 8 0 0 51 188 4 5
2865 8 0 0 51 188 4 5
2866 8 0 0 51 188 4 5
2867 8 0 0 51 188 4 5
2868 8 0 0 51 188 4 5
2869 8 0 0 51 188 4 5
2870 8 0 0 51 188 4 5
2871 8 0 0 51 188 4 5
2872 8 0 0 51 188 4 5
2873 8 0 0 51 188 4 5
2874 8 0 0 51 188 4 5
2875 8 0 0 51 188 4 5
2876 8 0 0 51 188 4 5
2877 8 0 0 51 188 4 5
2878 8 0 0 51 188 4 5
2879 8 0 0 51 188 4 6
2880 8 0 0 51 189 4 5
2881 8 0 0 51 189 4 5
2882 8 0 0 51 189 4 5
2883 8 0 0 51 189 4 5
2884 8 0 0 51 189 4 5
2885 8 0 0 51 189 4 5
2886 8 0 0 51 189 4 5
2887 8 0 0 51 189 4 5
2888 8 0 0 51 189 4 5
2889 8 0 0 51 189 4 5
2890 8 0 0 51 189 4 5
2891 8 0 0 51 189 4 5
2892 8 0 0 51 189 4 5
2893 8 0 0 51 189 4 5
2894 8 0 0 51 189 4 5
2895 8 0 0 51 189 4 5
2896 8 0 0 51 189 4 5
2897 8 0 0 51 189 4 5
2898 8 0 0 51 189 4 5
2899 8 0 0 51 189 4 5
2900 8 0 0 51 189 4 7
2901 8 0 0 51 189 4 9
2902 8 0 0 51 191 4 7
2903 8 0 0 51 190 5 6
2904 8 0 0 51 190 5 6
2905 8 0 0 51 190 5 6
2906 8 0 0 51 190 5 6
2907 8 0 0 51 190 5 6
2908 8 0 0 51 190 5 6
2909 8 0 0 51 190 5 6
2910 8 0 0 51 190 5 6
2911 8 0 0 51 190 5 6
2912 8 0 0 51 190 5 6
2913 8 0 0 51 190 5 6
2914 8 0 0 51 190 5 6
2915 8 0 0 51 190 5 6
2916 8 0 0 51 190 5 6
2917 8 0 0 51 190 5 6
2918 8 0 0 51 190 5 6
2919 8 0 0 51 190 5 6
2920 8 0 0 51 190 5 6
2921 8 0 0 51 190 5 6
2922 8 0 0 51 190 5 6
2923 8 0 0 51 190 5 6
2924 8 0 0 51 190 5 6
2925 8 0 0 51 190 5 6
2926 8 0 0 51 190 5 6
2927 8 0 0 51 190 5 6
2928 8 0 0 51 190 5 6
2929 8 0 0 51 190 5 6
2930 8 0 0 51 190 5 6
2931 8 0 0 51 190 5 6
2932 8 0 0 51 190 5 6
2933 8 0 0 51 190 5 6
2934 8 0 0 51 190 5 6
2935 8 0 0 51 190 5 6
2936 8 0 0 51 190 5 6
2937 8 0 0 51 190 5 6
2938 8 0 0 51 190 5 6
2939 8 0 0 51 190 5 6
2940 8 0 0 51 190 5 6
2941 8 0 0 51 190 5 7
2942 8 0 0 51 190 5 7
2943 8 0 0 51 190 5 7
2944 8 0 0 51 190 5 7
2945 8 0 0 51 190 5 7
2946 8 0 0 51 190 5 7
2947 8 0 0 51 190 5 7
2948 8 0 0 51 190 5 7
2949 8 0 0 51 190 5 7
2950 8 0 0 51 190 5 7
2951 8 0 0 51 190 5 7
2952 8 0 0 51 190 5 7
2953 8 0 0 51 190 5 7
2954 8 0 0 51 190 5 7
2955 8 0 0 51 190 5 7
2956 8 0 0 51 190 5 7
2957 8 0 0 51 190 5 7
2958 8 0 0 51 190 5 7
2959 8 0 0 51 190 5 7
2960 8 0 0 51 190 5 7
2961 8 0 0 51 190 5 7
2962 8 0 0 51 190 5 7
2963 8 0 0 51 190 5 7
2964 8 0 0 51 190 5 7
2965 8 0 0 51 190 5 7
2966 8 0 0 51 190 5 7
2967 8 0 0 51 190 5 7
2968 8 0 0 51 190 5 7
2969 8 0 0 51 190 5 7
2970 8 0 0 51 190 5 7
2971 8 0 0 51 190 5 7
2972 8 0 0 51 190 5 7
2973 8 0 0 51 190 5 7
2974 8 0 0 51 190 5 7
2975 8 0 0 51 190 5 7
2976 8 0 0 51 190 5 7
2977 8 0 0 51 190 5 7
2978 8 0 0 51 190 5 7
2979 8 0 0 51 190 5 7
2980 8 0 0 51 190 5 7
2981 8 0 0 51 190 5 7
2982 8 0 0 51 190 5 7
2983 8 0 0 51 190 5 7
2984 8 0 0 51 190 5 7
2985 8 0 0 51 190 5 7
2986 8 0 0 51 190 5 7
2987 8 0 0 51 190 5 7
2988 8 0 0 51 190 5 7
2989 8 0 0 51 190 5 7
2990 8 0 0 51 190 5 7
2991 8 0 0 51 190 5 7
2992 9 0 0 50 190 5 7
2993 9 0 0 50 190 5 7
2994 9 0 0 50 190 5 7
2995 9 0 0 50 190 5 7
2996 9 0 0 50 190 5 8
2997 9 0 0 50 190 5 8
2998 9 0 0 50 191 5 7
2999 9 0 0 50 191 5 7
3000 9 0 0 50 191 5 7
3001 9 0 0 50 191 5 7
3002 9 0 0 50 191 5 7
3003 9 0 0 50 191 5 7
3004 9 0 0 50 191 5 7
3005 9 0 0 50 191 5 7
3006 9 0 0 50 191 5 7
3007 9 0 0 50 191 5 7
3008 9 0 0 50 191 5 7
3009 9 0 0 50 191 5 7
3010 9 0 0 50 191 5 7
3011 9 0 0 50 191 5 7
3012 9 0 0 50 191 5 7
3013 9 0 0 50 191 5 7
3014 9 0 0 50 191 5 7
3015 9 0 0 50 191 5 7
3016 9 0 0 50 191 5 7
3017 9 0 0 50 191 5 9
3018 9 0 0 50 191 5 11
3019 9 0 0 50 194 5 9
3020 9 0 0 50 195 5 8
3021 9 0 0 50 196 5 7
3022 9 0 0 50 196 5 7
3023 9 0 0 50 196 5 7
3024 9 0 0 50 196 5 7
3025 9 0 0 50 196 5 7
3026 9 0 0 50 196 5 7
3027 9 0 0 50 196 5 7
3028 9 0 0 50 196 5 7
3029 9 0 0 50 196 5 7
3030 9 0 0 50 196 5 7
3031 9 0 0 50 196 5 7
3032 9 0 0 50 196 5 7
3033 9 0 0 50 196 5 7
3034 9 0 0 50 196 5 7
3035 9 0 0 50 196 5 7
3036 9 0 0 50 196 5 7
3037 9 0 0 50 196 5 7
3038 9 0 0 50 196 5 7
3039 9 0 0 50 196 5 7
3040 9 0 0 50 196 5 7
3041 9 0 0 50 196 5 7
3042 9 0 0 50 196 5 7
3043 9 0 0 50 196 5 7
3044 9 0 0 50 196 5 7
3045 9 0 0 50 196 5 7
3046 9 0 0 50 196 5 7
3047 9 0 0 50 196 5 7
3048 9 0 0 50 196 5 7
3049 9 0 0 50 196 5 7
3050 9 0 0 50 196 5 7
3051 9 0 0 50 196 5 7
3052 9 0 0 50 196 5 7
3053 9 0 0 50 196 5 7
3054 9 0 0 50 196 5 7
3055 9 0 0 50 196 5 7
3056 9 0 0 50 196 5 7
3057 9 0 0 50 196 5 8
3058 9 0 0 50 196 5 8
3059 9 0 0 50 197 5 7
3060 9 0 0 50 197 5 7
3061 9 0 0 50 197 5 7
3062 9 0 0 50 197 5 7
3063 9 0 0 50 197 5 7
3064 9 0 0 50 197 5 7
3065 9 0 0 50 197 5 7
3066 9 0 0 50 197 5 7
3067 9 0 0 50 197 5 7
3068 9 0 0 50 197 5 7
3069 9 0 0 50 197 5 7
3070 9 0 0 50 197 5 7
3071 9 0 0 50 197 5 7
3072 9 0 0 50 197 5 7
3073 9 0 0 50 197 5 7
3074 9 0 0 50 197 5 7
3075 9 0 0 50 197 5 7
3076 9 0 0 50 197 5 7
3077 9 0 0 50 197 5 7
3078 9 0 0 50 197 5 7
3079 9 0 0 50 197 5 7
3080 9 0 0 50 197 5 7
3081 9 0 0 50 197 5 7
3082 9 0 0 50 197 5 7
3083 9 0 0 50 197 5 7
3084 9 0 0 50 197 5 7
3085 9 0 0 50 197 5 7
3086 9 0 0 50 197 5 7
3087 9 0 0 50 197 5 7
3088 9 0 0 50 197 5 7
3089 9 0 0 50 197 5 7
3090 9 0 0 50 197 5 7
3091 9 0 0 50 197 5 7
3092 9 0 0 50 197 5 7
3093 9 0 0 50 197 5 7
3094 9 0 0 50 197 5 7
3095 9 0 0 50 197 5 7
3096 9 0 0 50 197 5 7
3097 9 0 0 50 197 5 7
3098 9 0 0 50 197 5 7
3099 9 0 0 50 197 5 7
3100 9 0 0 50 197 5 7
3101 9 0 0 50 197 5 7
3102 9 0 0 50 197 5 7
3103 9 0 0 50 197 5 7
3104 9 0 0 50 197 5 7
3105 9 0 0 50 197 5 7
3106 9 0 0 50 197 5 7
3107 9 0 0 50 197 5 7
3108 9 0 0 50 197 5 7
3109 9 0 0 50 197 5 7
3110 9 0 0 50 197 5 7
3111 9 0 0 50 197 5 7
3112 9 0 0 50 197 5 7
3113 9 0 0 50 197 5 8
3114 9 0 0 50 197 5 8
3115 9 0 0 50 198 5 7
3116 9 0 0 50 198 5 7
3117 9 0 0 50 198 5 7
3118 9 0 0 50 198 5 7
3119 9 0 0 50 198 5 7
3120 9 0 0 50 198 5 7
3121 9 0 0 50 198 5 7
3122 9 0 0 50 198 5 7
3123 9 0 0 50 198 5 7
3124 9 0 0 50 198 5 7
3125 9 0 0 50 198 5 7
3126 9 0 0 50 198 5 7
3127 9 0 0 50 198 5 7
3128 9 0 0 50 198 5 7
3129 9 0 0 50 198 5 7
3130 9 0 0 50 198 5 7
3131 9 0 0 50 198 5 7
3132 9 0 0 50 198 5 7
3133 9 0 0 50 198 5 7
3134 9 0 0 50 198 5 9
3135 9 0 0 50 198 5 11
3136 9 0 0 50 200 5 10
3137 9 0 0 50 203 5 7
3138 9 0 0 50 203 5 7
3139 9 0 0 50 203 5 7
3140 9 0 0 50 203 5 7
3141 9 0 0 50 203 5 7
3142 9 0 0 50 203 5 7
3143 9 0 0 50 203 5 7
3144 9 0 0 50 203 5 7
3145 9 0 0 50 203 5 7
3146 9 0 0 50 203 5 7
3147 9 0 0 50 203 5 7
3148 9 0 0 50 203 5 7
3149 9 0 0 50 203 5 7
3150 9 0 0 50 203 5 7
3151 9 0 0 50 203 5 7
3152 9 0 0 50 203 5 7
3153 9 0 0 50 203 5 7
3154 9 0 0 50 203 5 7
3155 9 0 0 50 203 5 7
3156 9 0 0 50 203 5 7
3157 9 0 0 50 203 5 7
3158 9 0 0 50 203 5 7
3159 9 0 0 50 203 5 7
3160 9 0 0 50 203 5 7
3161 9 0 0 50 203 5 7
3162 9 0 0 50 203 5 7
3163 9 0 0 50 203 5 7
3164 9 0 0 50 203 5 7
3165 9 0 0 50 203 5 7
3166 9 0 0 50 203 5 7
3167 9 0 0 50 203 5 7
3168 9 0 0 50 203 5 7
3169 9 0 0 50 203 5 7
3170 9 0 0 50 203 5 7
3171 9 0 0 50 203 5 7
3172 9 0 0 50 203 5 7
3173 9 0 0 50 203 5 7
3174 9 0 0 50 203 5 8
3175 9 0 0 50 203 5 8
3176 9 0 0 50 204 5 7
3177 9 0 0 50 204 5 7
3178 9 0 0 50 204 5 7
3179 9 0 0 50 204 5 7
3180 9 0 0 50 204 5 7
3181 9 0 0 50 204 5 7
3182 9 0 0 50 204 5 7
3183 9 0 0 50 204 5 7
3184 9 0 0 50 204 5 7
3185 9 0 0 50 204 5 7
3186 9 0 0 50 204 5 7
3187 9 0 0 50 204 5 7
3188 9 0 0 50 204 5 7
3189 9 0 0 50 204 5 7
3190 9 0 0 50 204 5 7
3191 9 0 0 50 204 5 7
3192 9 0 0 50 204 5 7
3193 9 0 0 50 204 5 7
3194 9 0 0 50 204 5 7
3195 9 0 0 50 204 5 7
3196 9 0 0 50 204 5 7
3197 9 0 0 50 204 5 7
3198 9 0 0 50 204 5 7
3199 9 0 0 50 204 5 7
3200 9 0 0 50 204 5 7
3201 9 0 0 50 204 5 7
3202 9 0 0 50 204 5 7
3203 9 0 0 50 204 5 7
3204 9 0 0 50 204 5 7
3205 9 0 0 50 204 5 7
3206 9 0 0 50 204 5 7
3207 9 0 0 50 204 5 7
3208 9 0 0 50 204 5 7
3209 9 0 0 50 204 5 7
3210 9 0 0 50 204 5 7
3211 9 0 0 50 204 5 7
3212 9 0 0 50 204 5 7
3213 9 0 0 50 204 5 7
3214 9 0 0 50 204 5 7
3215 9 0 0 50 204 5 7
3216 9 0 0 50 204 5 7
3217 9 0 0 50 204 5 7
3218 9 0 0 50 204 5 7
3219 9 0 0 50 204 5 7
3220 9 0 0 50 204 5 7
3221 9 0 0 50 204 5 7
3222 9 0 0 50 204 5 7
3223 9 0 0 50 204 5 7
3224 9 0 0 50 204 5 7
3225 9 0 0 50 204 5 7
3226 9 0 0 50 204 5 7
3227 9 0 0 50 204 5 7
3228 9 0 0 50 204 5 7
3229 9 0 0 50 204 5 7
3230 9 0 0 50 204 5 8
3231 9 0 0 50 201 6 9
3232 9 0 0 50 202 6 8
3233 9 0 0 50 202 6 8
3234 9 0 0 50 202 6 8
3235 9 0 0 50 202 6 8
3236 9 0 0 50 202 6 8
3237 9 0 0 50 202 6 8
3238 9 0 0 50 202 6 8
3239 9 0 0 50 202 6 8
3240 9 0 0 50 202 6 8
3241 9 0 0 50 202 6 8
3242 9 0 0 50 202 6 8
3243 9 0 0 50 202 6 8
3244 9 0 0 50 202 6 8
3245 9 0 0 50 202 6 8
3246 9 0 0 50 202 6 8
3247 9 0 0 50 202 6 8
3248 9 0 0 50 202 6 8
3249 9 0 0 50 202 6 8
3250 9 0 0 50 202 6 8
3251 9 0 0 50 202 6 10
3252 9 0 0 50 202 6 12
3253 9 0 0 50 204 6 11
3254 9 0 0 50 206 6 9
3255 9 0 0 50 207 6 8
3256 9 0 0 50 207 6 8
3257 9 0 0 50 207 6 8
3258 9 0 0 50 207 6 8
3259 9 0 0 50 207 6 8
3260 9 0 0 50 207 6 8
3261 9 0 0 50 207 6 8
3262 9 0 0 50 207 6 8
3263 9 0 0 50 207 6 8
3264 9 0 0 50 207 6 8
3265 9 0 0 50 207 6 8
3266 9 0 0 50 207 6 8
3267 9 0 0 50 207 6 8
3268 9 0 0 50 207 6 8
3269 9 0 0 50 207 6 9
3270 9 0 0 50 207 6 9
3271 9 0 0 50 207 6 9
3272 9 0 0 50 207 6 9
3273 9 0 0 50 207 6 9
3274 9 0 0 50 207 6 9
3275 9 0 0 50 207 6 9
3276 9 0 0 50 207 6 9
3277 9 0 0 50 207 6 9
3278 9 0 0 50 207 6 9
3279 9 0 0 50 207 6 9
3280 9 0 0 50 207 6 9
3281 9 0 0 50 207 6 9
3282 9 0 0 50 207 6 9
3283 9 0 0 50 207 6 9
3284 9 0 0 50 207 6 9
3285 9 0 0 50 207 6 9
3286 9 0 0 50 207 6 9
3287 9 0 0 50 207 6 9
3288 9 0 0 50 207 6 9
3289 9 0 0 50 207 6 9
3290 9 0 0 50 207 6 9
3291 9 0 0 50 207 6 10
3292 9 0 0 50 207 6 10
3293 9 0 0 50 208 6 9
3294 9 0 0 50 208 6 9
3295 9 0 0 50 208 6 9
3296 9 0 0 50 208 6 9
3297 9 0 0 50 208 6 9
3298 9 0 0 50 208 6 9
3299 9 0 0 50 208 6 9
3300 9 0 0 50 208 6 9
3301 9 0 0 50 208 6 9
3302 9 0 0 50 208 6 9
3303 9 0 0 50 208 6 9
3304 9 0 0 50 208 6 9
3305 9 0 0 50 208 6 9
3306 9 0 0 50 208 6 9
3307 9 0 0 50 208 6 9
3308 9 0 0 50 208 6 9
3309 9 0 0 50 208 6 9
3310 9 0 0 50 208 6 9
3311 9 0 0 50 208 6 9
3312 9 0 0 50 208 6 9
3313 9 0 0 50 208 6 9
3314 9 0 0 50 208 6 9
3315 9 0 0 50 208 6 9
3316 9 0 0 50 208 6 9
3317 9 0 0 50 208 6 9
3318 9 0 0 50 208 6 9
3319 9 0 0 50 208 6 9
3320 9 0 0 50 208 6 9
3321 9 0 0 50 208 6 9
3322 9 0 0 50 208 6 9
3323 9 0 0 50 208 6 9
3324 9 0 0 50 208 6 9
3325 9 0 0 50 208 6 9
3326 9 0 0 50 208 6 9
3327 9 0 0 50 208 6 9
3328 9 0 0 50 208 6 9
3329 9 0 0 50 208 6 9
3330 9 0 0 50 208 6 9
3331 9 0 0 50 208 6 9
3332 9 0 0 50 208 6 9
3333 9 0 0 50 208 6 9
3334 9 0 0 50 208 6 9
3335 9 0 0 50 208 6 9
3336 9 0 0 50 208 6 9
3337 9 0 0 50 208 6 9
3338 9 0 0 50 208 6 9
3339 9 0 0 50 208 6 9
3340 9 0 0 50 208 6 9
3341 9 0 0 50 208 6 9
3342 9 0 0 50 208 6 9
3343 9 0 0 50 208 6 9
3344 9 0 0 50 208 6 9
3345 9 0 0 50 208 6 9
3346 9 0 0 50 208 6 9
3347 9 0 0 50 208 6 11
3348 9 0 0 50 208 6 11
3349 9 0 0 50 209 6 10
3350 9 0 0 50 210 6 9
3351 9 0 0 50 210 6 9
3352 9 0 0 50 210 6 9
3353 9 0 0 50 211 6 9
3354 9 0 0 50 213 6 7
3355 9 0 0 50 213 6 7
3356 9 0 0 50 213 6 7
3357 9 0 0 50 213 6 7
3358 9 0 0 50 213 6 7
3359 9 0 0 50 213 6 7
3360 9 0 0 50 213 6 7
3361 9 0 0 50 213 6 7
3362 9 0 0 50 213 6 7
3363 9 0 0 50 213 6 7
3364 9 0 0 50 213 6 7
3365 9 0 0 50 213 6 7
3366 9 0 0 50 213 6 7
3367 9 0 0 50 213 6 7
3368 9 0 0 50 213 6 9
3369 9 0 0 50 213 6 11
3370 9 0 0 50 215 6 10
3371 9 0 0 50 217 6 8
3372 9 0 0 50 218 6 7
3373 9 0 0 50 218 6 7
3374 9 0 0 50 218 6 7
3375 9 0 0 50 218 6 7
3376 9 0 0 50 218 6 7
3377 9 0 0 50 218 6 7
3378 9 0 0 50 218 6 7
3379 9 0 0 50 218 6 7
3380 9 0 0 50 218 6 7
3381 9 0 0 50 218 6 7
3382 9 0 0 50 218 6 7
3383 9 0 0 50 218 6 7
3384 9 0 0 50 218 6 7
3385 9 0 0 50 218 6 7
3386 9 0 0 50 218 6 7
3387 9 0 0 50 218 6 7
3388 9 0 0 50 218 6 7
3389 9 0 0 50 218 6 7
3390 9 0 0 50 218 6 7
3391 9 0 0 50 218 6 7
3392 9 0 0 50 218 6 7
3393 9 0 0 50 218 6 7
3394 9 0 0 50 218 6 7
3395 9 0 0 50 218 6 7
3396 9 0 0 50 218 6 7
3397 9 0 0 50 218 6 7
3398 9 0 0 50 218 6 7
3399 9 0 0 50 218 6 7
3400 9 0 0 50 218 6 7
3401 9 0 0 50 218 6 7
3402 9 0 0 50 218 6 7
3403 9 0 0 50 218 6 7
3404 9 0 0 50 218 6 7
3405 9 0 0 50 218 6 7
3406 9 0 0 50 218 6 7
3407 9 0 0 50 218 6 7
3408 9 0 0 50 218 6 8
3409 9 0 0 50 218 6 8
3410 9 0 0 50 219 6 7
3411 9 0 0 50 219 6 7
3412 9 0 0 50 219 6 7
3413 9 0 0 50 219 6 7
3414 9 0 0 50 219 6 7
3415 9 0 0 50 219 6 7
3416 9 0 0 50 219 6 7
3417 9 0 0 50 219 6 7
3418 9 0 0 50 219 6 7
3419 9 0 0 50 219 6 7
3420 9 0 0 50 219 6 7
3421 9 0 0 50 219 6 7
3422 9 0 0 50 219 6 7
3423 9 0 0 50 219 6 7
3424 9 0 0 50 219 6 7
3425 9 0 0 50 219 6 7
3426 9 0 0 50 219 6 7
3427 9 0 0 50 219 6 7
3428 9 0 0 50 219 6 7
3429 9 0 0 50 219 6 7
3430 9 0 0 50 219 6 7
3431 9 0 0 50 219 6 7
3432 9 0 0 50 219 6 7
3433 9 0 0 50 219 6 7
3434 9 0 0 50 219 6 7
3435 9 0 0 50 219 6 7
3436 9 0 0 50 219 6 7
3437 9 0 0 50 219 6 7
3438 9 0 0 50 219 6 7
3439 9 0 0 50 219 6 7
3440 9 0 0 50 219 6 7
3441 9 0 0 50 219 6 7
3442 9 0 0 50 219 6 7
3443 9 0 0 50 219 6 7
3444 9 0 0 50 219 6 7
3445 9 0 0 50 219 6 7
3446 9 0 0 50 219 6 7
3447 9 0 0 50 219 6 7
3448 9 0 0 50 219 6 7
3449 9 0 0 50 219 6 7
3450 9 0 0 50 219 6 7
3451 9 0 0 50 219 6 7
3452 9 0 0 50 219 6 7
3453 9 0 0 50 219 6 7
3454 9 0 0 50 219 6 7
3455 9 0 0 50 219 6 7
3456 9 0 0 50 219 6 7
3457 9 0 0 50 219 6 7
3458 9 0 0 50 219 6 7
3459 9 0 0 50 219 6 7
3460 9 0 0 50 219 6 7
3461 9 0 0 50 219 6 7
3462 9 0 0 50 219 6 7
3463 9 0 0 50 219 6 7
3464 9 0 0 50 219 6 8
3465 9 0 0 50 219 6 8
3466 9 0 0 50 220 6 7
3467 9 0 0 50 220 6 7
3468 9 0 0 50 220 6 7
3469 9 0 0 50 220 6 7
3470 9 0 0 50 220 6 7
3471 9 0 0 50 220 6 7
3472 9 0 0 50 220 6 7
3473 9 0 0 50 220 6 7
3474 9 0 0 50 220 6 7
3475 9 0 0 50 220 6 7
3476 9 0 0 50 220 6 7
3477 9 0 0 50 220 6 7
3478 9 0 0 50 220 6 7
3479 9 0 0 50 220 6 7
3480 9 0 0 50 220 6 7
3481 9 0 0 50 220 6 7
3482 9 0 0 50 220 6 7
3483 9 0 0 50 220 6 7
3484 9 0 0 50 220 6 7
3485 9 0 0 50 220 6 9
3486 9 0 0 50 220 6 11
3487 9 0 0 50 222 6 10
3488 9 0 0 50 224 6 8
3489 9 0 0 50 225 6 7
3490 9 0 0 50 225 6 7
3491 9 0 0 50 225 6 7
3492 9 0 0 50 225 6 7
3493 9 0 0 50 225 6 7
3494 9 0 0 50 225 6 7
3495 9 0 0 50 225 6 7
3496 9 0 0 50 225 6 7
3497 9 0 0 50 225 6 7
3498 9 0 0 50 225 6 7
3499 9 0 0 50 225 6 7
3500 9 0 0 50 225 6 7
3501 9 0 0 50 225 6 7
3502 9 0 0 50 225 6 7
3503 9 0 0 50 225 6 7
3504 9 0 0 50 225 6 7
3505 9 0 0 50 225 6 7
3506 9 0 0 50 225 6 7
3507 9 0 0 50 225 6 7
3508 9 0 0 50 225 6 7
3509 9 0 0 50 225 6 7
3510 9 0 0 50 225 6 7
3511 9 0 0 50 225 6 7
3512 9 0 0 50 225 6 7
3513 9 0 0 50 225 6 7
3514 9 0 0 50 225 6 7
3515 9 0 0 50 225 6 7
3516 9 0 0 50 225 6 7
3517 9 0 0 50 225 6 7
3518 9 0 0 50 225 6 7
3519 9 0 0 50 225 6 7
3520 9 0 0 50 225 6 7
3521 9 0 0 50 225 6 7
3522 9 0 0 50 225 6 7
3523 9 0 0 50 225 6 7
3524 9 0 0 50 225 6 7
3525 9 0 0 50 225 6 8
3526 9 0 0 50 225 6 8
3527 9 0 0 50 226 6 7
3528 9 0 0 50 226 6 7
3529 9 0 0 50 226 6 7
3530 9 0 0 50 226 6 7
3531 9 0 0 50 226 6 7
3532 9 0 0 50 226 6 7
3533 9 0 0 50 226 6 7
3534 9 0 0 50 226 6 7
3535 9 0 0 50 226 6 7
3536 9 0 0 50 226 6 7
3537 9 0 0 50 226 6 7
3538 9 0 0 50 226 6 7
3539 9 0 0 50 226 6 7
3540 9 0 0 50 226 6 7
3541 9 0 0 50 226 6 7
3542 9 0 0 50 226 6 7
3543 9 0 0 50 226 6 7
3544 9 0 0 50 226 6 7
3545 9 0 0 50 226 6 7
3546 9 0 0 50 226 6 7
3547 9 0 0 50 226 6 7
3548 9 0 0 50 226 6 7
3549 9 0 0 50 226 6 7
3550 9 0 0 50 226 6 7
3551 9 0 0 50 226 6 7
3552 9 0 0 50 226 6 7
3553 9 0 0 50 226 6 7
3554 9 0 0 50 226 6 7
3555 9 0 0 50 226 6 7
3556 9 0 0 50 226 6 7
3557 9 0 0 50 226 6 7
3558 9 0 0 50 226 6 7
3559 9 0 0 50 226 6 7
3560 9 0 0 50 226 6 7
3561 9 0 0 50 226 6 7
3562 9 0 0 50 226 6 7
3563 9 0 0 50 226 6 7
3564 9 0 0 50 226 6 7
3565 9 0 0 50 226 6 7
3566 9 0 0 50 226 6 7
3567 9 0 0 50 226 6 7
3568 9 0 0 50 226 6 7
3569 9 0 0 50 226 6 7
3570 9 0 0 50 226 6 7
3571 9 0 0 50 226 6 7
3572 9 0 0 50 226 6 7
3573 9 0 0 50 226 6 7
3574 9 0 0 50 226 6 7
3575 9 0 0 50 226 6 7
3576 9 0 0 50 226 6 7
3577 9 0 0 50 226 6 7
3578 9 0 0 50 226 6 7
3579 9 0 0 50 226 6 7
3580 9 0 0 50 226 6 7
3581 9 0 0 50 226 6 8
3582 9 0 0 50 226 6 8
3583 9 0 0 50 227 6 7
3584 9 0 0 50 227 6 7
3585 9 0 0 50 227 6 7
3586 9 0 0 50 227 6 7
3587 9 0 0 50 227 6 7
3588 9 0 0 50 227 6 7
3589 9 0 0 50 227 6 7
3590 9 0 0 50 227 6 7
3591 9 0 0 50 227 6 7
3592 9 0 0 50 227 6 7
3593 9 0 0 50 227 6 7
3594 9 0 0 50 227 6 7
3595 9 0 0 50 227 6 7
3596 9 0 0 50 227 6 7
3597 9 0 0 50 227 6 7
3598 9 0 0 50 227 6 7
3599 9 0 0 50 227 6 7
3600 9 0 0 50 227 6 7
3601 9 0 0 50 227 6 7
3602 9 0 0 50 227 6 9
3603 9 0 0 50 227 6 11
3604 9 0 0 50 229 6 10
3605 9 0 0 50 231 6 8
3606 9 0 0 50 232 6 7
3607 9 0 0 50 232 6 7
3608 9 0 0 50 232 6 7
3609 9 0 0 50 232 6 7
3610 9 0 0 50 232 6 7
3611 9 0 0 50 232 6 7
3612 9 0 0 50 232 6 7
3613 9 0 0 50 232 6 7
3614 9 0 0 50 232 6 7
3615 9 0 0 50 232 6 7
3616 9 0 0 50 232 6 7
3617 9 0 0 50 232 6 7
3618 9 0 0 50 232 6 7
3619 9 0 0 50 232 6 7
3620 9 0 0 50 232 6 7
3621 9 0 0 50 232 6 7
3622 9 0 0 50 232 6 7
3623 9 0 0 50 232 6 7
3624 9 0 0 50 232 6 7
3625 9 0 0 50 232 6 7
3626 9 0 0 50 232 6 7
3627 9 0 0 50 232 6 7
3628 9 0 0 50 232 6 7
3629 9 0 0 50 232 6 7
3630 9 0 0 50 232 6 7
3631 9 0 0 50 232 6 7
3632 9 0 0 50 232 6 7
3633 9 0 0 50 232 6 7
3634 9 0 0 50 232 6 7
3635 9 0 0 50 232 6 7
3636 9 0 0 50 232 6 7
3637 9 0 0 50 232 6 7
3638 9 0 0 50 232 6 7
3639 9 0 0 50 232 6 7
3640 9 0 0 50 232 6 7
3641 9 0 0 50 232 6 7
3642 9 0 0 50 232 6 8
3643 9 0 0 50 232 6 8
3644 9 0 0 50 233 6 7
3645 9 0 0 50 233 6 7
3646 9 0 0 50 233 6 7
3647 9 0 0 50 233 6 7
3648 9 0 0 50 233 6 7
3649 9 0 0 50 233 6 7
3650 9 0 0 50 233 6 7
3651 9 0 0 50 233 6 7
3652 9 0 0 50 233 6 7
3653 9 0 0 50 233 6 7
3654 9 0 0 50 233 6 7
3655 9 0 0 50 233 6 7
3656 9 0 0 50 233 6 7
3657 9 0 0 50 233 6 7
3658 9 0 0 50 233 6 7
3659 9 0 0 50 233 6 7
3660 9 0 0 50 233 6 7
3661 9 0 0 50 233 6 7
3662 9 0 0 50 233 6 7
3663 9 0 0 50 233 6 7
3664 9 0 0 50 233 6 7
3665 9 0 0 50 233 6 7
3666 9 0 0 50 233 6 7
3667 9 0 0 50 233 6 7
3668 9 0 0 50 233 6 7
3669 9 0 0 50 233 6 7
3670 9 0 0 50 233 6 7
3671 9 0 0 50 233 6 7
3672 9 0 0 50 233 6 7
3673 9 0 0 50 233 6 7
3674 9 0 0 50 233 6 7
3675 9 0 0 50 233 6 7
3676 9 0 0 50 233 6 7
3677 9 0 0 50 233 6 7
3678 9 0 0 50 233 6 7
3679 9 0 0 50 233 6 7
3680 9 0 0 50 233 6 7
3681 9 0 0 50 233 6 7
3682 9 0 0 50 233 6 7
3683 9 0 0 50 233 6 7
3684 9 0 0 50 233 6 7
3685 9 0 0 50 233 6 7
3686 9 0 0 50 233 6 7
3687 9 0 0 50 233 6 7
3688 9 0 0 50 233 6 7
3689 9 0 0 50 233 6 7
3690 9 0 0 50 233 6 7
3691 9 0 0 50 233 6 7
3692 9 0 0 50 233 6 7
3693 9 0 0 50 233 6 7
3694 9 0 0 50 233 6 7
3695 9 0 0 50 233 6 7
3696 9 0 0 50 233 6 7
3697 9 0 0 50 233 6 7
3698 9 0 0 50 233 6 8
3699 9 0 0 50 233 6 8
3700 9 0 0 50 234 6 7
3701 9 0 0 50 234 6 7
3702 9 0 0 50 234 6 7
3703 9 0 0 50 234 6 7
3704 9 0 0 50 234 6 7
3705 9 0 0 50 234 6 7
3706 9 0 0 50 234 6 7
3707 9 0 0 50 234 6 7
3708 9 0 0 50 234 6 7
3709 9 0 0 50 234 6 7
3710 9 0 0 50 234 6 7
3711 9 0 0 50 234 6 7
3712 9 0 0 50 234 6 7
3713 9 0 0 50 234 6 7
3714 9 0 0 50 234 6 7
3715 9 0 0 50 234 6 7
3716 9 0 0 50 234 6 7
3717 9 0 0 50 234 6 7
3718 9 0 0 50 234 6 7
3719 9 0 0 50 234 6 9
3720 9 0 0 50 234 6 11
3721 9 0 0 50 237 6 9
3722 9 0 0 50 238 6 8
3723 9 0 0 50 239 6 7
3724 9 0 0 50 236 7 8
3725 9 0 0 50 236 7 8
3726 9 0 0 50 236 7 8
3727 9 0 0 50 236 7 8
3728 9 0 0 50 236 7 8
3729 9 0 0 50 236 7 8
3730 9 0 0 50 236 7 8
3731 9 0 0 50 236 7 8
3732 9 0 0 50 236 7 8
3733 9 0 0 50 236 7 8
3734 9 0 0 50 236 7 8
3735 9 0 0 50 236 7 8
3736 9 0 0 50 236 7 8
3737 9 0 0 50 236 7 8
3738 9 0 0 50 236 7 8
3739 9 0 0 50 236 7 8
3740 9 0 0 50 236 7 8
3741 9 0 0 50 236 7 8
3742 9 0 0 50 236 7 8
3743 9 0 0 50 236 7 8
3744 9 0 0 50 236 7 8
3745 9 0 0 50 236 7 8
3746 9 0 0 50 236 7 8
3747 9 0 0 50 236 7 8
3748 9 0 0 50 236 7 8
3749 9 0 0 50 236 7 8
3750 9 0 0 50 236 7 8
3751 9 0 0 50 236 7 8
3752 9 0 0 50 236 7 8
3753 9 0 0 50 236 7 8
3754 9 0 0 50 236 7 8
3755 9 0 0 50 236 7 8
3756 9 0 0 50 236 7 8
3757 9 0 0 50 236 7 8
3758 9 0 0 50 236 7 8
3759 9 0 0 50 236 7 9
3760 9 0 0 50 236 7 9
3761 9 0 0 50 237 7 8
3762 9 0 0 50 237 7 9
3763 9 0 0 50 237 7 9
3764 9 0 0 50 237 7 9
3765 9 0 0 50 237 7 9
3766 9 0 0 50 237 7 9
3767 9 0 0 50 237 7 9
3768 9 0 0 50 237 7 9
3769 9 0 0 50 237 7 9
3770 9 0 0 50 237 7 9
3771 9 0 0 50 237 7 9
3772 9 0 0 50 237 7 9
3773 9 0 0 50 237 7 9
3774 9 0 0 50 237 7 9
3775 9 0 0 50 237 7 9
3776 9 0 0 50 237 7 9
3777 9 0 0 50 237 7 9
3778 9 0 0 50 237 7 9
3779 9 0 0 50 237 7 9
3780 9 0 0 50 237 7 9
3781 9 0 0 50 237 7 9
3782 9 0 0 50 237 7 9
3783 9 0 0 50 237 7 9
3784 9 0 0 50 237 7 9
3785 9 0 0 50 237 7 9
3786 9 0 0 50 237 7 9
3787 9 0 0 50 237 7 9
3788 9 0 0 50 237 7 9
3789 9 0 0 50 237 7 9
3790 9 0 0 50 237 7 9
3791 9 0 0 50 237 7 9
3792 9 0 0 50 237 7 9
3793 9 0 0 50 237 7 9
3794 9 0 0 50 237 7 9
3795 9 0 0 50 237 7 9
3796 9 0 0 50 237 7 9
3797 9 0 0 50 237 7 9
3798 9 0 0 50 237 7 9
3799 9 0 0 50 237 7 9
3800 9 0 0 50 237 7 9
3801 9 0 0 50 237 7 9
3802 9 0 0 50 237 7 9
3803 9 0 0 50 237 7 9
3804 9 0 0 50 237 7 9
3805 9 0 0 50 237 7 9
3806 9 0 0 50 237 7 9
3807 9 0 0 50 237 7 9
3808 9 0 0 50 237 7 9
3809 9 0 0 50 237 7 9
3810 9 0 0 50 237 7 9
3811 9 0 0 50 237 7 9
3812 9 0 0 50 237 7 9
3813 9 0 0 50 237 7 9
3814 9 0 0 50 237 7 9
3815 9 0 0 50 237 7 10
3816 9 0 0 50 237 7 10
3817 9 0 0 50 238 7 9
3818 9 0 0 50 238 7 9
3819 9 0 0 50 238 7 9
3820 9 0 0 50 238 7 9
3821 9 0 0 50 238 7 9
3822 9 0 0 50 238 7 9
3823 9 0 0 50 238 7 9
3824 9 0 0 50 238 7 9
3825 9 0 0 50 238 7 9
3826 9 0 0 50 238 7 9
3827 9 0 0 50 238 7 9
3828 9 0 0 50 238 7 9
3829 9 0 0 50 238 7 9
3830 9 0 0 50 238 7 9
3831 9 0 0 50 238 7 9
3832 9 0 0 50 238 7 9
3833 9 0 0 50 238 7 9
3834 9 0 0 50 238 7 9
3835 9 0 0 50 238 7 9
3836 9 0 0 50 238 7 11
3837 9 0 0 50 238 7 13
3838 9 0 0 50 240 7 12
3839 9 0 0 50 242 7 10
3840 9 0 0 50 243 7 10
3841 9 0 0 50 243 7 10
3842 9 0 0 50 244 7 9
3843 9 0 0 50 244 7 9
3844 9 0 0 50 244 7 9
3845 9 0 0 50 244 7 9
3846 9 0 0 50 244 7 9
3847 9 0 0 50 244 7 9
3848 9 0 0 50 244 7 9
3849 9 0 0 50 244 7 9
3850 10 0 0 49 244 7 9
3851 10 0 0 49 244 7 9
3852 10 0 0 49 244 7 9
3853 10 0 0 49 244 7 9
3854 10 0 0 49 244 7 9
3855 10 0 0 49 244 7 9
3856 10 0 0 49 244 7 9
3857 10 0 0 49 244 7 9
3858 10 0 0 49 244 7 9
3859 10 0 0 49 244 7 9
3860 10 0 0 49 244 7 9
3861 10 0 0 49 244 7 9
3862 10 0 0 49 244 7 9
3863 10 0 0 49 244 7 9
3864 10 0 0 49 244 7 9
3865 10 0 0 49 244 7 9
3866 10 0 0 49 244 7 9
3867 10 0 0 49 244 7 9
3868 10 0 0 49 244 7 9
3869 10 0 0 49 244 7 9
3870 10 0 0 49 244 7 9
3871 10 0 0 49 244 7 9
3872 10 0 0 49 244 7 9
3873 10 0 0 49 244 7 9
3874 10 0 0 49 244 7 9
3875 10 0 0 49 244 7 9
3876 10 0 0 49 244 7 10
3877 10 0 0 49 245 7 9
3878 10 0 0 49 245 7 10
3879 10 0 0 49 245 7 10
3880 10 0 0 49 246 7 9
3881 10 0 0 49 246 7 9
3882 10 0 0 49 246 7 9
3883 10 0 0 49 246 7 9
3884 10 0 0 49 246 7 9
3885 10 0 0 49 246 7 9
3886 10 0 0 49 246 7 9
3887 10 0 0 49 246 7 9
3888 10 0 0 49 246 7 9
3889 10 0 0 49 246 7 9
3890 10 0 0 49 246 7 9
3891 10 0 0 49 246 7 9
3892 10 0 0 49 246 7 9
3893 10 0 0 49 246 7 9
3894 10 0 0 49 246 7 9
3895 10 0 0 49 246 7 9
3896 10 0 0 49 246 7 9
3897 10 0 0 49 246 7 9
3898 10 0 0 49 246 7 9
3899 10 0 0 49 246 7 9
3900 10 0 0 49 246 7 9
3901 10 0 0 49 246 7 9
3902 10 0 0 49 246 7 9
3903 10 0 0 49 246 7 9
3904 10 0 0 49 246 7 9
3905 10 0 0 49 246 7 9
3906 10 0 0 49 246 7 9
3907 10 0 0 49 246 7 9
3908 10 0 0 49 246 7 9
3909 10 0 0 49 246 7 9
3910 10 0 0 49 246 7 9
3911 10 0 0 49 246 7 9
3912 10 0 0 49 246 7 9
3913 10 0 0 49 246 7 9
3914 10 0 0 49 246 7 9
3915 10 0 0 49 246 7 9
3916 10 0 0 49 246 7 9
3917 10 0 0 49 246 7 9
3918 10 0 0 49 246 7 9
3919 10 0 0 49 246 7 9
3920 10 0 0 49 246 7 9
3921 10 0 0 49 246 7 9
3922 10 0 0 49 246 7 9
3923 10 0 0 49 246 7 9
3924 10 0 0 49 246 7 9
3925 10 0 0 49 246 7 9
3926 10 0 0 49 246 7 9
3927 10 0 0 49 246 7 9
3928 10 0 0 49 246 7 9
3929 10 0 0 49 246 7 9
3930 10 0 0 49 246 7 9
3931 10 0 0 49 246 7 9
3932 10 0 0 49 246 7 10
3933 10 0 0 49 246 7 10
3934 10 0 0 49 247 7 9
3935 10 0 0 49 247 7 9
3936 10 0 0 49 247 7 9
3937 10 0 0 49 247 7 9
3938 10 0 0 49 247 7 9
3939 10 0 0 49 247 7 9
3940 10 0 0 49 247 7 9
3941 10 0 0 49 247 7 9
3942 10 0 0 49 247 7 9
3943 10 0 0 49 247 7 9
3944 10 0 0 49 247 7 9
3945 10 0 0 49 247 7 9
3946 10 0 0 49 247 7 9
3947 10 0 0 49 247 7 9
3948 10 0 0 49 247 7 9
3949 10 0 0 49 247 7 9
3950 10 0 0 49 247 7 9
3951 10 0 0 49 247 7 9
3952 10 0 0 49 247 7 9
3953 10 0 0 49 247 7 11
3954 10 0 0 49 247 7 13
3955 10 0 0 49 249 7 12
3956 10 0 0 49 251 7 10
3957 10 0 0 49 252 7 10
3958 10 0 0 49 252 7 10
3959 10 0 0 49 253 7 9
3960 10 0 0 49 253 7 9
3961 10 0 0 49 253 7 9
3962 10 0 0 49 253 7 9
3963 10 0 0 49 253 7 9
3964 10 0 0 49 253 7 9
3965 10 0 0 49 253 7 9
3966 10 0 0 49 253 7 9
3967 10 0 0 49 253 7 9
3968 10 0 0 49 253 7 9
3969 10 0 0 49 253 7 9
3970 10 0 0 49 253 7 9
3971 10 0 0 49 253 7 9
3972 10 0 0 49 253 7 9
3973 10 0 0 49 253 7 9
3974 10 0 0 49 253 7 9
3975 10 0 0 49 253 7 9
3976 10 0 0 49 253 7 9
3977 10 0 0 49 253 7 9
3978 10 0 0 49 253 7 9
3979 10 0 0 49 253 7 9
3980 10 0 0 49 253 7 9
3981 10 0 0 49 253 7 9
3982 10 0 0 49 253 7 9
3983 10 0 0 49 253 7 9
3984 10 0 0 49 253 7 9
3985 10 0 0 49 253 7 9
3986 10 0 0 49 253 7 9
3987 10 0 0 49 253 7 9
3988 10 0 0 49 253 7 9
3989 10 0 0 49 253 7 9
3990 10 0 0 49 253 7 9
3991 10 0 0 49 253 7 9
3992 10 0 0 49 253 7 9
3993 10 0 0 49 253 7 10
3994 10 0 0 49 253 7 10
3995 10 0 0 49 254 7 10
3996 10 0 0 49 254 7 10
3997 10 0 0 49 255 7 9
3998 10 0 0 49 255 7 9
3999 10 0 0 49 255 7 9
4000 10 0 0 49 255 7 9
