591.799 455.989 5.295 9.953 12.0829 0.1 0 75 3 1 -4.41943e-09 -3.1677e-09 0 0 6.16068e-310 0 0 0
597.212 416.766 5.295 9.953 12.0829 0.1 0 161 3 1 1.81463e-10 -5.49396e-09 0 0 6.95292e-310 4.66338e-310 0 0
596.555 436.661 5.295 9.953 12.0829 0.1 0 94 3 1 -9.29786e-11 -4.12357e-09 0 0 6.95292e-310 4.66338e-310 0 0
614.609 428.277 5.295 9.953 12.0829 0.1 0 90 3 1 1.33064e-09 -3.40801e-09 0 0 6.95292e-310 4.66338e-310 0 0
624.345 445.639 5.295 9.953 12.0829 0.1 0 67 3 1 9.5232e-10 -2.12878e-09 0 0 6.95292e-310 4.66338e-310 0 0
611.172 460.562 5.295 9.953 12.0829 0.1 0 52 3 1 -3.045e-09 -3.56028e-09 0 0 1.58101e-322 4.66441e-310 0 0
639.122 432.302 5.295 9.953 12.0829 0.1 0 75 3 1 2.35023e-09 -2.12118e-09 0 0 6.95292e-310 4.66338e-310 0 0
643.081 452.361 5.295 9.953 12.0829 0.1 0 49 3 1 1.70032e-09 -1.24124e-09 0 0 4.00421e-311 1.26481e-321 0 0
661.112 428.823 5.295 9.953 12.0829 0.1 0 90 3 1 -9.59659e-10 -6.72876e-10 0 0 6.95292e-310 6.16069e-310 0 0
677.41 440.251 5.295 9.953 12.0829 0.1 0 77 3 1 3.08171e-09 -5.34297e-09 0 0 6.95292e-310 4.66338e-310 0 0
662.94 453.919 5.295 9.953 12.0829 0.1 0 51 3 1 1.16014e-09 -4.89e-09 0 0 4.66338e-310 3.16202e-322 0 0
697.312 440.64 5.295 9.953 12.0829 0.1 0 110 3 1 4.16031e-09 8.13508e-11 0 0 6.95292e-310 4.66338e-310 0 0
685.204 458.968 5.295 9.953 12.0829 0.1 0 64 3 1 6.11183e-11 -6.31132e-11 0 0 7.95446e-322 4.66338e-310 0 0
587.934 475.516 5.295 9.953 12.0829 0.1 0 65 3 1 -7.66329e-09 -1.6314e-09 0 0 1.06076e-320 0 0 0
607.307 480.088 5.295 9.953 12.0829 0.1 0 44 3 1 -5.76834e-09 -2.36338e-09 0 0 1.22133e-320 3.16202e-322 0 0
651.663 470.322 5.295 9.953 12.0829 0.1 0 36 3 1 3.19853e-09 -9.32113e-10 0 0 6.95292e-310 4.66338e-310 0 0
629.643 467.982 5.295 9.953 12.0829 0.1 0 38 3 1 -3.24481e-10 -6.91244e-09 0 0 3.21143e-322 4.66338e-310 0 0
671.356 473.267 5.295 9.953 12.0829 0.1 0 41 3 1 -6.11183e-11 6.31132e-11 0 0 4.66338e-310 3.16202e-322 0 0
704.067 465.383 5.295 9.953 12.0829 0.1 0 82 3 1 2.19856e-09 -4.83097e-09 0 0 6.95292e-310 6.16069e-310 0 0
695.822 483.5 5.295 9.953 12.0829 0.1 0 65 3 1 5.02136e-09 -2.05373e-09 0 0 4.66338e-310 3.16202e-322 0 0
583.537 494.929 5.295 9.953 12.0829 0.1 0 66 3 2 -3.89523e-09 1.39819e-09 0 0 1.58101e-322 4.66441e-310 0 0
602.392 501.308 5.295 9.953 12.0829 0.1 0 43 3 1 -4.63479e-09 1.00835e-08 0 0 6.95292e-310 4.66338e-310 0 0
621.081 494.458 5.295 9.953 12.0829 0.1 0 34 3 1 -5.44288e-09 7.1412e-10 0 0 4.66338e-310 4.74303e-322 0 0
638.905 485.601 5.295 9.953 12.0829 0.1 0 32 3 1 -3.24166e-09 -3.28506e-09 0 0 6.95292e-310 4.66338e-310 0 0
645.306 504.557 5.295 9.953 12.0829 0.1 1 648 0 0 1.30932e-09 -3.3186e-09 0 0 6.37345e-322 4.66338e-310 0 0
658.516 489.01 5.295 9.953 12.0829 0.1 1 941 0 0 -5.13119e-10 1.28632e-09 0 0 6.95292e-310 4.66338e-310 0 0
664.932 507.882 5.295 9.953 12.0829 0.1 0 36 3 1 1.48679e-09 -2.80447e-09 0 0 6.16068e-310 3.79442e-321 0 0
678.1 492.564 5.295 9.953 12.0829 0.1 0 43 3 1 3.35566e-09 -2.52084e-10 0 0 6.95292e-310 4.66338e-310 0 0
715.726 483.301 5.295 9.953 12.0829 0.1 0 91 3 1 6.51249e-09 -1.71456e-09 0 0 6.95292e-310 4.66338e-310 0 0
713.954 503.128 5.295 9.953 12.0829 0.1 0 98 3 1 7.32048e-09 -8.79939e-10 0 0 6.95292e-310 6.16069e-310 0 0
720.416 521.955 5.295 9.953 12.0829 0.1 0 105 3 1 1.77441e-09 1.93087e-09 0 0 6.16068e-310 0 0 0
550.274 516.8 5.295 9.953 12.0829 0.1 0 157 3 1 -6.59982e-09 4.26106e-09 0 0 6.95292e-310 4.66338e-310 0 0
566.997 506.003 5.295 9.953 12.0829 0.1 0 91 3 1 -7.32107e-09 1.0559e-10 0 0 6.95292e-310 4.66338e-310 0 0
581.361 519.784 5.295 9.953 12.0829 0.1 0 79 3 1 -6.20856e-09 6.89129e-10 0 0 6.95292e-310 4.66338e-310 0 0
601.032 522.825 5.295 9.953 12.0829 0.1 0 51 3 1 -5.5957e-09 8.44573e-09 0 0 6.95292e-310 4.66338e-310 0 0
583.94 539.522 5.295 9.953 12.0829 0.1 0 73 3 1 -1.05276e-09 5.43409e-10 0 0 9.34278e-321 4.66338e-310 0 0
618.997 514.253 5.295 9.953 12.0829 0.1 0 40 3 1 -5.2574e-09 3.6306e-09 0 0 6.95292e-310 4.66338e-310 0 0
620.55 534.098 5.295 9.953 12.0829 0.1 0 46 3 1 2.1672e-09 4.40462e-09 0 0 4.66338e-310 3.30395e-311 0 0
637.038 522.664 5.295 9.953 12.0829 0.1 0 35 3 1 4.17604e-10 -2.48961e-09 0 0 6.95292e-310 4.66338e-310 0 0
643.955 541.329 5.295 9.953 12.0829 0.1 0 42 3 1 1.34404e-09 -5.86874e-10 0 0 2.06025e-321 4.66338e-310 0 0
656.663 525.988 5.295 9.953 12.0829 0.1 0 37 3 1 2.19296e-09 -1.33663e-09 0 0 6.16068e-310 0 0 0
694.09 504.418 5.295 9.953 12.0829 0.1 0 54 3 1 5.76786e-09 1.22766e-09 0 0 6.95292e-310 4.66338e-310 0 0
680.643 520.736 5.295 9.953 12.0829 0.1 0 52 3 1 -0 -0 0 0 6.95292e-310 4.66338e-310 0 0
700.552 523.245 5.295 9.953 12.0829 0.1 0 68 3 1 1.35902e-09 5.04468e-09 0 0 9.40207e-321 4.66338e-310 0 0
603.32 544.065 5.295 9.953 12.0829 0.1 0 64 3 1 -5.84302e-10 1.28043e-09 0 0 6.95292e-310 4.66338e-310 0 0
591.335 561.678 5.295 9.953 12.0829 0.1 0 91 3 1 -2.19459e-09 3.50136e-10 0 0 6.95292e-310 4.66338e-310 0 0
572.343 555.719 5.295 9.953 12.0829 0.1 0 121 3 1 -2.87966e-09 -9.0353e-10 0 0 0 0 0 0
611.123 563.836 5.295 9.953 12.0829 0.1 0 76 3 1 -1.01273e-09 1.85332e-09 0 0 6.95292e-310 4.66338e-310 0 0
608.826 583.609 5.295 9.953 12.0829 0.1 0 122 3 1 -3.44008e-10 2.95998e-09 0 0 0 0 0 0
627.718 552.844 5.295 9.953 12.0829 0.1 0 56 3 1 -4.69075e-11 3.34215e-10 0 0 6.95292e-310 4.66338e-310 0 0
671.989 538.691 5.295 9.953 12.0829 0.1 0 48 3 1 2.01401e-09 1.71147e-09 0 0 6.95292e-310 4.66338e-310 0 0
659.29 554.02 5.295 9.953 12.0829 0.1 0 57 3 1 2.01905e-09 1.86269e-09 0 0 6.95292e-310 4.66338e-310 0 0
656.002 576.79 5.295 9.953 12.0829 0.1 0 89 3 1 -0 -0 0 0 6.95292e-310 4.66338e-310 0 0
692.635 580.356 5.295 9.953 12.0829 0.1 0 126 3 1 3.12088e-10 -9.98375e-11 0 0 6.95292e-310 4.66338e-310 0 0
673.676 586.421 5.295 9.953 12.0829 0.1 0 110 3 1 1.46381e-09 4.616e-09 0 0 6.95292e-310 4.66338e-310 0 0
663.93 603.778 5.295 9.953 12.0829 0.1 0 171 3 1 -2.23959e-09 3.9887e-09 0 0 0 0 0 0
705.38 542.555 5.295 9.953 12.0829 0.1 0 90 3 1 7.57507e-09 5.2297e-09 0 0 6.95292e-310 4.66338e-310 0 0
687.458 551.217 5.295 9.953 12.0829 0.1 0 74 3 1 4.14408e-09 1.5169e-09 0 0 6.95292e-310 4.66338e-310 0 0
674.759 566.545 5.295 9.953 12.0829 0.1 0 78 3 1 3.46641e-09 2.99544e-09 0 0 0 0 0 0
80 235 2.6475 4.9765 6.04147 0.1 0 0 7 7 -0 -0.0266735 0 0 0 0 0 0
80 244 2.6475 4.9765 6.04147 0.1 0 0 7 7 -0 -0 0 0 4.03179e-313 6.36599e-313 0 0
80 253 2.6475 4.9765 6.04147 0.1 0 0 7 7 -0 -0 0 0 4.66338e-310 3.16202e-322 0 0
80 262 2.6475 4.9765 6.04147 0.1 0 0 7 7 -0 -0 0 0 1.58101e-322 4.66441e-310 0 0
80 271 2.6475 4.9765 6.04147 0.1 0 0 7 7 -0 -0 0 0 0 3.16202e-322 0 0
80 280 2.6475 4.9765 6.04147 0.1 0 0 7 7 -0 -0 0 0 1.26975e-321 4.66338e-310 0 0
80 289 2.6475 4.9765 6.04147 0.1 0 0 7 7 -0 -0 0 0 4.66338e-310 7.38455e-312 0 0
80 298 2.6475 4.9765 6.04147 0.1 0 0 7 7 -0 -0 0 0 3.16202e-322 4.66441e-310 0 0
80 307 2.6475 4.9765 6.04147 0.1 0 0 7 7 -0 -0 0 0 4.66338e-310 1.10671e-321 0 0
80 316 2.6475 4.9765 6.04147 0.1 0 0 7 7 -0 -0 0 0 4.66338e-310 1.58101e-322 0 0
80 325 2.6475 4.9765 6.04147 0.1 0 0 7 7 -0 -0 0 0 1.58101e-322 4.66441e-310 0 0
80 334 2.6475 4.9765 6.04147 0.1 0 0 7 7 -0 -0 0 0 4.66338e-310 3.16202e-322 0 0
80 343 2.6475 4.9765 6.04147 0.1 0 0 7 7 -0 -0 0 0 1.58101e-322 4.66441e-310 0 0
80 352 2.6475 4.9765 6.04147 0.1 0 0 7 7 -0 -0 0 0 4.66338e-310 4.64717e-312 0 0
80 361 2.6475 4.9765 6.04147 0.1 0 0 7 7 -0 -0 0 0 3.16202e-322 4.66441e-310 0 0
80 370 2.6475 4.9765 6.04147 0.1 0 0 7 7 -0 -0 0 0 4.66338e-310 6.32404e-322 0 0
80 379 2.6475 4.9765 6.04147 0.1 0 0 7 7 -0 -0 0 0 1.58101e-322 1.13852e-313 0 0
80 388 2.6475 4.9765 6.04147 0.1 0 0 7 7 -0 -0 0 0 4.66338e-310 0 0 0
80 397 2.6475 4.9765 6.04147 0.1 0 0 7 7 -0 -0 0 0 3.16202e-322 4.66338e-310 0 0
80 406 2.6475 4.9765 6.04147 0.1 0 0 7 7 -0 -0 0 0 0 4.66338e-310 0 0
80 415 2.6475 4.9765 6.04147 0.1 0 0 7 7 -0 -0 0 0 1.35127e-320 0 0 0
80 424 2.6475 4.9765 6.04147 0.1 0 0 7 7 -0 -0 0 0 6.16068e-310 5.77607e-311 0 0
80 433 2.6475 4.9765 6.04147 0.1 0 0 7 7 -0 -0 0 0 3.16202e-322 4.66441e-310 0 0
80 442 2.6475 4.9765 6.04147 0.1 0 0 7 7 -0 -0 0 0 0 3.16202e-322 0 0
80 451 2.6475 4.9765 6.04147 0.1 0 0 7 7 -0 -0 0 0 0 4.66338e-310 0 0
80 460 2.6475 4.9765 6.04147 0.1 0 0 7 7 -0 -0 0 0 -nan 1.26481e-321 0 0
80 469 2.6475 4.9765 6.04147 0.1 0 0 7 7 -0 -0 0 0 6.16068e-310 0 0 0
80 478 2.6475 4.9765 6.04147 0.1 0 0 7 7 -0 -0 0 0 1.58101e-322 4.66441e-310 0 0
80 487 2.6475 4.9765 6.04147 0.1 0 0 7 7 -0 -0 0 0 4.66338e-310 3.16202e-322 0 0
80 496 2.6475 4.9765 6.04147 0.1 0 0 7 7 -0 -0 0 0 3.21143e-322 4.66338e-310 0 0
80 505 2.6475 4.9765 6.04147 0.1 0 0 7 7 -0 -0 0 0 4.66338e-310 1.58101e-322 0 0
80 514 2.6475 4.9765 6.04147 0.1 0 0 7 7 -0 -0 0 0 1.58101e-322 4.66441e-310 0 0
80 523 2.6475 4.9765 6.04147 0.1 0 0 7 7 -0 -0 0 0 4.66338e-310 0 0 0
80 532 2.6475 4.9765 6.04147 0.1 0 0 7 7 -0 -0 0 0 1.58101e-322 4.66441e-310 0 0
80 541 2.6475 4.9765 6.04147 0.1 0 0 7 7 -0 -0 0 0 4.66338e-310 7.27265e-321 0 0
80 550 2.6475 4.9765 6.04147 0.1 0 0 7 7 -0 -0 0 0 0 4.6633e-310 0 0
80 559 2.6475 4.9765 6.04147 0.1 0 0 7 7 -0 -0 0 0 4.66338e-310 4.66338e-310 0 0
80 568 2.6475 4.9765 6.04147 0.1 0 0 7 7 -0 -0 0 0 4.66338e-310 4.66338e-310 0 0
80 577 2.6475 4.9765 6.04147 0.1 0 0 7 7 -0 -0 0 0 4.66338e-310 4.66338e-310 0 0
80 586 2.6475 4.9765 6.04147 0.1 0 0 7 7 -0 -0 0 0 4.66338e-310 4.66338e-310 0 0
80 595 2.6475 4.9765 6.04147 0.1 0 0 7 7 -0 -0 0 0 4.66338e-310 4.66338e-310 0 0
80 604 2.6475 4.9765 6.04147 0.1 0 0 7 7 -0 -0 0 0 4.66338e-310 4.66338e-310 0 0
80 613 2.6475 4.9765 6.04147 0.1 0 0 7 7 -0 -0 0 0 0 0 0 0
80 622 2.6475 4.9765 6.04147 0.1 0 0 7 7 -0 -0 0 0 4.66338e-310 4.66338e-310 0 0
80 631 2.6475 4.9765 6.04147 0.1 0 0 7 7 -0 -0 0 0 6.16068e-310 0 0 0
80 640 2.6475 4.9765 6.04147 0.1 0 0 7 7 -0 -0 0 0 3.16202e-322 4.66441e-310 0 0
80 649 2.6475 4.9765 6.04147 0.1 0 0 7 7 -0 -0 0 0 4.66338e-310 0 0 0
80 658 2.6475 4.9765 6.04147 0.1 0 0 7 7 -0 -0 0 0 6.39321e-321 4.66338e-310 0 0
80 667 2.6475 4.9765 6.04147 0.1 0 0 7 7 -0 -0 0 0 2.75647e-311 4.11063e-321 0 0
80 676 2.6475 4.9765 6.04147 0.1 0 0 7 7 -0 -0 0 0 1.63042e-322 4.66338e-310 0 0
80 685 2.6475 4.9765 6.04147 0.1 0 0 7 7 -0 -0 0 0 4.66338e-310 4.91666e-311 0 0
80 694 2.6475 4.9765 6.04147 0.1 0 0 7 7 -0 -0 0 0 6.46238e-321 4.66338e-310 0 0
80 703 2.6475 4.9765 6.04147 0.1 0 0 7 7 -0 -0 0 0 4.66338e-310 1.58101e-322 0 0
80 712 2.6475 4.9765 6.04147 0.1 0 0 7 7 -0 -0 0 0 6.5019e-321 4.66338e-310 0 0
80 721 2.6475 4.9765 6.04147 0.1 0 0 7 7 -0 -0 0 0 9.31556e-312 1.99468e-311 0 0
80 730 2.6475 4.9765 6.04147 0.1 0 0 7 7 -0 -0 0 0 3.16202e-322 4.66441e-310 0 0
80 739 2.6475 4.9765 6.04147 0.1 0 0 7 7 -0 -0 0 0 6.09013e-312 2.22597e-311 0 0
80 748 2.6475 4.9765 6.04147 0.1 0 0 7 7 -0 -0 0 0 3.16202e-322 4.66441e-310 0 0
80 757 2.6475 4.9765 6.04147 0.1 0 0 7 7 -0 -0 0 0 4.66338e-310 1.58101e-322 0 0
80 766 2.6475 4.9765 6.04147 0.1 0 0 7 7 -0 -0 0 0 0 4.66338e-310 0 0
80 775 2.6475 4.9765 6.04147 0.1 0 0 7 7 -0 0.0266735 0 0 6.16068e-310 0 0 0
100 208 2.6475 4.9765 6.04147 0.1 0 0 7 7 -0 -0.0266735 0 0 3.02368e-321 4.66338e-310 0 0
100 217 2.6475 4.9765 6.04147 0.1 0 0 7 7 -0 -0 0 0 6.16068e-310 0 0 0
100 226 2.6475 4.9765 6.04147 0.1 0 0 7 7 -0 -0 0 0 8.8586e-321 4.66338e-310 0 0
100 235 2.6475 4.9765 6.04147 0.1 0 0 7 7 -0 -0 0 0 4.66338e-310 3.69439e-311 0 0
100 244 2.6475 4.9765 6.04147 0.1 0 0 7 7 -0 -0 0 0 3.21143e-322 4.66338e-310 0 0
100 253 2.6475 4.9765 6.04147 0.1 0 0 7 7 -0 -0 0 0 4.66338e-310 2.68772e-321 0 0
100 262 2.6475 4.9765 6.04147 0.1 0 0 7 7 -0 -0 0 0 7.95446e-322 4.66338e-310 0 0
100 271 2.6475 4.9765 6.04147 0.1 0 0 7 7 -0 -0 0 0 1.10768e-311 1.35596e-311 0 0
100 280 2.6475 4.9765 6.04147 0.1 0 0 7 7 -0 -0 0 0 1.58101e-322 4.66441e-310 0 0
100 289 2.6475 4.9765 6.04147 0.1 0 0 7 7 -0 -0 0 0 4.66338e-310 1.58101e-322 0 0
100 298 2.6475 4.9765 6.04147 0.1 0 0 7 7 0.0059022 0.0307708 0 0 1.58101e-322 4.66441e-310 0 0
107.915 303.493 2.6475 4.9765 6.04147 0.1 0 0 7 15 -0.000409608 -0.000345893 0 0 6.16068e-310 7.90505e-321 0 0
115.868 308.925 2.6475 4.9765 6.04147 600 0 795 7 13 6.09803e-05 -6.41578e-05 0 0 0.981458 -0.191675 0 0
123.894 314.253 2.6475 4.9765 6.04147 600 0 912 7 13 0.000622479 0.000291478 0 0 0.981477 -0.191578 0 0
131.955 319.447 2.6475 4.9765 6.04147 600 0 912 9 13 -0.0022012 -0.00149955 0 0 0.992638 -0.121117 0 0
139.972 324.534 2.6475 4.9765 6.04147 0.1 0 322 8 10 -0.00676215 0.000312125 0 0 0.997582 -0.0694962 0 0
132.456 330.352 2.6475 4.9765 6.04147 600 0 912 9 14 0.0442477 -0.0276491 0 0 0.997582 -0.0694962 0 0
123.296 335.987 2.6475 4.9765 6.04147 600 0 912 7 14 -0.0454733 0.0281087 0 0 0.993382 -0.11486 0 0
115.46 341.152 2.6475 4.9765 6.04147 600 0 795 7 14 4.75897e-05 0.000151498 0 0 0.99597 -0.0896829 0 0
107.757 346.481 2.6475 4.9765 6.04147 0.1 0 0 7 15 0.00971896 -0.00682457 0 0 3.00886e-321 4.66338e-310 0 0
100 352 2.6475 4.9765 6.04147 0.1 0 0 7 7 -0.00489865 -0.0231872 0 0 4.2546e-311 1.24702e-320 0 0
100 361 2.6475 4.9765 6.04147 0.1 0 0 7 7 -0 -0 0 0 1.63042e-322 4.66338e-310 0 0
100 370 2.6475 4.9765 6.04147 0.1 0 0 7 7 -0 -0 0 0 4.66338e-310 1.58101e-322 0 0
100 379 2.6475 4.9765 6.04147 0.1 0 0 7 7 -0 -0 0 0 7.96434e-321 0 0 0
100 388 2.6475 4.9765 6.04147 0.1 0 0 7 7 -0 -0 0 0 4.66338e-310 1.89706e-311 0 0
100 397 2.6475 4.9765 6.04147 0.1 0 0 7 7 -0 -0 0 0 3.16202e-322 4.66441e-310 0 0
100 406 2.6475 4.9765 6.04147 0.1 0 0 7 7 -0 -0 0 0 0 4.66338e-310 0 0
100 415 2.6475 4.9765 6.04147 0.1 0 0 7 7 -0 -0 0 0 3.97025e-311 0 0 0
100 424 2.6475 4.9765 6.04147 0.1 0 0 7 7 -0 -0 0 0 4.66338e-310 0 0 0
100 433 2.6475 4.9765 6.04147 0.1 0 0 7 7 -0 -0 0 0 3.16202e-322 4.66441e-310 0 0
100 442 2.6475 4.9765 6.04147 0.1 0 0 7 7 -0 -0 0 0 4.66338e-310 1.58101e-322 0 0
100 451 2.6475 4.9765 6.04147 0.1 0 0 7 7 -0 -0 0 0 1.58101e-322 4.66441e-310 0 0
100 460 2.6475 4.9765 6.04147 0.1 0 0 7 7 -0 -0 0 0 4.66338e-310 4.80632e-311 0 0
100 469 2.6475 4.9765 6.04147 0.1 0 0 7 7 -0 -0 0 0 3.21143e-322 4.66338e-310 0 0
100 478 2.6475 4.9765 6.04147 0.1 0 0 7 7 -0 -0 0 0 1.58101e-322 4.66441e-310 0 0
100 487 2.6475 4.9765 6.04147 0.1 0 0 7 7 -0 -0 0 0 1.16402e-320 2.41895e-320 0 0
100 496 2.6475 4.9765 6.04147 0.1 0 0 7 7 -0 -0 0 0 9.4641e-312 4.19731e-311 0 0
100 505 2.6475 4.9765 6.04147 0.1 0 0 7 7 -0 -0 0 0 3.16202e-322 4.66441e-310 0 0
100 514 2.6475 4.9765 6.04147 0.1 0 0 7 7 -0 -0 0 0 1.58101e-322 4.66441e-310 0 0
100 523 2.6475 4.9765 6.04147 0.1 0 0 7 7 -0 -0 0 0 1.16896e-320 2.76677e-320 0 0
100 532 2.6475 4.9765 6.04147 0.1 0 0 7 7 -0 -0 0 0 3.81959e-312 3.22543e-311 0 0
100 541 2.6475 4.9765 6.04147 0.1 0 0 7 7 -0 -0 0 0 6.32898e-321 4.66338e-310 0 0
100 550 2.6475 4.9765 6.04147 0.1 0 0 7 7 -0 -0 0 0 1.58101e-322 4.66441e-310 0 0
100 559 2.6475 4.9765 6.04147 0.1 0 0 7 7 -0 -0 0 0 1.17094e-320 3.11459e-320 0 0
100 568 2.6475 4.9765 6.04147 0.1 0 0 7 7 -0 -0 0 0 4.66338e-310 5.03125e-311 0 0
100 577 2.6475 4.9765 6.04147 0.1 0 0 7 7 -0 -0 0 0 3.21143e-322 4.66338e-310 0 0
100 586 2.6475 4.9765 6.04147 0.1 0 0 7 7 -0 -0 0 0 1.58101e-322 3.16202e-322 0 0
100 595 2.6475 4.9765 6.04147 0.1 0 0 7 7 -0 -0 0 0 5.32833e-311 3.46241e-320 0 0
100 604 2.6475 4.9765 6.04147 0.1 0 0 7 7 -0 -0 0 0 9.27312e-312 2.30237e-311 0 0
100 613 2.6475 4.9765 6.04147 0.1 0 0 7 7 -0 -0 0 0 1.63042e-322 4.66338e-310 0 0
100 622 2.6475 4.9765 6.04147 0.1 0 0 7 7 -0 -0 0 0 4.66338e-310 3.16202e-322 0 0
100 631 2.6475 4.9765 6.04147 0.1 0 0 7 7 -0 -0 0 0 4.79244e-322 4.66338e-310 0 0
100 640 2.6475 4.9765 6.04147 0.1 0 0 7 7 -0 -0 0 0 4.66338e-310 1.58101e-322 0 0
100 649 2.6475 4.9765 6.04147 0.1 0 0 7 7 -0 -0 0 0 2.18871e-321 4.66338e-310 0 0
100 658 2.6475 4.9765 6.04147 0.1 0 0 7 7 0.00157736 0.0272962 0 0 0 7.90505e-322 0 0
108.88 661.503 2.6475 4.9765 6.04147 0.1 0 0 7 15 0.00419119 0.00155429 0 0 1.58101e-322 4.66441e-310 0 0
117.763 664.853 2.6475 4.9765 6.04147 600 0 774 7 13 -0.00110526 -0.000584622 0 0 0.992418 0.122905 0 0
126.87 667.96 2.6475 4.9765 6.04147 600 0 891 7 13 0.00229016 0.000437191 0 0 0.987695 0.156389 0 0
135.973 670.62 2.6475 4.9765 6.04147 600 0 891 9 13 -0.00614852 -0.00183824 0 0 0.989061 0.147504 0 0
145.289 672.839 2.6475 4.9765 6.04147 0.1 0 343 8 10 0.000852418 0.000110263 0 0 0.983852 0.178985 0 0
99.8047 695.755 2.6475 4.9765 6.04147 600 0 774 7 14 8.02957e-05 0.00667821 0 0 0.980034 0.19883 0 0
104.555 703.755 2.6475 4.9765 6.04147 600 0 774 7 14 -0.00586176 -0.00337639 0 0 0.983668 0.179994 0 0
95.2482 703.867 2.6475 4.9765 6.04147 0.1 0 0 7 15 0.00577888 -0.00351635 0 0 3.16202e-322 4.66441e-310 0 0
100 712 2.6475 4.9765 6.04147 0.1 0 0 7 7 2.57949e-06 -0.026459 0 0 5.43231e-312 1.01007e-311 0 0
100 721 2.6475 4.9765 6.04147 0.1 0 0 7 7 -0 -0 0 0 7.95446e-322 4.66338e-310 0 0
100 730 2.6475 4.9765 6.04147 0.1 0 0 7 7 -0 -0 0 0 5.87793e-312 1.02705e-311 0 0
100 739 2.6475 4.9765 6.04147 0.1 0 0 7 7 -0 -0 0 0 2.21835e-321 4.66338e-310 0 0
100 748 2.6475 4.9765 6.04147 0.1 0 0 7 7 -0 -0 0 0 6.16068e-310 1.22439e-311 0 0
100 757 2.6475 4.9765 6.04147 0.1 0 0 7 7 -0 -0 0 0 1.58101e-322 4.66441e-310 0 0
100 766 2.6475 4.9765 6.04147 0.1 0 0 7 7 -0 -0 0 0 4.66338e-310 1.58101e-322 0 0
100 775 2.6475 4.9765 6.04147 0.1 0 0 7 7 -0 -0 0 0 6.16068e-310 1.18576e-321 0 0
100 784 2.6475 4.9765 6.04147 0.1 0 0 7 7 -0 -0 0 0 1.63042e-322 4.66338e-310 0 0
100 793 2.6475 4.9765 6.04147 0.1 0 0 7 7 -0 -0 0 0 1.34583e-320 3.16202e-322 0 0
100 802 2.6475 4.9765 6.04147 0.1 0 0 7 7 -0 0.0266735 0 0 9.0167e-321 4.66338e-310 0 0
