591.797 455.988 5.295 9.953 12.0829 0.1 0 75 3 1 -4.45812e-10 -3.21587e-10 0 0 6.16068e-310 0 0 0
597.212 416.765 5.295 9.953 12.0829 0.1 0 161 3 1 1.84742e-11 -5.59259e-10 0 0 6.95292e-310 4.66338e-310 0 0
596.555 436.66 5.295 9.953 12.0829 0.1 0 94 3 1 -9.49561e-12 -4.19821e-10 0 0 6.95292e-310 4.66338e-310 0 0
614.609 428.276 5.295 9.953 12.0829 0.1 0 90 3 1 1.34721e-10 -3.48524e-10 0 0 6.95292e-310 4.66338e-310 0 0
624.345 445.639 5.295 9.953 12.0829 0.1 0 67 3 1 9.8444e-11 -2.18637e-10 0 0 6.95292e-310 4.66338e-310 0 0
611.171 460.561 5.295 9.953 12.0829 0.1 0 52 3 1 -3.07364e-10 -3.605e-10 0 0 1.58101e-322 4.66441e-310 0 0
639.123 432.302 5.295 9.953 12.0829 0.1 0 75 3 1 2.42401e-10 -2.1877e-10 0 0 6.95292e-310 4.66338e-310 0 0
643.082 452.361 5.295 9.953 12.0829 0.1 0 49 3 1 1.74409e-10 -1.26007e-10 0 0 4.00421e-311 1.26481e-321 0 0
661.112 428.823 5.295 9.953 12.0829 0.1 0 90 3 1 -9.92261e-11 -6.95586e-11 0 0 6.95292e-310 6.16069e-310 0 0
677.411 440.249 5.295 9.953 12.0829 0.1 0 77 3 1 3.17847e-10 -5.51092e-10 0 0 6.95292e-310 4.66338e-310 0 0
662.941 453.918 5.295 9.953 12.0829 0.1 0 51 3 1 1.19262e-10 -5.04036e-10 0 0 4.66338e-310 3.16202e-322 0 0
697.313 440.64 5.295 9.953 12.0829 0.1 0 110 3 1 4.29501e-10 8.43677e-12 0 0 6.95292e-310 4.66338e-310 0 0
685.204 458.968 5.295 9.953 12.0829 0.1 0 64 3 1 6.15055e-12 -6.3513e-12 0 0 7.95446e-322 4.66338e-310 0 0
587.932 475.515 5.295 9.953 12.0829 0.1 0 65 3 1 -7.83427e-10 -1.66712e-10 0 0 1.06076e-320 0 0 0
607.305 480.088 5.295 9.953 12.0829 0.1 0 44 3 1 -5.90354e-10 -2.37864e-10 0 0 1.22133e-320 3.16202e-322 0 0
651.664 470.321 5.295 9.953 12.0829 0.1 1 2992 0 0 3.29057e-10 -9.55196e-11 0 0 6.95292e-310 4.66338e-310 0 0
629.643 467.98 5.295 9.953 12.0829 0.1 0 38 3 1 -3.67763e-11 -6.95328e-10 0 0 3.21143e-322 4.66338e-310 0 0
671.356 473.268 5.295 9.953 12.0829 0.1 0 41 3 1 -6.15055e-12 6.3513e-12 0 0 4.66338e-310 3.16202e-322 0 0
704.067 465.381 5.295 9.953 12.0829 0.1 0 82 3 1 2.22814e-10 -4.89675e-10 0 0 6.95292e-310 6.16069e-310 0 0
695.823 483.5 5.295 9.953 12.0829 0.1 0 65 3 1 5.08965e-10 -2.08178e-10 0 0 4.66338e-310 3.16202e-322 0 0
583.535 494.929 5.295 9.953 12.0829 0.1 0 66 3 2 -3.96529e-10 1.42368e-10 0 0 1.58101e-322 4.66441e-310 0 0
602.39 501.311 5.295 9.953 12.0829 0.1 0 43 3 1 -4.72079e-10 1.02705e-09 0 0 6.95292e-310 4.66338e-310 0 0
621.079 494.458 5.295 9.953 12.0829 0.1 0 34 3 1 -5.53972e-10 7.42332e-11 0 0 4.66338e-310 4.74303e-322 0 0
638.904 485.599 5.295 9.953 12.0829 0.1 1 1620 0 0 -3.28521e-10 -3.32172e-10 0 0 6.95292e-310 4.66338e-310 0 0
645.306 504.556 5.295 9.953 12.0829 0.1 1 648 0 0 1.32437e-10 -3.35016e-10 0 0 6.37345e-322 4.66338e-310 0 0
658.515 489.011 5.295 9.953 12.0829 0.1 1 941 0 0 -5.2034e-11 1.31274e-10 0 0 6.95292e-310 4.66338e-310 0 0
664.933 507.881 5.295 9.953 12.0829 0.1 1 1140 0 0 1.506e-10 -2.848e-10 0 0 6.16068e-310 3.79442e-321 0 0
678.101 492.564 5.295 9.953 12.0829 0.1 1 2177 0 0 3.40201e-10 -2.54012e-11 0 0 6.95292e-310 4.66338e-310 0 0
715.728 483.301 5.295 9.953 12.0829 0.1 0 91 3 1 6.60119e-10 -1.73752e-10 0 0 6.95292e-310 4.66338e-310 0 0
713.956 503.128 5.295 9.953 12.0829 0.1 0 98 3 1 7.41937e-10 -8.9186e-11 0 0 6.95292e-310 6.16069e-310 0 0
720.417 521.956 5.295 9.953 12.0829 0.1 0 105 3 1 1.79656e-10 1.95661e-10 0 0 6.16068e-310 0 0 0
550.272 516.801 5.295 9.953 12.0829 0.1 0 157 3 1 -6.71717e-10 4.33743e-10 0 0 6.95292e-310 4.66338e-310 0 0
566.994 506.003 5.295 9.953 12.0829 0.1 0 91 3 1 -7.45222e-10 1.07361e-11 0 0 6.95292e-310 4.66338e-310 0 0
581.359 519.784 5.295 9.953 12.0829 0.1 0 79 3 1 -6.30847e-10 6.89786e-11 0 0 6.95292e-310 4.66338e-310 0 0
601.031 522.827 5.295 9.953 12.0829 0.1 0 51 3 1 -5.68949e-10 8.58774e-10 0 0 6.95292e-310 4.66338e-310 0 0
583.939 539.522 5.295 9.953 12.0829 0.1 0 73 3 1 -1.09625e-10 5.58825e-11 0 0 9.34278e-321 4.66338e-310 0 0
618.996 514.255 5.295 9.953 12.0829 0.1 0 40 3 1 -5.33197e-10 3.72444e-10 0 0 6.95292e-310 4.66338e-310 0 0
620.551 534.1 5.295 9.953 12.0829 0.1 0 46 3 1 2.24362e-10 4.53602e-10 0 0 4.66338e-310 3.30395e-311 0 0
637.038 522.664 5.295 9.953 12.0829 0.1 1 1393 0 0 4.3351e-11 -2.5096e-10 0 0 6.95292e-310 4.66338e-310 0 0
643.955 541.329 5.295 9.953 12.0829 0.1 0 42 3 1 1.35731e-10 -5.82184e-11 0 0 2.06025e-321 4.66338e-310 0 0
656.664 525.988 5.295 9.953 12.0829 0.1 1 1828 0 0 2.23666e-10 -1.35399e-10 0 0 6.16068e-310 0 0 0
694.092 504.418 5.295 9.953 12.0829 0.1 0 54 3 1 5.84602e-10 1.24602e-10 0 0 6.95292e-310 4.66338e-310 0 0
680.643 520.736 5.295 9.953 12.0829 0.1 1 2645 0 0 -0 -0 0 0 6.95292e-310 4.66338e-310 0 0
700.553 523.246 5.295 9.953 12.0829 0.1 0 68 3 1 1.37657e-10 5.11355e-10 0 0 9.40207e-321 4.66338e-310 0 0
603.32 544.066 5.295 9.953 12.0829 0.1 0 64 3 1 -5.99925e-11 1.32754e-10 0 0 6.95292e-310 4.66338e-310 0 0
591.335 561.678 5.295 9.953 12.0829 0.1 0 91 3 1 -2.21547e-10 3.53015e-11 0 0 6.95292e-310 4.66338e-310 0 0
572.342 555.719 5.295 9.953 12.0829 0.1 0 121 3 1 -2.90516e-10 -9.11582e-11 0 0 0 0 0 0
611.123 563.837 5.295 9.953 12.0829 0.1 0 76 3 1 -1.02486e-10 1.87176e-10 0 0 6.95292e-310 4.66338e-310 0 0
608.825 583.61 5.295 9.953 12.0829 0.1 0 122 3 1 -3.47189e-11 2.98768e-10 0 0 0 0 0 0
627.718 552.844 5.295 9.953 12.0829 0.1 0 56 3 1 -5.11243e-12 3.39971e-11 0 0 6.95292e-310 4.66338e-310 0 0
671.989 538.691 5.295 9.953 12.0829 0.1 0 48 3 1 2.05364e-10 1.73572e-10 0 0 6.95292e-310 4.66338e-310 0 0
659.29 554.02 5.295 9.953 12.0829 0.1 0 57 3 1 2.03858e-10 1.89136e-10 0 0 6.95292e-310 4.66338e-310 0 0
656.002 576.79 5.295 9.953 12.0829 0.1 0 89 3 1 -0 -0 0 0 6.95292e-310 4.66338e-310 0 0
692.635 580.356 5.295 9.953 12.0829 0.1 0 126 3 1 3.13275e-11 -1.00244e-11 0 0 6.95292e-310 4.66338e-310 0 0
673.676 586.423 5.295 9.953 12.0829 0.1 0 110 3 1 1.47966e-10 4.66432e-10 0 0 6.95292e-310 4.66338e-310 0 0
663.93 603.779 5.295 9.953 12.0829 0.1 0 171 3 1 -2.26163e-10 4.0274e-10 0 0 0 0 0 0
705.383 542.557 5.295 9.953 12.0829 0.1 0 90 3 1 7.66623e-10 5.30175e-10 0 0 6.95292e-310 4.66338e-310 0 0
687.46 551.218 5.295 9.953 12.0829 0.1 0 74 3 1 4.20044e-10 1.54968e-10 0 0 6.95292e-310 4.66338e-310 0 0
674.761 566.546 5.295 9.953 12.0829 0.1 0 78 3 1 3.5029e-10 3.02999e-10 0 0 0 0 0 0
80 235 2.6475 4.9765 6.04147 0.1 0 0 7 7 -0 -0.0266735 0 0 0 0 0 0
80 244 2.6475 4.9765 6.04147 0.1 0 0 7 7 -0 -0 0 0 4.03179e-313 6.36599e-313 0 0
80 253 2.6475 4.9765 6.04147 0.1 0 0 7 7 -0 -0 0 0 4.66338e-310 3.16202e-322 0 0
80 262 2.6475 4.9765 6.04147 0.1 0 0 7 7 -0 -0 0 0 1.58101e-322 4.66441e-310 0 0
80 271 2.6475 4.9765 6.04147 0.1 0 0 7 7 -0 -0 0 0 0 3.16202e-322 0 0
80 280 2.6475 4.9765 6.04147 0.1 0 0 7 7 -0 -0 0 0 1.26975e-321 4.66338e-310 0 0
80 289 2.6475 4.9765 6.04147 0.1 0 0 7 7 -0 -0 0 0 4.66338e-310 7.38455e-312 0 0
80 298 2.6475 4.9765 6.04147 0.1 0 0 7 7 -0 -0 0 0 3.16202e-322 4.66441e-310 0 0
80 307 2.6475 4.9765 6.04147 0.1 0 0 7 7 -0 -0 0 0 4.66338e-310 1.10671e-321 0 0
80 316 2.6475 4.9765 6.04147 0.1 0 0 7 7 -0 -0 0 0 4.66338e-310 1.58101e-322 0 0
80 325 2.6475 4.9765 6.04147 0.1 0 0 7 7 -0 -0 0 0 1.58101e-322 4.66441e-310 0 0
80 334 2.6475 4.9765 6.04147 0.1 0 0 7 7 -0 -0 0 0 4.66338e-310 3.16202e-322 0 0
80 343 2.6475 4.9765 6.04147 0.1 0 0 7 7 -0 -0 0 0 1.58101e-322 4.66441e-310 0 0
80 352 2.6475 4.9765 6.04147 0.1 0 0 7 7 -0 -0 0 0 4.66338e-310 4.64717e-312 0 0
80 361 2.6475 4.9765 6.04147 0.1 0 0 7 7 -0 -0 0 0 3.16202e-322 4.66441e-310 0 0
80 370 2.6475 4.9765 6.04147 0.1 0 0 7 7 -0 -0 0 0 4.66338e-310 6.32404e-322 0 0
80 379 2.6475 4.9765 6.04147 0.1 0 0 7 7 -0 -0 0 0 1.58101e-322 1.13852e-313 0 0
80 388 2.6475 4.9765 6.04147 0.1 0 0 7 7 -0 -0 0 0 4.66338e-310 0 0 0
80 397 2.6475 4.9765 6.04147 0.1 0 0 7 7 -0 -0 0 0 3.16202e-322 4.66338e-310 0 0
80 406 2.6475 4.9765 6.04147 0.1 0 0 7 7 -0 -0 0 0 0 4.66338e-310 0 0
80 415 2.6475 4.9765 6.04147 0.1 0 0 7 7 -0 -0 0 0 1.35127e-320 0 0 0
80 424 2.6475 4.9765 6.04147 0.1 0 0 7 7 -0 -0 0 0 6.16068e-310 5.77607e-311 0 0
80 433 2.6475 4.9765 6.04147 0.1 0 0 7 7 -0 -0 0 0 3.16202e-322 4.66441e-310 0 0
80 442 2.6475 4.9765 6.04147 0.1 0 0 7 7 -0 -0 0 0 0 3.16202e-322 0 0
80 451 2.6475 4.9765 6.04147 0.1 0 0 7 7 -0 -0 0 0 0 4.66338e-310 0 0
80 460 2.6475 4.9765 6.04147 0.1 0 0 7 7 -0 -0 0 0 -nan 1.26481e-321 0 0
80 469 2.6475 4.9765 6.04147 0.1 0 0 7 7 -0 -0 0 0 6.16068e-310 0 0 0
80 478 2.6475 4.9765 6.04147 0.1 0 0 7 7 -0 -0 0 0 1.58101e-322 4.66441e-310 0 0
80 487 2.6475 4.9765 6.04147 0.1 0 0 7 7 -0 -0 0 0 4.66338e-310 3.16202e-322 0 0
80 496 2.6475 4.9765 6.04147 0.1 0 0 7 7 -0 -0 0 0 3.21143e-322 4.66338e-310 0 0
80 505 2.6475 4.9765 6.04147 0.1 0 0 7 7 -0 -0 0 0 4.66338e-310 1.58101e-322 0 0
80 514 2.6475 4.9765 6.04147 0.1 0 0 7 7 -0 -0 0 0 1.58101e-322 4.66441e-310 0 0
80 523 2.6475 4.9765 6.04147 0.1 0 0 7 7 -0 -0 0 0 4.66338e-310 0 0 0
80 532 2.6475 4.9765 6.04147 0.1 0 0 7 7 -0 -0 0 0 1.58101e-322 4.66441e-310 0 0
80 541 2.6475 4.9765 6.04147 0.1 0 0 7 7 -0 -0 0 0 4.66338e-310 7.27265e-321 0 0
80 550 2.6475 4.9765 6.04147 0.1 0 0 7 7 -0 -0 0 0 0 4.6633e-310 0 0
80 559 2.6475 4.9765 6.04147 0.1 0 0 7 7 -0 -0 0 0 4.66338e-310 4.66338e-310 0 0
80 568 2.6475 4.9765 6.04147 0.1 0 0 7 7 -0 -0 0 0 4.66338e-310 4.66338e-310 0 0
80 577 2.6475 4.9765 6.04147 0.1 0 0 7 7 -0 -0 0 0 4.66338e-310 4.66338e-310 0 0
80 586 2.6475 4.9765 6.04147 0.1 0 0 7 7 -0 -0 0 0 4.66338e-310 4.66338e-310 0 0
80 595 2.6475 4.9765 6.04147 0.1 0 0 7 7 -0 -0 0 0 4.66338e-310 4.66338e-310 0 0
80 604 2.6475 4.9765 6.04147 0.1 0 0 7 7 -0 -0 0 0 4.66338e-310 4.66338e-310 0 0
80 613 2.6475 4.9765 6.04147 0.1 0 0 7 7 -0 -0 0 0 0 0 0 0
80 622 2.6475 4.9765 6.04147 0.1 0 0 7 7 -0 -0 0 0 4.66338e-310 4.66338e-310 0 0
80 631 2.6475 4.9765 6.04147 0.1 0 0 7 7 -0 -0 0 0 6.16068e-310 0 0 0
80 640 2.6475 4.9765 6.04147 0.1 0 0 7 7 -0 -0 0 0 3.16202e-322 4.66441e-310 0 0
80 649 2.6475 4.9765 6.04147 0.1 0 0 7 7 -0 -0 0 0 4.66338e-310 0 0 0
80 658 2.6475 4.9765 6.04147 0.1 0 0 7 7 -0 -0 0 0 6.39321e-321 4.66338e-310 0 0
80 667 2.6475 4.9765 6.04147 0.1 0 0 7 7 -0 -0 0 0 2.75647e-311 4.11063e-321 0 0
80 676 2.6475 4.9765 6.04147 0.1 0 0 7 7 -0 -0 0 0 1.63042e-322 4.66338e-310 0 0
80 685 2.6475 4.9765 6.04147 0.1 0 0 7 7 -0 -0 0 0 4.66338e-310 4.91666e-311 0 0
80 694 2.6475 4.9765 6.04147 0.1 0 0 7 7 -0 -0 0 0 6.46238e-321 4.66338e-310 0 0
80 703 2.6475 4.9765 6.04147 0.1 0 0 7 7 -0 -0 0 0 4.66338e-310 1.58101e-322 0 0
80 712 2.6475 4.9765 6.04147 0.1 0 0 7 7 -0 -0 0 0 6.5019e-321 4.66338e-310 0 0
80 721 2.6475 4.9765 6.04147 0.1 0 0 7 7 -0 -0 0 0 9.31556e-312 1.99468e-311 0 0
80 730 2.6475 4.9765 6.04147 0.1 0 0 7 7 -0 -0 0 0 3.16202e-322 4.66441e-310 0 0
80 739 2.6475 4.9765 6.04147 0.1 0 0 7 7 -0 -0 0 0 6.09013e-312 2.22597e-311 0 0
80 748 2.6475 4.9765 6.04147 0.1 0 0 7 7 -0 -0 0 0 3.16202e-322 4.66441e-310 0 0
80 757 2.6475 4.9765 6.04147 0.1 0 0 7 7 -0 -0 0 0 4.66338e-310 1.58101e-322 0 0
80 766 2.6475 4.9765 6.04147 0.1 0 0 7 7 -0 -0 0 0 0 4.66338e-310 0 0
80 775 2.6475 4.9765 6.04147 0.1 0 0 7 7 -0 0.0266735 0 0 6.16068e-310 0 0 0
100 208 2.6475 4.9765 6.04147 0.1 0 0 7 7 -0 -0.0266735 0 0 3.02368e-321 4.66338e-310 0 0
100 217 2.6475 4.9765 6.04147 0.1 0 0 7 7 -0 -0 0 0 6.16068e-310 0 0 0
100 226 2.6475 4.9765 6.04147 0.1 0 0 7 7 -0 -0 0 0 8.8586e-321 4.66338e-310 0 0
100 235 2.6475 4.9765 6.04147 0.1 0 0 7 7 -0 -0 0 0 4.66338e-310 3.69439e-311 0 0
100 244 2.6475 4.9765 6.04147 0.1 0 0 7 7 -0 -0 0 0 3.21143e-322 4.66338e-310 0 0
100 253 2.6475 4.9765 6.04147 0.1 0 0 7 7 -0 -0 0 0 4.66338e-310 2.68772e-321 0 0
100 262 2.6475 4.9765 6.04147 0.1 0 0 7 7 -0 -0 0 0 7.95446e-322 4.66338e-310 0 0
100 271 2.6475 4.9765 6.04147 0.1 0 0 7 7 -0 -0 0 0 1.10768e-311 1.35596e-311 0 0
100 280 2.6475 4.9765 6.04147 0.1 0 0 7 7 -0 -0 0 0 1.58101e-322 4.66441e-310 0 0
100 289 2.6475 4.9765 6.04147 0.1 0 0 7 7 -0.000261146 -0.000138716 0 0 4.66338e-310 1.58101e-322 0 0
100 298 2.6475 4.9765 6.04147 0.1 0 0 7 7 0.00251965 0.0252844 0 0 1.58101e-322 4.66441e-310 0 0
108.314 293.416 2.6475 4.9765 6.04147 0.1 0 0 7 15 1.95378e-07 -9.65902e-07 0 0 6.16068e-310 7.90505e-321 0 0
116.173 288.097 2.6475 4.9765 6.04147 600 0 795 7 15 2.72238e-06 -5.03081e-06 0 0 0.981458 -0.191675 0 0
124.026 282.77 2.6475 4.9765 6.04147 600 0 2200 7 13 -7.71646e-07 -4.92879e-06 0 0 0.819644 -0.572873 0 0
131.872 277.429 2.6475 4.9765 6.04147 600 0 2317 7 13 9.08227e-06 -1.31202e-05 0 0 0.846114 -0.533002 0 0
139.705 272.073 2.6475 4.9765 6.04147 600 0 2434 7 13 -5.80144e-06 -3.20176e-06 0 0 0.674571 -0.73821 0 0
147.528 266.699 2.6475 4.9765 6.04147 600 0 2551 7 13 1.92505e-05 -1.94059e-05 0 0 0.765586 -0.643334 0 0
155.34 261.312 2.6475 4.9765 6.04147 600 0 2668 7 13 -2.59293e-05 1.39568e-05 0 0 0.682673 -0.730724 0 0
163.148 255.914 2.6475 4.9765 6.04147 600 0 2785 7 13 2.96182e-05 -2.08037e-05 0 0 0.695887 -0.718152 0 0
170.951 250.518 2.6475 4.9765 6.04147 600 0 2902 7 13 -6.28863e-05 5.07754e-05 0 0 0.621827 -0.783155 0 0
178.772 245.136 2.6475 4.9765 6.04147 600 0 2902 9 13 5.41947e-05 -2.70463e-05 0 0 0.642446 -0.766331 0 0
186.692 239.917 2.6475 4.9765 6.04147 600 0 917 8 10 6.19073e-05 0.00031031 0 0 0.682916 -0.730497 0 0
155.795 290.324 2.6475 4.9765 6.04147 600 0 2200 13 14 0.000990684 -0.000355777 0 0 0.966451 -0.256851 0 0
188.959 249.055 2.6475 4.9765 6.04147 600 0 2902 9 14 -0.000166139 -5.65814e-05 0 0 0.817224 -0.576321 0 0
185.119 257.686 2.6475 4.9765 6.04147 600 0 2902 7 14 -0.000304404 0.000442173 0 0 0.845917 -0.533314 0 0
180.312 265.776 2.6475 4.9765 6.04147 600 0 2785 7 14 -5.58788e-05 -0.000392799 0 0 0.81392 -0.580977 0 0
172.543 271.16 2.6475 4.9765 6.04147 600 0 2668 7 14 0.000172061 0.000768609 0 0 0.840271 -0.542166 0 0
169.935 280.205 2.6475 4.9765 6.04147 600 0 2551 7 14 -0.000167268 -0.000323208 0 0 0.814711 -0.579867 0 0
164.993 288.281 2.6475 4.9765 6.04147 600 0 2434 7 14 0.00053882 0.000914151 0 0 0.921944 -0.387323 0 0
162.177 297.239 2.6475 4.9765 6.04147 600 0 2317 7 14 0.000417553 -9.73557e-05 0 0 0.815722 -0.578444 0 0
171.378 295.233 2.6475 4.9765 6.04147 600 0 1263 7 15 0.000204435 0.000304711 0 0 0.960112 -0.279615 0 0
178.364 301.638 2.6475 4.9765 6.04147 600 0 1380 7 13 0.0011264 -0.000663423 0 0 0.933982 -0.35732 0 0
187.392 304.523 2.6475 4.9765 6.04147 600 0 1497 7 13 0.000362927 7.1657e-05 0 0 0.946231 -0.323491 0 0
196.49 307.263 2.6475 4.9765 6.04147 600 0 1614 7 13 0.000318947 -0.000181148 0 0 0.92833 -0.371758 0 0
205.757 309.329 2.6475 4.9765 6.04147 600 0 1731 7 13 -0.000218749 -0.000129893 0 0 0.98003 -0.198851 0 0
215.097 311.174 2.6475 4.9765 6.04147 600 0 1848 7 13 0.000143249 -3.91818e-06 0 0 0.969877 -0.243596 0 0
224.41 312.926 2.6475 4.9765 6.04147 600 0 1965 7 13 -0.000777928 -0.000119382 0 0 0.947289 -0.320379 0 0
233.77 314.782 2.6475 4.9765 6.04147 600 0 2082 7 13 0.000667421 0.000207939 0 0 0.966397 -0.257053 0 0
242.971 316.816 2.6475 4.9765 6.04147 600 0 2199 7 13 -0.00160006 -0.000298954 0 0 0.94765 -0.319311 0 0
252.27 319.174 2.6475 4.9765 6.04147 600 0 2316 7 13 0.00186501 0.000612297 0 0 0.888291 -0.45928 0 0
261.218 321.792 2.6475 4.9765 6.04147 600 0 2433 7 13 -0.00326961 -0.000945376 0 0 0.97875 -0.205059 0 0
270.428 324.867 2.6475 4.9765 6.04147 600 0 2550 7 13 0.00407252 0.00154284 0 0 0.96515 -0.261699 0 0
278.973 328.075 2.6475 4.9765 6.04147 600 0 2667 7 13 -0.0067237 -0.0026321 0 0 0.986413 -0.164286 0 0
288.145 331.933 2.6475 4.9765 6.04147 600 0 2784 7 13 0.00812616 0.00371393 0 0 0.957015 -0.290038 0 0
296.538 335.902 2.6475 4.9765 6.04147 600 0 2901 7 13 -3.01417e-05 2.64807e-05 0 0 0.992612 -0.121336 0 0
305.038 340.087 2.6475 4.9765 6.04147 600 0 2901 9 13 -0.00458415 0.000936327 0 0 0.999992 0.00393624 0 0
308.005 350.105 2.6475 4.9765 6.04147 0.1 0 2322 8 10 -0.0105036 -0.00451034 0 0 0.957367 0.288876 0 0
298.764 349.407 2.6475 4.9765 6.04147 600 0 2901 9 14 0.00700375 0.000362284 0 0 0.957367 0.288876 0 0
289.214 347.555 2.6475 4.9765 6.04147 600 0 2901 7 14 0.000146035 6.67494e-05 0 0 0.99273 0.12036 0 0
279.882 345.868 2.6475 4.9765 6.04147 600 0 2784 7 14 -3.17675e-05 6.75039e-05 0 0 0.895146 0.445772 0 0
270.507 344.479 2.6475 4.9765 6.04147 600 0 2667 7 14 -3.92265e-05 8.53017e-05 0 0 0.911776 0.410688 0 0
261.084 343.458 2.6475 4.9765 6.04147 600 0 2550 7 14 -3.50705e-05 0.000104742 0 0 0.954822 0.297177 0 0
251.624 342.875 2.6475 4.9765 6.04147 600 0 2433 7 14 -3.66634e-05 0.000123769 0 0 0.971986 0.235041 0 0
242.144 342.798 2.6475 4.9765 6.04147 600 0 2316 7 14 -3.06492e-05 0.000141389 0 0 0.960885 0.276948 0 0
232.676 343.283 2.6475 4.9765 6.04147 600 0 2199 7 14 -2.81866e-05 0.000156836 0 0 0.988659 0.150178 0 0
223.257 344.37 2.6475 4.9765 6.04147 600 0 2082 7 15 -2.1562e-05 0.000169118 0 0 0.973259 0.229713 0 0
213.931 346.084 2.6475 4.9765 6.04147 600 0 2941 9 13 -1.86788e-05 0.000171228 0 0 0.828781 0.559572 0 0
204.734 348.402 2.6475 4.9765 6.04147 600 0 97 8 10 -1.7644e-05 0.000160333 0 0 0.828781 0.559572 0 0
195.224 347.606 2.6475 4.9765 6.04147 600 0 2903 9 14 -1.46413e-05 0.000152545 0 0 0.954644 0.29775 0 0
185.692 347.129 2.6475 4.9765 6.04147 600 0 1614 7 15 -1.12482e-05 0.000138017 0 0 0.990093 0.140415 0 0
176.15 346.942 2.6475 4.9765 6.04147 600 0 1497 7 14 -8.38515e-06 0.000119726 0 0 0.999952 0.00982906 0 0
166.606 347.006 2.6475 4.9765 6.04147 600 0 1380 7 14 -5.98293e-06 0.000104022 0 0 0.990238 0.139384 0 0
157.066 347.287 2.6475 4.9765 6.04147 600 0 1263 7 14 -3.95332e-06 9.15027e-05 0 0 0.996843 0.0793945 0 0
147.533 347.758 2.6475 4.9765 6.04147 600 0 1146 7 14 -2.2421e-06 7.97786e-05 0 0 0.998005 0.0631371 0 0
138.009 348.395 2.6475 4.9765 6.04147 600 0 1029 7 14 -9.57926e-07 6.68711e-05 0 0 0.999645 0.0266409 0 0
128.496 349.17 2.6475 4.9765 6.04147 600 0 912 7 14 -1.5778e-07 5.21115e-05 0 0 0.993382 -0.11486 0 0
118.991 350.052 2.6475 4.9765 6.04147 600 0 795 7 14 1.8499e-07 3.56828e-05 0 0 0.99597 -0.0896829 0 0
109.494 351.007 2.6475 4.9765 6.04147 0.1 0 0 7 15 1.83349e-07 1.8114e-05 0 0 3.00886e-321 4.66338e-310 0 0
100 352 2.6475 4.9765 6.04147 0.1 0 0 7 7 0.00457718 -0.0271524 0 0 4.2546e-311 1.24702e-320 0 0
100 361 2.6475 4.9765 6.04147 0.1 0 0 7 7 -0 -0 0 0 1.63042e-322 4.66338e-310 0 0
100 370 2.6475 4.9765 6.04147 0.1 0 0 7 7 -0 -0 0 0 4.66338e-310 1.58101e-322 0 0
100 379 2.6475 4.9765 6.04147 0.1 0 0 7 7 -0 -0 0 0 7.96434e-321 0 0 0
100 388 2.6475 4.9765 6.04147 0.1 0 0 7 7 -0 -0 0 0 4.66338e-310 1.89706e-311 0 0
100 397 2.6475 4.9765 6.04147 0.1 0 0 7 7 -0 -0 0 0 3.16202e-322 4.66441e-310 0 0
100 406 2.6475 4.9765 6.04147 0.1 0 0 7 7 -0 -0 0 0 0 4.66338e-310 0 0
100 415 2.6475 4.9765 6.04147 0.1 0 0 7 7 -0 -0 0 0 3.97025e-311 0 0 0
100 424 2.6475 4.9765 6.04147 0.1 0 0 7 7 -0 -0 0 0 4.66338e-310 0 0 0
100 433 2.6475 4.9765 6.04147 0.1 0 0 7 7 -0 -0 0 0 3.16202e-322 4.66441e-310 0 0
100 442 2.6475 4.9765 6.04147 0.1 0 0 7 7 -0 -0 0 0 4.66338e-310 1.58101e-322 0 0
100 451 2.6475 4.9765 6.04147 0.1 0 0 7 7 -0 -0 0 0 1.58101e-322 4.66441e-310 0 0
100 460 2.6475 4.9765 6.04147 0.1 0 0 7 7 -0 -0 0 0 4.66338e-310 4.80632e-311 0 0
100 469 2.6475 4.9765 6.04147 0.1 0 0 7 7 -0 -0 0 0 3.21143e-322 4.66338e-310 0 0
100 478 2.6475 4.9765 6.04147 0.1 0 0 7 7 -0 -0 0 0 1.58101e-322 4.66441e-310 0 0
100 487 2.6475 4.9765 6.04147 0.1 0 0 7 7 -0 -0 0 0 1.16402e-320 2.41895e-320 0 0
100 496 2.6475 4.9765 6.04147 0.1 0 0 7 7 -0 -0 0 0 9.4641e-312 4.19731e-311 0 0
100 505 2.6475 4.9765 6.04147 0.1 0 0 7 7 -0 -0 0 0 3.16202e-322 4.66441e-310 0 0
100 514 2.6475 4.9765 6.04147 0.1 0 0 7 7 -0 -0 0 0 1.58101e-322 4.66441e-310 0 0
100 523 2.6475 4.9765 6.04147 0.1 0 0 7 7 -0 -0 0 0 1.16896e-320 2.76677e-320 0 0
100 532 2.6475 4.9765 6.04147 0.1 0 0 7 7 -0 -0 0 0 3.81959e-312 3.22543e-311 0 0
100 541 2.6475 4.9765 6.04147 0.1 0 0 7 7 -0 -0 0 0 6.32898e-321 4.66338e-310 0 0
100 550 2.6475 4.9765 6.04147 0.1 0 0 7 7 -0 -0 0 0 1.58101e-322 4.66441e-310 0 0
100 559 2.6475 4.9765 6.04147 0.1 0 0 7 7 -0 -0 0 0 1.17094e-320 3.11459e-320 0 0
100 568 2.6475 4.9765 6.04147 0.1 0 0 7 7 -0 -0 0 0 4.66338e-310 5.03125e-311 0 0
100 577 2.6475 4.9765 6.04147 0.1 0 0 7 7 -0 -0 0 0 3.21143e-322 4.66338e-310 0 0
100 586 2.6475 4.9765 6.04147 0.1 0 0 7 7 -0 -0 0 0 1.58101e-322 3.16202e-322 0 0
100 595 2.6475 4.9765 6.04147 0.1 0 0 7 7 -0 -0 0 0 5.32833e-311 3.46241e-320 0 0
100 604 2.6475 4.9765 6.04147 0.1 0 0 7 7 -0 -0 0 0 9.27312e-312 2.30237e-311 0 0
100 613 2.6475 4.9765 6.04147 0.1 0 0 7 7 -0 -0 0 0 1.63042e-322 4.66338e-310 0 0
100 622 2.6475 4.9765 6.04147 0.1 0 0 7 7 -0 -0 0 0 4.66338e-310 3.16202e-322 0 0
100 631 2.6475 4.9765 6.04147 0.1 0 0 7 7 -0 -0 0 0 4.79244e-322 4.66338e-310 0 0
100 640 2.6475 4.9765 6.04147 0.1 0 0 7 7 -0 -0 0 0 4.66338e-310 1.58101e-322 0 0
100 649 2.6475 4.9765 6.04147 0.1 0 0 7 7 7.73166e-15 0.0266735 0 0 2.18871e-321 4.66338e-310 0 0
108.982 651.84 2.6475 4.9765 6.04147 0.1 0 0 7 15 1.33574e-16 -1.43158e-15 0 0 0 7.90505e-322 0 0
118.326 653.045 2.6475 4.9765 6.04147 600 0 1944 7 13 1.19696e-16 8.46979e-16 0 0 0.986158 0.165806 0 0
127.501 655.182 2.6475 4.9765 6.04147 600 0 1944 7 13 2.60209e-17 -9.43906e-16 0 0 0.984795 0.173722 0 0
136.861 656.253 2.6475 4.9765 6.04147 600 0 127 7 10 0.0008857 0.00015127 0 0 0.993714 0.111948 1 0
138.661 665.496 2.6475 4.9765 6.04147 600 0 1944 7 14 6.86931e-05 -1.15456e-05 0 0 0.977197 0.212334 0 0
147.558 668.586 2.6475 4.9765 6.04147 600 0 1944 7 14 9.56902e-05 -8.47648e-05 0 0 0.983057 0.183298 0 0
145.79 659.329 2.6475 4.9765 6.04147 600 0 1008 7 15 1.76379e-05 -6.84353e-05 0 0 0.989739 0.142886 0 0
155.236 659.228 2.6475 4.9765 6.04147 600 0 1125 7 13 1.5347e-05 0.000418762 0 0 0.980309 0.197468 0 0
164.093 662.517 2.6475 4.9765 6.04147 600 0 1242 7 13 0.000233233 -0.000187541 0 0 0.980813 0.19495 0 0
173.417 664.071 2.6475 4.9765 6.04147 600 0 1359 7 13 0.000169892 0.000105562 0 0 0.970627 0.24059 0 0
182.659 666.078 2.6475 4.9765 6.04147 600 0 1476 7 13 0.0001723 1.3928e-05 0 0 0.961203 0.275841 0 0
191.93 667.964 2.6475 4.9765 6.04147 600 0 1593 7 13 0.000145149 2.38803e-05 0 0 0.999941 0.0108303 0 0
201.211 669.822 2.6475 4.9765 6.04147 600 0 1710 7 13 0.000120633 1.39019e-05 0 0 0.977904 0.209057 0 0
210.504 671.633 2.6475 4.9765 6.04147 600 0 1827 7 13 8.84904e-05 5.64136e-06 0 0 0.964822 0.262905 0 0
219.81 673.393 2.6475 4.9765 6.04147 600 0 1944 7 13 5.69311e-05 4.12334e-07 0 0 0.992948 0.118553 0 0
229.124 675.107 2.6475 4.9765 6.04147 600 0 2061 7 13 1.93791e-05 -1.0318e-05 0 0 0.998107 0.0615041 0 0
238.451 676.763 2.6475 4.9765 6.04147 600 0 2178 7 13 -1.4393e-05 -9.56054e-06 0 0 0.999988 0.00488855 0 0
247.782 678.387 2.6475 4.9765 6.04147 600 0 2295 7 13 -5.14929e-05 -3.19427e-05 0 0 0.962215 0.272293 0 0
257.129 679.91 2.6475 4.9765 6.04147 600 0 2412 7 13 -8.63451e-05 1.00331e-05 0 0 0.987518 0.157509 0 0
266.456 681.539 2.6475 4.9765 6.04147 600 0 2529 7 13 -0.000102109 -0.000110333 0 0 0.986915 0.16124 0 0
275.848 682.721 2.6475 4.9765 6.04147 600 0 2646 7 13 -0.000149484 0.000141864 0 0 0.993327 0.115329 0 0
285.092 684.738 2.6475 4.9765 6.04147 600 0 2763 7 13 -8.08169e-05 -0.000293156 0 0 0.993822 0.11099 0 0
294.54 685.218 2.6475 4.9765 6.04147 600 0 2880 7 13 -0.000113233 0.000314537 0 0 0.990093 0.140414 0 0
303.692 687.602 2.6475 4.9765 6.04147 600 0 2997 7 13 3.01052e-05 -0.000290185 0 0 0.988806 0.149204 0 0
313.128 688.25 2.6475 4.9765 6.04147 600 0 2997 9 13 2.75626e-06 0.00014968 0 0 0.98767 0.15655 0 0
322.461 689.786 2.6475 4.9765 6.04147 0.1 0 2343 8 10 2.29397e-05 -6.48458e-06 0 0 0.98767 0.15655 0 0
99.8038 695.684 2.6475 4.9765 6.04147 600 0 774 7 14 -5.37764e-17 -3.1225e-17 0 0 0.980034 0.19883 0 0
104.612 703.785 2.6475 4.9765 6.04147 600 0 774 7 14 -3.00107e-16 9.40274e-17 0 0 0.983668 0.179994 0 0
95.1918 703.898 2.6475 4.9765 6.04147 0.1 0 0 7 15 3.00107e-16 -9.40274e-17 0 0 3.16202e-322 4.66441e-310 0 0
100 712 2.6475 4.9765 6.04147 0.1 0 0 7 7 5.37764e-17 -0.0266735 0 0 5.43231e-312 1.01007e-311 0 0
100 721 2.6475 4.9765 6.04147 0.1 0 0 7 7 -0 -0 0 0 7.95446e-322 4.66338e-310 0 0
100 730 2.6475 4.9765 6.04147 0.1 0 0 7 7 -0 -0 0 0 5.87793e-312 1.02705e-311 0 0
100 739 2.6475 4.9765 6.04147 0.1 0 0 7 7 -0 -0 0 0 2.21835e-321 4.66338e-310 0 0
100 748 2.6475 4.9765 6.04147 0.1 0 0 7 7 -0 -0 0 0 6.16068e-310 1.22439e-311 0 0
100 757 2.6475 4.9765 6.04147 0.1 0 0 7 7 -0 -0 0 0 1.58101e-322 4.66441e-310 0 0
100 766 2.6475 4.9765 6.04147 0.1 0 0 7 7 -0 -0 0 0 4.66338e-310 1.58101e-322 0 0
100 775 2.6475 4.9765 6.04147 0.1 0 0 7 7 -0 -0 0 0 6.16068e-310 1.18576e-321 0 0
100 784 2.6475 4.9765 6.04147 0.1 0 0 7 7 -0 -0 0 0 1.63042e-322 4.66338e-310 0 0
100 793 2.6475 4.9765 6.04147 0.1 0 0 7 7 -0 -0 0 0 1.34583e-320 3.16202e-322 0 0
100 802 2.6475 4.9765 6.04147 0.1 0 0 7 7 -0 0.0266735 0 0 9.0167e-321 4.66338e-310 0 0
