591.798 455.989 5.295 9.953 12.0829 0.1 0 75 3 1 -1.02546e-09 -7.38617e-10 0 0 6.16068e-310 0 0 0
597.212 416.765 5.295 9.953 12.0829 0.1 0 161 3 1 4.23995e-11 -1.28357e-09 0 0 6.95292e-310 4.66338e-310 0 0
596.555 436.66 5.295 9.953 12.0829 0.1 0 94 3 1 -2.17817e-11 -9.63531e-10 0 0 6.95292e-310 4.66338e-310 0 0
614.609 428.276 5.295 9.953 12.0829 0.1 0 90 3 1 3.09501e-10 -7.99238e-10 0 0 6.95292e-310 4.66338e-310 0 0
624.345 445.639 5.295 9.953 12.0829 0.1 0 67 3 1 2.25331e-10 -5.01017e-10 0 0 6.95292e-310 4.66338e-310 0 0
611.171 460.561 5.295 9.953 12.0829 0.1 0 52 3 1 -7.06874e-10 -8.28498e-10 0 0 1.58101e-322 4.66441e-310 0 0
639.122 432.302 5.295 9.953 12.0829 0.1 0 75 3 1 5.55075e-10 -5.00965e-10 0 0 6.95292e-310 4.66338e-310 0 0
643.082 452.361 5.295 9.953 12.0829 0.1 0 49 3 1 3.99726e-10 -2.89362e-10 0 0 4.00421e-311 1.26481e-321 0 0
661.112 428.823 5.295 9.953 12.0829 0.1 0 90 3 1 -2.27039e-10 -1.59165e-10 0 0 6.95292e-310 6.16069e-310 0 0
677.411 440.249 5.295 9.953 12.0829 0.1 0 77 3 1 7.27645e-10 -1.26161e-09 0 0 6.95292e-310 4.66338e-310 0 0
662.941 453.918 5.295 9.953 12.0829 0.1 0 51 3 1 2.73218e-10 -1.15403e-09 0 0 4.66338e-310 3.16202e-322 0 0
697.313 440.64 5.295 9.953 12.0829 0.1 0 110 3 1 9.83063e-10 1.92893e-11 0 0 6.95292e-310 4.66338e-310 0 0
685.204 458.968 5.295 9.953 12.0829 0.1 0 64 3 1 1.41564e-11 -1.46185e-11 0 0 7.95446e-322 4.66338e-310 0 0
587.932 475.515 5.295 9.953 12.0829 0.1 0 65 3 1 -1.79694e-09 -3.82481e-10 0 0 1.06076e-320 0 0 0
607.306 480.088 5.295 9.953 12.0829 0.1 0 44 3 1 -1.35379e-09 -5.47288e-10 0 0 1.22133e-320 3.16202e-322 0 0
651.664 470.321 5.295 9.953 12.0829 0.1 0 36 3 1 7.53685e-10 -2.18969e-10 0 0 6.95292e-310 4.66338e-310 0 0
629.643 467.98 5.295 9.953 12.0829 0.1 0 38 3 1 -8.26205e-11 -1.60023e-09 0 0 3.21143e-322 4.66338e-310 0 0
671.356 473.268 5.295 9.953 12.0829 0.1 0 41 3 1 -1.41564e-11 1.46185e-11 0 0 4.66338e-310 3.16202e-322 0 0
704.067 465.382 5.295 9.953 12.0829 0.1 0 82 3 1 5.11976e-10 -1.12512e-09 0 0 6.95292e-310 6.16069e-310 0 0
695.823 483.5 5.295 9.953 12.0829 0.1 0 65 3 1 1.16944e-09 -4.78323e-10 0 0 4.66338e-310 3.16202e-322 0 0
583.536 494.929 5.295 9.953 12.0829 0.1 0 66 3 2 -9.10278e-10 3.26626e-10 0 0 1.58101e-322 4.66441e-310 0 0
602.391 501.31 5.295 9.953 12.0829 0.1 0 43 3 1 -1.08364e-09 2.35723e-09 0 0 6.95292e-310 4.66338e-310 0 0
621.079 494.458 5.295 9.953 12.0829 0.1 0 34 3 1 -1.27175e-09 1.69747e-10 0 0 4.66338e-310 4.74303e-322 0 0
638.905 485.6 5.295 9.953 12.0829 0.1 1 1620 0 0 -7.54886e-10 -7.63596e-10 0 0 6.95292e-310 4.66338e-310 0 0
645.306 504.557 5.295 9.953 12.0829 0.1 1 648 0 0 3.04297e-10 -7.70424e-10 0 0 6.37345e-322 4.66338e-310 0 0
658.515 489.011 5.295 9.953 12.0829 0.1 1 941 0 0 -1.19526e-10 3.01081e-10 0 0 6.95292e-310 4.66338e-310 0 0
664.933 507.881 5.295 9.953 12.0829 0.1 1 1140 0 0 3.4607e-10 -6.53799e-10 0 0 6.16068e-310 3.79442e-321 0 0
678.101 492.564 5.295 9.953 12.0829 0.1 0 43 3 1 7.81644e-10 -5.8419e-11 0 0 6.95292e-310 4.66338e-310 0 0
715.727 483.301 5.295 9.953 12.0829 0.1 0 91 3 1 1.51674e-09 -3.9924e-10 0 0 6.95292e-310 4.66338e-310 0 0
713.956 503.128 5.295 9.953 12.0829 0.1 0 98 3 1 1.70477e-09 -2.04924e-10 0 0 6.95292e-310 6.16069e-310 0 0
720.417 521.956 5.295 9.953 12.0829 0.1 0 105 3 1 4.12902e-10 4.49589e-10 0 0 6.16068e-310 0 0 0
550.272 516.801 5.295 9.953 12.0829 0.1 0 157 3 1 -1.54184e-09 9.95564e-10 0 0 6.95292e-310 4.66338e-310 0 0
566.995 506.003 5.295 9.953 12.0829 0.1 0 91 3 1 -1.71057e-09 2.45805e-11 0 0 6.95292e-310 4.66338e-310 0 0
581.359 519.784 5.295 9.953 12.0829 0.1 0 79 3 1 -1.44845e-09 1.58714e-10 0 0 6.95292e-310 4.66338e-310 0 0
601.031 522.827 5.295 9.953 12.0829 0.1 0 51 3 1 -1.30619e-09 1.97154e-09 0 0 6.95292e-310 4.66338e-310 0 0
583.94 539.522 5.295 9.953 12.0829 0.1 0 73 3 1 -2.5085e-10 1.28149e-10 0 0 9.34278e-321 4.66338e-310 0 0
618.996 514.254 5.295 9.953 12.0829 0.1 0 40 3 1 -1.22465e-09 8.53768e-10 0 0 6.95292e-310 4.66338e-310 0 0
620.551 534.099 5.295 9.953 12.0829 0.1 0 46 3 1 5.13709e-10 1.03922e-09 0 0 4.66338e-310 3.30395e-311 0 0
637.038 522.664 5.295 9.953 12.0829 0.1 1 1393 0 0 9.92397e-11 -5.77182e-10 0 0 6.95292e-310 4.66338e-310 0 0
643.955 541.329 5.295 9.953 12.0829 0.1 0 42 3 1 3.12084e-10 -1.34301e-10 0 0 2.06025e-321 4.66338e-310 0 0
656.664 525.988 5.295 9.953 12.0829 0.1 1 1828 0 0 5.13127e-10 -3.1104e-10 0 0 6.16068e-310 0 0 0
694.092 504.418 5.295 9.953 12.0829 0.1 0 54 3 1 1.34324e-09 2.86242e-10 0 0 6.95292e-310 4.66338e-310 0 0
680.643 520.736 5.295 9.953 12.0829 0.1 0 52 3 1 -0 -0 0 0 6.95292e-310 4.66338e-310 0 0
700.552 523.246 5.295 9.953 12.0829 0.1 0 68 3 1 3.16342e-10 1.17494e-09 0 0 9.40207e-321 4.66338e-310 0 0
603.32 544.066 5.295 9.953 12.0829 0.1 0 64 3 1 -1.37481e-10 3.03928e-10 0 0 6.95292e-310 4.66338e-310 0 0
591.335 561.678 5.295 9.953 12.0829 0.1 0 91 3 1 -5.09394e-10 8.11902e-11 0 0 6.95292e-310 4.66338e-310 0 0
572.342 555.719 5.295 9.953 12.0829 0.1 0 121 3 1 -6.68066e-10 -2.09623e-10 0 0 0 0 0 0
611.123 563.837 5.295 9.953 12.0829 0.1 0 76 3 1 -2.35521e-10 4.30328e-10 0 0 6.95292e-310 4.66338e-310 0 0
608.825 583.609 5.295 9.953 12.0829 0.1 0 122 3 1 -7.98324e-11 6.86968e-10 0 0 0 0 0 0
627.718 552.844 5.295 9.953 12.0829 0.1 0 56 3 1 -1.15749e-11 7.80465e-11 0 0 6.95292e-310 4.66338e-310 0 0
671.989 538.691 5.295 9.953 12.0829 0.1 0 48 3 1 4.70958e-10 3.98733e-10 0 0 6.95292e-310 4.66338e-310 0 0
659.29 554.02 5.295 9.953 12.0829 0.1 0 57 3 1 4.68856e-10 4.34226e-10 0 0 6.95292e-310 4.66338e-310 0 0
656.002 576.79 5.295 9.953 12.0829 0.1 0 89 3 1 -0 -0 0 0 6.95292e-310 4.66338e-310 0 0
692.635 580.356 5.295 9.953 12.0829 0.1 0 126 3 1 7.21404e-11 -2.30826e-11 0 0 6.95292e-310 4.66338e-310 0 0
673.676 586.422 5.295 9.953 12.0829 0.1 0 110 3 1 3.40077e-10 1.07218e-09 0 0 6.95292e-310 4.66338e-310 0 0
663.93 603.779 5.295 9.953 12.0829 0.1 0 171 3 1 -5.19946e-10 9.25927e-10 0 0 0 0 0 0
705.382 542.557 5.295 9.953 12.0829 0.1 0 90 3 1 1.76168e-09 1.21823e-09 0 0 6.95292e-310 4.66338e-310 0 0
687.459 551.217 5.295 9.953 12.0829 0.1 0 74 3 1 9.64733e-10 3.55241e-10 0 0 6.95292e-310 4.66338e-310 0 0
674.76 566.546 5.295 9.953 12.0829 0.1 0 78 3 1 8.05275e-10 6.96365e-10 0 0 0 0 0 0
80 235 2.6475 4.9765 6.04147 0.1 0 0 7 7 -0 -0.0266735 0 0 0 0 0 0
80 244 2.6475 4.9765 6.04147 0.1 0 0 7 7 -0 -0 0 0 4.03179e-313 6.36599e-313 0 0
80 253 2.6475 4.9765 6.04147 0.1 0 0 7 7 -0 -0 0 0 4.66338e-310 3.16202e-322 0 0
80 262 2.6475 4.9765 6.04147 0.1 0 0 7 7 -0 -0 0 0 1.58101e-322 4.66441e-310 0 0
80 271 2.6475 4.9765 6.04147 0.1 0 0 7 7 -0 -0 0 0 0 3.16202e-322 0 0
80 280 2.6475 4.9765 6.04147 0.1 0 0 7 7 -0 -0 0 0 1.26975e-321 4.66338e-310 0 0
80 289 2.6475 4.9765 6.04147 0.1 0 0 7 7 -0 -0 0 0 4.66338e-310 7.38455e-312 0 0
80 298 2.6475 4.9765 6.04147 0.1 0 0 7 7 -0 -0 0 0 3.16202e-322 4.66441e-310 0 0
80 307 2.6475 4.9765 6.04147 0.1 0 0 7 7 -0 -0 0 0 4.66338e-310 1.10671e-321 0 0
80 316 2.6475 4.9765 6.04147 0.1 0 0 7 7 -0 -0 0 0 4.66338e-310 1.58101e-322 0 0
80 325 2.6475 4.9765 6.04147 0.1 0 0 7 7 -0 -0 0 0 1.58101e-322 4.66441e-310 0 0
80 334 2.6475 4.9765 6.04147 0.1 0 0 7 7 -0 -0 0 0 4.66338e-310 3.16202e-322 0 0
80 343 2.6475 4.9765 6.04147 0.1 0 0 7 7 -0 -0 0 0 1.58101e-322 4.66441e-310 0 0
80 352 2.6475 4.9765 6.04147 0.1 0 0 7 7 -0 -0 0 0 4.66338e-310 4.64717e-312 0 0
80 361 2.6475 4.9765 6.04147 0.1 0 0 7 7 -0 -0 0 0 3.16202e-322 4.66441e-310 0 0
80 370 2.6475 4.9765 6.04147 0.1 0 0 7 7 -0 -0 0 0 4.66338e-310 6.32404e-322 0 0
80 379 2.6475 4.9765 6.04147 0.1 0 0 7 7 -0 -0 0 0 1.58101e-322 1.13852e-313 0 0
80 388 2.6475 4.9765 6.04147 0.1 0 0 7 7 -0 -0 0 0 4.66338e-310 0 0 0
80 397 2.6475 4.9765 6.04147 0.1 0 0 7 7 -0 -0 0 0 3.16202e-322 4.66338e-310 0 0
80 406 2.6475 4.9765 6.04147 0.1 0 0 7 7 -0 -0 0 0 0 4.66338e-310 0 0
80 415 2.6475 4.9765 6.04147 0.1 0 0 7 7 -0 -0 0 0 1.35127e-320 0 0 0
80 424 2.6475 4.9765 6.04147 0.1 0 0 7 7 -0 -0 0 0 6.16068e-310 5.77607e-311 0 0
80 433 2.6475 4.9765 6.04147 0.1 0 0 7 7 -0 -0 0 0 3.16202e-322 4.66441e-310 0 0
80 442 2.6475 4.9765 6.04147 0.1 0 0 7 7 -0 -0 0 0 0 3.16202e-322 0 0
80 451 2.6475 4.9765 6.04147 0.1 0 0 7 7 -0 -0 0 0 0 4.66338e-310 0 0
80 460 2.6475 4.9765 6.04147 0.1 0 0 7 7 -0 -0 0 0 -nan 1.26481e-321 0 0
80 469 2.6475 4.9765 6.04147 0.1 0 0 7 7 -0 -0 0 0 6.16068e-310 0 0 0
80 478 2.6475 4.9765 6.04147 0.1 0 0 7 7 -0 -0 0 0 1.58101e-322 4.66441e-310 0 0
80 487 2.6475 4.9765 6.04147 0.1 0 0 7 7 -0 -0 0 0 4.66338e-310 3.16202e-322 0 0
80 496 2.6475 4.9765 6.04147 0.1 0 0 7 7 -0 -0 0 0 3.21143e-322 4.66338e-310 0 0
80 505 2.6475 4.9765 6.04147 0.1 0 0 7 7 -0 -0 0 0 4.66338e-310 1.58101e-322 0 0
80 514 2.6475 4.9765 6.04147 0.1 0 0 7 7 -0 -0 0 0 1.58101e-322 4.66441e-310 0 0
80 523 2.6475 4.9765 6.04147 0.1 0 0 7 7 -0 -0 0 0 4.66338e-310 0 0 0
80 532 2.6475 4.9765 6.04147 0.1 0 0 7 7 -0 -0 0 0 1.58101e-322 4.66441e-310 0 0
80 541 2.6475 4.9765 6.04147 0.1 0 0 7 7 -0 -0 0 0 4.66338e-310 7.27265e-321 0 0
80 550 2.6475 4.9765 6.04147 0.1 0 0 7 7 -0 -0 0 0 0 4.6633e-310 0 0
80 559 2.6475 4.9765 6.04147 0.1 0 0 7 7 -0 -0 0 0 4.66338e-310 4.66338e-310 0 0
80 568 2.6475 4.9765 6.04147 0.1 0 0 7 7 -0 -0 0 0 4.66338e-310 4.66338e-310 0 0
80 577 2.6475 4.9765 6.04147 0.1 0 0 7 7 -0 -0 0 0 4.66338e-310 4.66338e-310 0 0
80 586 2.6475 4.9765 6.04147 0.1 0 0 7 7 -0 -0 0 0 4.66338e-310 4.66338e-310 0 0
80 595 2.6475 4.9765 6.04147 0.1 0 0 7 7 -0 -0 0 0 4.66338e-310 4.66338e-310 0 0
80 604 2.6475 4.9765 6.04147 0.1 0 0 7 7 -0 -0 0 0 4.66338e-310 4.66338e-310 0 0
80 613 2.6475 4.9765 6.04147 0.1 0 0 7 7 -0 -0 0 0 0 0 0 0
80 622 2.6475 4.9765 6.04147 0.1 0 0 7 7 -0 -0 0 0 4.66338e-310 4.66338e-310 0 0
80 631 2.6475 4.9765 6.04147 0.1 0 0 7 7 -0 -0 0 0 6.16068e-310 0 0 0
80 640 2.6475 4.9765 6.04147 0.1 0 0 7 7 -0 -0 0 0 3.16202e-322 4.66441e-310 0 0
80 649 2.6475 4.9765 6.04147 0.1 0 0 7 7 -0 -0 0 0 4.66338e-310 0 0 0
80 658 2.6475 4.9765 6.04147 0.1 0 0 7 7 -0 -0 0 0 6.39321e-321 4.66338e-310 0 0
80 667 2.6475 4.9765 6.04147 0.1 0 0 7 7 -0 -0 0 0 2.75647e-311 4.11063e-321 0 0
80 676 2.6475 4.9765 6.04147 0.1 0 0 7 7 -0 -0 0 0 1.63042e-322 4.66338e-310 0 0
80 685 2.6475 4.9765 6.04147 0.1 0 0 7 7 -0 -0 0 0 4.66338e-310 4.91666e-311 0 0
80 694 2.6475 4.9765 6.04147 0.1 0 0 7 7 -0 -0 0 0 6.46238e-321 4.66338e-310 0 0
80 703 2.6475 4.9765 6.04147 0.1 0 0 7 7 -0 -0 0 0 4.66338e-310 1.58101e-322 0 0
80 712 2.6475 4.9765 6.04147 0.1 0 0 7 7 -0 -0 0 0 6.5019e-321 4.66338e-310 0 0
80 721 2.6475 4.9765 6.04147 0.1 0 0 7 7 -0 -0 0 0 9.31556e-312 1.99468e-311 0 0
80 730 2.6475 4.9765 6.04147 0.1 0 0 7 7 -0 -0 0 0 3.16202e-322 4.66441e-310 0 0
80 739 2.6475 4.9765 6.04147 0.1 0 0 7 7 -0 -0 0 0 6.09013e-312 2.22597e-311 0 0
80 748 2.6475 4.9765 6.04147 0.1 0 0 7 7 -0 -0 0 0 3.16202e-322 4.66441e-310 0 0
80 757 2.6475 4.9765 6.04147 0.1 0 0 7 7 -0 -0 0 0 4.66338e-310 1.58101e-322 0 0
80 766 2.6475 4.9765 6.04147 0.1 0 0 7 7 -0 -0 0 0 0 4.66338e-310 0 0
80 775 2.6475 4.9765 6.04147 0.1 0 0 7 7 -0 0.0266735 0 0 6.16068e-310 0 0 0
100 208 2.6475 4.9765 6.04147 0.1 0 0 7 7 -0 -0.0266735 0 0 3.02368e-321 4.66338e-310 0 0
100 217 2.6475 4.9765 6.04147 0.1 0 0 7 7 -0 -0 0 0 6.16068e-310 0 0 0
100 226 2.6475 4.9765 6.04147 0.1 0 0 7 7 -0 -0 0 0 8.8586e-321 4.66338e-310 0 0
100 235 2.6475 4.9765 6.04147 0.1 0 0 7 7 -0 -0 0 0 4.66338e-310 3.69439e-311 0 0
100 244 2.6475 4.9765 6.04147 0.1 0 0 7 7 -0 -0 0 0 3.21143e-322 4.66338e-310 0 0
100 253 2.6475 4.9765 6.04147 0.1 0 0 7 7 -0 -0 0 0 4.66338e-310 2.68772e-321 0 0
100 262 2.6475 4.9765 6.04147 0.1 0 0 7 7 -0 -0 0 0 7.95446e-322 4.66338e-310 0 0
100 271 2.6475 4.9765 6.04147 0.1 0 0 7 7 -0 -0 0 0 1.10768e-311 1.35596e-311 0 0
100 280 2.6475 4.9765 6.04147 0.1 0 0 7 7 -0 -0 0 0 1.58101e-322 4.66441e-310 0 0
100 289 2.6475 4.9765 6.04147 0.1 0 0 7 7 -0 -0 0 0 4.66338e-310 1.58101e-322 0 0
100 298 2.6475 4.9765 6.04147 0.1 0 0 7 7 0.0044618 0.0277919 0 0 1.58101e-322 4.66441e-310 0 0
109.259 300.32 2.6475 4.9765 6.04147 0.1 0 0 7 15 -6.4658e-06 -1.74784e-05 0 0 6.16068e-310 7.90505e-321 0 0
118.525 302.61 2.6475 4.9765 6.04147 600 0 795 7 13 -1.69095e-05 -3.88722e-05 0 0 0.981458 -0.191675 0 0
127.807 304.83 2.6475 4.9765 6.04147 600 0 912 7 13 -3.10446e-05 -6.94348e-05 0 0 0.981477 -0.191578 0 0
137.116 306.926 2.6475 4.9765 6.04147 600 0 1029 7 13 -6.34247e-05 -8.99998e-05 0 0 0.964335 -0.264684 0 0
146.456 308.866 2.6475 4.9765 6.04147 600 0 1146 7 13 -9.80304e-05 -0.0001072 0 0 0.936447 -0.350808 0 0
155.828 310.622 2.6475 4.9765 6.04147 600 0 1263 7 13 -0.000172298 -0.000126328 0 0 0.960112 -0.279615 0 0
165.231 312.166 2.6475 4.9765 6.04147 600 0 1380 7 13 -0.000199604 -0.000130655 0 0 0.933982 -0.35732 0 0
174.661 313.477 2.6475 4.9765 6.04147 600 0 1497 7 13 -0.000361843 -0.000150205 0 0 0.946231 -0.323491 0 0
184.118 314.521 2.6475 4.9765 6.04147 600 0 1614 7 13 -0.000255109 -0.000165047 0 0 0.92833 -0.371758 0 0
193.593 315.171 2.6475 4.9765 6.04147 600 0 1731 7 13 -0.000606365 -0.000155846 0 0 0.98003 -0.198851 0 0
203.089 315.414 2.6475 4.9765 6.04147 600 0 1848 7 13 -0.000117853 -5.71467e-05 0 0 0.969877 -0.243596 0 0
212.552 315.457 2.6475 4.9765 6.04147 600 0 1965 7 13 -0.00107385 0.000180236 0 0 0.947289 -0.320379 0 0
221.95 316.685 2.6475 4.9765 6.04147 600 0 1965 9 13 -0.000102999 0.000378097 0 0 0.968252 -0.249977 0 0
229.088 322.861 2.6475 4.9765 6.04147 0.1 0 1322 8 10 -0.00116777 -7.54173e-05 0 0 0.985386 -0.170334 0 0
220.849 327.478 2.6475 4.9765 6.04147 600 0 1965 9 14 0.000696926 -0.000380625 0 0 0.97398 0.226634 0 0
211.529 329.328 2.6475 4.9765 6.04147 600 0 1965 7 14 -0.00134825 0.000170567 0 0 0.989027 0.147735 0 0
202.209 330.851 2.6475 4.9765 6.04147 600 0 1848 7 14 0.000856667 -0.000154429 0 0 0.982496 0.186284 0 0
192.814 332.315 2.6475 4.9765 6.04147 600 0 1731 7 14 -0.000951741 0.000187716 0 0 0.968339 0.249639 0 0
183.489 333.897 2.6475 4.9765 6.04147 600 0 1614 7 14 0.000684868 -7.8344e-05 0 0 0.990093 0.140415 0 0
174.144 335.642 2.6475 4.9765 6.04147 600 0 1497 7 14 -0.000662632 0.000160863 0 0 0.999952 0.00982906 0 0
164.856 337.498 2.6475 4.9765 6.04147 600 0 1380 7 14 0.000335559 -4.48431e-05 0 0 0.990238 0.139384 0 0
155.555 339.439 2.6475 4.9765 6.04147 600 0 1263 7 14 -0.000361387 9.44313e-05 0 0 0.996843 0.0793945 0 0
146.283 341.436 2.6475 4.9765 6.04147 600 0 1146 7 14 0.000130443 -1.28969e-05 0 0 0.998005 0.0631371 0 0
137.009 343.484 2.6475 4.9765 6.04147 600 0 1029 7 14 -0.00012964 4.23061e-05 0 0 0.999645 0.0266409 0 0
127.75 345.573 2.6475 4.9765 6.04147 600 0 912 7 14 5.46538e-05 -1.63567e-06 0 0 0.993382 -0.11486 0 0
118.495 347.697 2.6475 4.9765 6.04147 600 0 795 7 14 -2.9737e-05 1.42327e-05 0 0 0.99597 -0.0896829 0 0
109.247 349.843 2.6475 4.9765 6.04147 0.1 0 0 7 15 1.56035e-05 2.61497e-08 0 0 3.00886e-321 4.66338e-310 0 0
100 352 2.6475 4.9765 6.04147 0.1 0 0 7 7 0.00282924 -0.0273337 0 0 4.2546e-311 1.24702e-320 0 0
100 361 2.6475 4.9765 6.04147 0.1 0 0 7 7 -0 -0 0 0 1.63042e-322 4.66338e-310 0 0
100 370 2.6475 4.9765 6.04147 0.1 0 0 7 7 -0 -0 0 0 4.66338e-310 1.58101e-322 0 0
100 379 2.6475 4.9765 6.04147 0.1 0 0 7 7 -0 -0 0 0 7.96434e-321 0 0 0
100 388 2.6475 4.9765 6.04147 0.1 0 0 7 7 -0 -0 0 0 4.66338e-310 1.89706e-311 0 0
100 397 2.6475 4.9765 6.04147 0.1 0 0 7 7 -0 -0 0 0 3.16202e-322 4.66441e-310 0 0
100 406 2.6475 4.9765 6.04147 0.1 0 0 7 7 -0 -0 0 0 0 4.66338e-310 0 0
100 415 2.6475 4.9765 6.04147 0.1 0 0 7 7 -0 -0 0 0 3.97025e-311 0 0 0
100 424 2.6475 4.9765 6.04147 0.1 0 0 7 7 -0 -0 0 0 4.66338e-310 0 0 0
100 433 2.6475 4.9765 6.04147 0.1 0 0 7 7 -0 -0 0 0 3.16202e-322 4.66441e-310 0 0
100 442 2.6475 4.9765 6.04147 0.1 0 0 7 7 -0 -0 0 0 4.66338e-310 1.58101e-322 0 0
100 451 2.6475 4.9765 6.04147 0.1 0 0 7 7 -0 -0 0 0 1.58101e-322 4.66441e-310 0 0
100 460 2.6475 4.9765 6.04147 0.1 0 0 7 7 -0 -0 0 0 4.66338e-310 4.80632e-311 0 0
100 469 2.6475 4.9765 6.04147 0.1 0 0 7 7 -0 -0 0 0 3.21143e-322 4.66338e-310 0 0
100 478 2.6475 4.9765 6.04147 0.1 0 0 7 7 -0 -0 0 0 1.58101e-322 4.66441e-310 0 0
100 487 2.6475 4.9765 6.04147 0.1 0 0 7 7 -0 -0 0 0 1.16402e-320 2.41895e-320 0 0
100 496 2.6475 4.9765 6.04147 0.1 0 0 7 7 -0 -0 0 0 9.4641e-312 4.19731e-311 0 0
100 505 2.6475 4.9765 6.04147 0.1 0 0 7 7 -0 -0 0 0 3.16202e-322 4.66441e-310 0 0
100 514 2.6475 4.9765 6.04147 0.1 0 0 7 7 -0 -0 0 0 1.58101e-322 4.66441e-310 0 0
100 523 2.6475 4.9765 6.04147 0.1 0 0 7 7 -0 -0 0 0 1.16896e-320 2.76677e-320 0 0
100 532 2.6475 4.9765 6.04147 0.1 0 0 7 7 -0 -0 0 0 3.81959e-312 3.22543e-311 0 0
100 541 2.6475 4.9765 6.04147 0.1 0 0 7 7 -0 -0 0 0 6.32898e-321 4.66338e-310 0 0
100 550 2.6475 4.9765 6.04147 0.1 0 0 7 7 -0 -0 0 0 1.58101e-322 4.66441e-310 0 0
100 559 2.6475 4.9765 6.04147 0.1 0 0 7 7 -0 -0 0 0 1.17094e-320 3.11459e-320 0 0
100 568 2.6475 4.9765 6.04147 0.1 0 0 7 7 -0 -0 0 0 4.66338e-310 5.03125e-311 0 0
100 577 2.6475 4.9765 6.04147 0.1 0 0 7 7 -0 -0 0 0 3.21143e-322 4.66338e-310 0 0
100 586 2.6475 4.9765 6.04147 0.1 0 0 7 7 -0 -0 0 0 1.58101e-322 3.16202e-322 0 0
100 595 2.6475 4.9765 6.04147 0.1 0 0 7 7 -0 -0 0 0 5.32833e-311 3.46241e-320 0 0
100 604 2.6475 4.9765 6.04147 0.1 0 0 7 7 -0 -0 0 0 9.27312e-312 2.30237e-311 0 0
100 613 2.6475 4.9765 6.04147 0.1 0 0 7 7 -0 -0 0 0 1.63042e-322 4.66338e-310 0 0
100 622 2.6475 4.9765 6.04147 0.1 0 0 7 7 -0 -0 0 0 4.66338e-310 3.16202e-322 0 0
100 631 2.6475 4.9765 6.04147 0.1 0 0 7 7 -0 -0 0 0 4.79244e-322 4.66338e-310 0 0
100 640 2.6475 4.9765 6.04147 0.1 0 0 7 7 -0 -0 0 0 4.66338e-310 1.58101e-322 0 0
100 649 2.6475 4.9765 6.04147 0.1 0 0 7 7 0.00016398 0.0267268 0 0 2.18871e-321 4.66338e-310 0 0
108.964 651.911 2.6475 4.9765 6.04147 0.1 0 0 7 15 -7.84544e-06 -3.55797e-05 0 0 0 7.90505e-322 0 0
118.329 652.974 2.6475 4.9765 6.04147 600 0 1944 7 13 2.09708e-05 2.39257e-05 0 0 0.986158 0.165806 0 0
127.503 655.129 2.6475 4.9765 6.04147 600 0 1944 7 13 -1.02612e-05 -2.15992e-05 0 0 0.984795 0.173722 0 0
136.861 656.253 2.6475 4.9765 6.04147 600 0 127 7 10 -0.0219407 -0.0202355 0 0 0.993714 0.111948 1 0
135.568 665.773 2.6475 4.9765 6.04147 600 0 1944 7 14 -0.00612844 0.0113996 0 0 0.977197 0.212334 0 0
143.148 671.163 2.6475 4.9765 6.04147 600 0 1944 7 14 -0.00331655 -0.012712 0 0 0.983057 0.183298 0 0
144.899 662.177 2.6475 4.9765 6.04147 600 0 1008 7 15 0.038565 0.0247771 0 0 0.989739 0.142886 0 0
153.204 665.674 2.6475 4.9765 6.04147 600 0 1125 7 13 -0.00362714 -0.0019454 0 0 0.980309 0.197468 0 0
162.318 668.874 2.6475 4.9765 6.04147 600 0 1242 7 13 0.00214888 0.000295292 0 0 0.980813 0.19495 0 0
171.592 671.397 2.6475 4.9765 6.04147 600 0 1359 7 13 0.00278126 0.000275226 0 0 0.970627 0.24059 0 0
180.959 673.43 2.6475 4.9765 6.04147 600 0 1476 7 13 -0.00445382 -0.00115389 0 0 0.961203 0.275841 0 0
190.215 675.032 2.6475 4.9765 6.04147 600 0 1593 7 13 -0.0109184 -0.00167172 0 0 0.999941 0.0108303 0 0
199.881 676.401 2.6475 4.9765 6.04147 600 0 1710 7 13 0.0108022 0.00141891 0 0 0.977904 0.209057 0 0
209.119 677.453 2.6475 4.9765 6.04147 600 0 1827 7 13 0.000269279 -7.49657e-05 0 0 0.964822 0.262905 0 0
218.59 678.309 2.6475 4.9765 6.04147 600 0 1944 7 13 -0.00103903 -0.000167616 0 0 0.992948 0.118553 0 0
228.149 678.959 2.6475 4.9765 6.04147 600 0 1944 9 13 0.00239505 5.11916e-05 0 0 0.998934 0.0461639 0 0
238.36 679.455 2.6475 4.9765 6.04147 0.1 0 1343 8 10 -0.00570447 -0.000276265 0 0 0.999355 0.0359087 0 0
99.8038 695.684 2.6475 4.9765 6.04147 600 0 774 7 14 -5.37764e-17 -3.1225e-17 0 0 0.980034 0.19883 0 0
104.612 703.785 2.6475 4.9765 6.04147 600 0 774 7 14 -3.00107e-16 9.40274e-17 0 0 0.983668 0.179994 0 0
95.1918 703.898 2.6475 4.9765 6.04147 0.1 0 0 7 15 3.00107e-16 -9.40274e-17 0 0 3.16202e-322 4.66441e-310 0 0
100 712 2.6475 4.9765 6.04147 0.1 0 0 7 7 5.37764e-17 -0.0266735 0 0 5.43231e-312 1.01007e-311 0 0
100 721 2.6475 4.9765 6.04147 0.1 0 0 7 7 -0 -0 0 0 7.95446e-322 4.66338e-310 0 0
100 730 2.6475 4.9765 6.04147 0.1 0 0 7 7 -0 -0 0 0 5.87793e-312 1.02705e-311 0 0
100 739 2.6475 4.9765 6.04147 0.1 0 0 7 7 -0 -0 0 0 2.21835e-321 4.66338e-310 0 0
100 748 2.6475 4.9765 6.04147 0.1 0 0 7 7 -0 -0 0 0 6.16068e-310 1.22439e-311 0 0
100 757 2.6475 4.9765 6.04147 0.1 0 0 7 7 -0 -0 0 0 1.58101e-322 4.66441e-310 0 0
100 766 2.6475 4.9765 6.04147 0.1 0 0 7 7 -0 -0 0 0 4.66338e-310 1.58101e-322 0 0
100 775 2.6475 4.9765 6.04147 0.1 0 0 7 7 -0 -0 0 0 6.16068e-310 1.18576e-321 0 0
100 784 2.6475 4.9765 6.04147 0.1 0 0 7 7 -0 -0 0 0 1.63042e-322 4.66338e-310 0 0
100 793 2.6475 4.9765 6.04147 0.1 0 0 7 7 -0 -0 0 0 1.34583e-320 3.16202e-322 0 0
100 802 2.6475 4.9765 6.04147 0.1 0 0 7 7 -0 0.0266735 0 0 9.0167e-321 4.66338e-310 0 0
