591.797 455.988 5.295 9.953 12.0829 0.1 0 75 3 1 -3.25649e-10 -2.35002e-10 0 0 6.16068e-310 0 0 0
597.212 416.765 5.295 9.953 12.0829 0.1 0 161 3 1 1.3503e-11 -4.08767e-10 0 0 6.95292e-310 4.66338e-310 0 0
596.555 436.659 5.295 9.953 12.0829 0.1 0 94 3 1 -6.94126e-12 -3.0685e-10 0 0 6.95292e-310 4.66338e-310 0 0
614.609 428.276 5.295 9.953 12.0829 0.1 0 90 3 1 9.84471e-11 -2.54789e-10 0 0 6.95292e-310 4.66338e-310 0 0
624.345 445.638 5.295 9.953 12.0829 0.1 0 67 3 1 7.19999e-11 -1.59862e-10 0 0 6.95292e-310 4.66338e-310 0 0
611.171 460.561 5.295 9.953 12.0829 0.1 0 52 3 1 -2.2453e-10 -2.63394e-10 0 0 1.58101e-322 4.66441e-310 0 0
639.123 432.302 5.295 9.953 12.0829 0.1 0 75 3 1 1.77267e-10 -1.59986e-10 0 0 6.95292e-310 4.66338e-310 0 0
643.082 452.361 5.295 9.953 12.0829 0.1 0 49 3 1 1.2752e-10 -9.2085e-11 0 0 4.00421e-311 1.26481e-321 0 0
661.112 428.823 5.295 9.953 12.0829 0.1 0 90 3 1 -7.25801e-11 -5.08787e-11 0 0 6.95292e-310 6.16069e-310 0 0
677.412 440.249 5.295 9.953 12.0829 0.1 0 77 3 1 2.32462e-10 -4.03051e-10 0 0 6.95292e-310 4.66338e-310 0 0
662.941 453.918 5.295 9.953 12.0829 0.1 0 51 3 1 8.72087e-11 -3.68624e-10 0 0 4.66338e-310 3.16202e-322 0 0
697.314 440.64 5.295 9.953 12.0829 0.1 0 110 3 1 3.14137e-10 6.17258e-12 0 0 6.95292e-310 4.66338e-310 0 0
685.204 458.968 5.295 9.953 12.0829 0.1 0 64 3 1 4.49188e-12 -4.6385e-12 0 0 7.95446e-322 4.66338e-310 0 0
587.932 475.515 5.295 9.953 12.0829 0.1 0 65 3 1 -5.72687e-10 -1.21856e-10 0 0 1.06076e-320 0 0 0
607.305 480.088 5.295 9.953 12.0829 0.1 0 44 3 1 -4.31574e-10 -1.73742e-10 0 0 1.22133e-320 3.16202e-322 0 0
651.664 470.321 5.295 9.953 12.0829 0.1 1 2992 0 0 2.40632e-10 -6.98355e-11 0 0 6.95292e-310 4.66338e-310 0 0
629.643 467.98 5.295 9.953 12.0829 0.1 0 38 3 1 -2.70261e-11 -5.07847e-10 0 0 3.21143e-322 4.66338e-310 0 0
671.356 473.268 5.295 9.953 12.0829 0.1 0 41 3 1 -4.49188e-12 4.6385e-12 0 0 4.66338e-310 3.16202e-322 0 0
704.067 465.381 5.295 9.953 12.0829 0.1 0 82 3 1 1.62803e-10 -3.57794e-10 0 0 6.95292e-310 6.16069e-310 0 0
695.823 483.499 5.295 9.953 12.0829 0.1 0 65 3 1 3.71888e-10 -1.52112e-10 0 0 4.66338e-310 3.16202e-322 0 0
583.535 494.929 5.295 9.953 12.0829 0.1 0 66 3 2 -2.89801e-10 1.04074e-10 0 0 1.58101e-322 4.66441e-310 0 0
602.39 501.311 5.295 9.953 12.0829 0.1 0 43 3 1 -3.4502e-10 7.50662e-10 0 0 6.95292e-310 4.66338e-310 0 0
621.079 494.458 5.295 9.953 12.0829 0.1 0 34 3 1 -4.04865e-10 5.4304e-11 0 0 4.66338e-310 4.74303e-322 0 0
638.904 485.599 5.295 9.953 12.0829 0.1 1 1620 0 0 -2.40038e-10 -2.42681e-10 0 0 6.95292e-310 4.66338e-310 0 0
645.306 504.556 5.295 9.953 12.0829 0.1 1 648 0 0 9.67759e-11 -2.44735e-10 0 0 6.37345e-322 4.66338e-310 0 0
658.515 489.011 5.295 9.953 12.0829 0.1 1 941 0 0 -3.8023e-11 9.59662e-11 0 0 6.95292e-310 4.66338e-310 0 0
664.933 507.881 5.295 9.953 12.0829 0.1 1 1140 0 0 1.10035e-10 -2.08158e-10 0 0 6.16068e-310 3.79442e-321 0 0
678.101 492.564 5.295 9.953 12.0829 0.1 1 2177 0 0 2.48579e-10 -1.85562e-11 0 0 6.95292e-310 4.66338e-310 0 0
715.728 483.301 5.295 9.953 12.0829 0.1 0 91 3 1 4.82333e-10 -1.26956e-10 0 0 6.95292e-310 4.66338e-310 0 0
713.956 503.128 5.295 9.953 12.0829 0.1 0 98 3 1 5.42113e-10 -6.51659e-11 0 0 6.95292e-310 6.16069e-310 0 0
720.417 521.956 5.295 9.953 12.0829 0.1 0 105 3 1 1.31261e-10 1.42963e-10 0 0 6.16068e-310 0 0 0
550.272 516.801 5.295 9.953 12.0829 0.1 0 157 3 1 -4.90945e-10 3.17017e-10 0 0 6.95292e-310 4.66338e-310 0 0
566.994 506.003 5.295 9.953 12.0829 0.1 0 91 3 1 -5.44664e-10 7.85413e-12 0 0 6.95292e-310 4.66338e-310 0 0
581.359 519.784 5.295 9.953 12.0829 0.1 0 79 3 1 -4.61041e-10 5.03892e-11 0 0 6.95292e-310 4.66338e-310 0 0
601.03 522.828 5.295 9.953 12.0829 0.1 0 51 3 1 -4.15815e-10 6.27635e-10 0 0 6.95292e-310 4.66338e-310 0 0
583.939 539.522 5.295 9.953 12.0829 0.1 0 73 3 1 -8.0174e-11 4.08479e-11 0 0 9.34278e-321 4.66338e-310 0 0
618.995 514.255 5.295 9.953 12.0829 0.1 0 40 3 1 -3.89646e-10 2.72294e-10 0 0 6.95292e-310 4.66338e-310 0 0
620.551 534.1 5.295 9.953 12.0829 0.1 0 46 3 1 1.6407e-10 3.31667e-10 0 0 4.66338e-310 3.30395e-311 0 0
637.038 522.664 5.295 9.953 12.0829 0.1 1 1393 0 0 3.17005e-11 -1.83331e-10 0 0 6.95292e-310 4.66338e-310 0 0
643.955 541.329 5.295 9.953 12.0829 0.1 0 42 3 1 9.9159e-11 -4.24995e-11 0 0 2.06025e-321 4.66338e-310 0 0
656.664 525.988 5.295 9.953 12.0829 0.1 1 1828 0 0 1.63496e-10 -9.89418e-11 0 0 6.16068e-310 0 0 0
694.092 504.418 5.295 9.953 12.0829 0.1 0 54 3 1 4.27154e-10 9.10466e-11 0 0 6.95292e-310 4.66338e-310 0 0
680.643 520.736 5.295 9.953 12.0829 0.1 1 2645 0 0 -0 -0 0 0 6.95292e-310 4.66338e-310 0 0
700.553 523.246 5.295 9.953 12.0829 0.1 0 68 3 1 1.00578e-10 3.73633e-10 0 0 9.40207e-321 4.66338e-310 0 0
603.32 544.066 5.295 9.953 12.0829 0.1 0 64 3 1 -4.38641e-11 9.70802e-11 0 0 6.95292e-310 4.66338e-310 0 0
591.335 561.678 5.295 9.953 12.0829 0.1 0 91 3 1 -1.61854e-10 2.57883e-11 0 0 6.95292e-310 4.66338e-310 0 0
572.342 555.719 5.295 9.953 12.0829 0.1 0 121 3 1 -2.12234e-10 -6.65951e-11 0 0 0 0 0 0
611.123 563.837 5.295 9.953 12.0829 0.1 0 76 3 1 -7.48823e-11 1.36748e-10 0 0 6.95292e-310 4.66338e-310 0 0
608.825 583.61 5.295 9.953 12.0829 0.1 0 122 3 1 -2.53641e-11 2.18268e-10 0 0 0 0 0 0
627.718 552.844 5.295 9.953 12.0829 0.1 0 56 3 1 -3.74911e-12 2.48467e-11 0 0 6.95292e-310 4.66338e-310 0 0
671.989 538.691 5.295 9.953 12.0829 0.1 0 48 3 1 1.50144e-10 1.26829e-10 0 0 6.95292e-310 4.66338e-310 0 0
659.29 554.02 5.295 9.953 12.0829 0.1 0 57 3 1 1.48911e-10 1.38238e-10 0 0 6.95292e-310 4.66338e-310 0 0
656.002 576.79 5.295 9.953 12.0829 0.1 0 89 3 1 -0 -0 0 0 6.95292e-310 4.66338e-310 0 0
692.635 580.356 5.295 9.953 12.0829 0.1 0 126 3 1 2.28771e-11 -7.32056e-12 0 0 6.95292e-310 4.66338e-310 0 0
673.676 586.423 5.295 9.953 12.0829 0.1 0 110 3 1 1.08111e-10 3.40783e-10 0 0 6.95292e-310 4.66338e-310 0 0
663.93 603.779 5.295 9.953 12.0829 0.1 0 171 3 1 -1.65233e-10 2.94236e-10 0 0 0 0 0 0
705.383 542.557 5.295 9.953 12.0829 0.1 0 90 3 1 5.6015e-10 3.87377e-10 0 0 6.95292e-310 4.66338e-310 0 0
687.46 551.218 5.295 9.953 12.0829 0.1 0 74 3 1 3.06964e-10 1.13308e-10 0 0 6.95292e-310 4.66338e-310 0 0
674.761 566.546 5.295 9.953 12.0829 0.1 0 78 3 1 2.55919e-10 2.21386e-10 0 0 0 0 0 0
80 235 2.6475 4.9765 6.04147 0.1 0 0 7 7 -0 -0.0266735 0 0 0 0 0 0
80 244 2.6475 4.9765 6.04147 0.1 0 0 7 7 -0 -0 0 0 4.03179e-313 6.36599e-313 0 0
80 253 2.6475 4.9765 6.04147 0.1 0 0 7 7 -0 -0 0 0 4.66338e-310 3.16202e-322 0 0
80 262 2.6475 4.9765 6.04147 0.1 0 0 7 7 -0 -0 0 0 1.58101e-322 4.66441e-310 0 0
80 271 2.6475 4.9765 6.04147 0.1 0 0 7 7 -0 -0 0 0 0 3.16202e-322 0 0
80 280 2.6475 4.9765 6.04147 0.1 0 0 7 7 -0 -0 0 0 1.26975e-321 4.66338e-310 0 0
80 289 2.6475 4.9765 6.04147 0.1 0 0 7 7 -0 -0 0 0 4.66338e-310 7.38455e-312 0 0
80 298 2.6475 4.9765 6.04147 0.1 0 0 7 7 -0 -0 0 0 3.16202e-322 4.66441e-310 0 0
80 307 2.6475 4.9765 6.04147 0.1 0 0 7 7 -0 -0 0 0 4.66338e-310 1.10671e-321 0 0
80 316 2.6475 4.9765 6.04147 0.1 0 0 7 7 -0 -0 0 0 4.66338e-310 1.58101e-322 0 0
80 325 2.6475 4.9765 6.04147 0.1 0 0 7 7 -0 -0 0 0 1.58101e-322 4.66441e-310 0 0
80 334 2.6475 4.9765 6.04147 0.1 0 0 7 7 -0 -0 0 0 4.66338e-310 3.16202e-322 0 0
80 343 2.6475 4.9765 6.04147 0.1 0 0 7 7 -0 -0 0 0 1.58101e-322 4.66441e-310 0 0
80 352 2.6475 4.9765 6.04147 0.1 0 0 7 7 -0 -0 0 0 4.66338e-310 4.64717e-312 0 0
80 361 2.6475 4.9765 6.04147 0.1 0 0 7 7 -0 -0 0 0 3.16202e-322 4.66441e-310 0 0
80 370 2.6475 4.9765 6.04147 0.1 0 0 7 7 -0 -0 0 0 4.66338e-310 6.32404e-322 0 0
80 379 2.6475 4.9765 6.04147 0.1 0 0 7 7 -0 -0 0 0 1.58101e-322 1.13852e-313 0 0
80 388 2.6475 4.9765 6.04147 0.1 0 0 7 7 -0 -0 0 0 4.66338e-310 0 0 0
80 397 2.6475 4.9765 6.04147 0.1 0 0 7 7 -0 -0 0 0 3.16202e-322 4.66338e-310 0 0
80 406 2.6475 4.9765 6.04147 0.1 0 0 7 7 -0 -0 0 0 0 4.66338e-310 0 0
80 415 2.6475 4.9765 6.04147 0.1 0 0 7 7 -0 -0 0 0 1.35127e-320 0 0 0
80 424 2.6475 4.9765 6.04147 0.1 0 0 7 7 -0 -0 0 0 6.16068e-310 5.77607e-311 0 0
80 433 2.6475 4.9765 6.04147 0.1 0 0 7 7 -0 -0 0 0 3.16202e-322 4.66441e-310 0 0
80 442 2.6475 4.9765 6.04147 0.1 0 0 7 7 -0 -0 0 0 0 3.16202e-322 0 0
80 451 2.6475 4.9765 6.04147 0.1 0 0 7 7 -0 -0 0 0 0 4.66338e-310 0 0
80 460 2.6475 4.9765 6.04147 0.1 0 0 7 7 -0 -0 0 0 -nan 1.26481e-321 0 0
80 469 2.6475 4.9765 6.04147 0.1 0 0 7 7 -0 -0 0 0 6.16068e-310 0 0 0
80 478 2.6475 4.9765 6.04147 0.1 0 0 7 7 -0 -0 0 0 1.58101e-322 4.66441e-310 0 0
80 487 2.6475 4.9765 6.04147 0.1 0 0 7 7 -0 -0 0 0 4.66338e-310 3.16202e-322 0 0
80 496 2.6475 4.9765 6.04147 0.1 0 0 7 7 -0 -0 0 0 3.21143e-322 4.66338e-310 0 0
80 505 2.6475 4.9765 6.04147 0.1 0 0 7 7 -0 -0 0 0 4.66338e-310 1.58101e-322 0 0
80 514 2.6475 4.9765 6.04147 0.1 0 0 7 7 -0 -0 0 0 1.58101e-322 4.66441e-310 0 0
80 523 2.6475 4.9765 6.04147 0.1 0 0 7 7 -0 -0 0 0 4.66338e-310 0 0 0
80 532 2.6475 4.9765 6.04147 0.1 0 0 7 7 -0 -0 0 0 1.58101e-322 4.66441e-310 0 0
80 541 2.6475 4.9765 6.04147 0.1 0 0 7 7 -0 -0 0 0 4.66338e-310 7.27265e-321 0 0
80 550 2.6475 4.9765 6.04147 0.1 0 0 7 7 -0 -0 0 0 0 4.6633e-310 0 0
80 559 2.6475 4.9765 6.04147 0.1 0 0 7 7 -0 -0 0 0 4.66338e-310 4.66338e-310 0 0
80 568 2.6475 4.9765 6.04147 0.1 0 0 7 7 -0 -0 0 0 4.66338e-310 4.66338e-310 0 0
80 577 2.6475 4.9765 6.04147 0.1 0 0 7 7 -0 -0 0 0 4.66338e-310 4.66338e-310 0 0
80 586 2.6475 4.9765 6.04147 0.1 0 0 7 7 -0 -0 0 0 4.66338e-310 4.66338e-310 0 0
80 595 2.6475 4.9765 6.04147 0.1 0 0 7 7 -0 -0 0 0 4.66338e-310 4.66338e-310 0 0
80 604 2.6475 4.9765 6.04147 0.1 0 0 7 7 -0 -0 0 0 4.66338e-310 4.66338e-310 0 0
80 613 2.6475 4.9765 6.04147 0.1 0 0 7 7 -0 -0 0 0 0 0 0 0
80 622 2.6475 4.9765 6.04147 0.1 0 0 7 7 -0 -0 0 0 4.66338e-310 4.66338e-310 0 0
80 631 2.6475 4.9765 6.04147 0.1 0 0 7 7 -0 -0 0 0 6.16068e-310 0 0 0
80 640 2.6475 4.9765 6.04147 0.1 0 0 7 7 -0 -0 0 0 3.16202e-322 4.66441e-310 0 0
80 649 2.6475 4.9765 6.04147 0.1 0 0 7 7 -0 -0 0 0 4.66338e-310 0 0 0
80 658 2.6475 4.9765 6.04147 0.1 0 0 7 7 -0 -0 0 0 6.39321e-321 4.66338e-310 0 0
80 667 2.6475 4.9765 6.04147 0.1 0 0 7 7 -0 -0 0 0 2.75647e-311 4.11063e-321 0 0
80 676 2.6475 4.9765 6.04147 0.1 0 0 7 7 -0 -0 0 0 1.63042e-322 4.66338e-310 0 0
80 685 2.6475 4.9765 6.04147 0.1 0 0 7 7 -0 -0 0 0 4.66338e-310 4.91666e-311 0 0
80 694 2.6475 4.9765 6.04147 0.1 0 0 7 7 -0 -0 0 0 6.46238e-321 4.66338e-310 0 0
80 703 2.6475 4.9765 6.04147 0.1 0 0 7 7 -0 -0 0 0 4.66338e-310 1.58101e-322 0 0
80 712 2.6475 4.9765 6.04147 0.1 0 0 7 7 -0 -0 0 0 6.5019e-321 4.66338e-310 0 0
80 721 2.6475 4.9765 6.04147 0.1 0 0 7 7 -0 -0 0 0 9.31556e-312 1.99468e-311 0 0
80 730 2.6475 4.9765 6.04147 0.1 0 0 7 7 -0 -0 0 0 3.16202e-322 4.66441e-310 0 0
80 739 2.6475 4.9765 6.04147 0.1 0 0 7 7 -0 -0 0 0 6.09013e-312 2.22597e-311 0 0
80 748 2.6475 4.9765 6.04147 0.1 0 0 7 7 -0 -0 0 0 3.16202e-322 4.66441e-310 0 0
80 757 2.6475 4.9765 6.04147 0.1 0 0 7 7 -0 -0 0 0 4.66338e-310 1.58101e-322 0 0
80 766 2.6475 4.9765 6.04147 0.1 0 0 7 7 -0 -0 0 0 0 4.66338e-310 0 0
80 775 2.6475 4.9765 6.04147 0.1 0 0 7 7 -0 0.0266735 0 0 6.16068e-310 0 0 0
100 208 2.6475 4.9765 6.04147 0.1 0 0 7 7 -0 -0.0266735 0 0 3.02368e-321 4.66338e-310 0 0
100 217 2.6475 4.9765 6.04147 0.1 0 0 7 7 -0 -0 0 0 6.16068e-310 0 0 0
100 226 2.6475 4.9765 6.04147 0.1 0 0 7 7 -0 -0 0 0 8.8586e-321 4.66338e-310 0 0
100 235 2.6475 4.9765 6.04147 0.1 0 0 7 7 -0 -0 0 0 4.66338e-310 3.69439e-311 0 0
100 244 2.6475 4.9765 6.04147 0.1 0 0 7 7 -0 -0 0 0 3.21143e-322 4.66338e-310 0 0
100 253 2.6475 4.9765 6.04147 0.1 0 0 7 7 -0 -0 0 0 4.66338e-310 2.68772e-321 0 0
100 262 2.6475 4.9765 6.04147 0.1 0 0 7 7 -0 -0 0 0 7.95446e-322 4.66338e-310 0 0
100 271 2.6475 4.9765 6.04147 0.1 0 0 7 7 -0 -0 0 0 1.10768e-311 1.35596e-311 0 0
100 280 2.6475 4.9765 6.04147 0.1 0 0 7 7 -0 -0 0 0 1.58101e-322 4.66441e-310 0 0
100 289 2.6475 4.9765 6.04147 0.1 0 0 7 7 -0.00015632 -8.36845e-05 0 0 4.66338e-310 1.58101e-322 0 0
100 298 2.6475 4.9765 6.04147 0.1 0 0 7 7 0.00174035 0.0257185 0 0 1.58101e-322 4.66441e-310 0 0
108.302 293.444 2.6475 4.9765 6.04147 0.1 0 0 7 15 3.94738e-07 -1.70841e-06 0 0 6.16068e-310 7.90505e-321 0 0
116.216 288.248 2.6475 4.9765 6.04147 600 0 795 7 15 1.58896e-05 1.49274e-05 0 0 0.981458 -0.191675 0 0
124.187 283.14 2.6475 4.9765 6.04147 600 0 2200 7 13 1.19457e-06 -6.46449e-06 0 0 0.819644 -0.572873 0 0
132.146 278.012 2.6475 4.9765 6.04147 600 0 2317 7 13 6.86145e-06 -8.21388e-06 0 0 0.846114 -0.533002 0 0
140.096 272.87 2.6475 4.9765 6.04147 600 0 2434 7 13 6.24011e-06 -5.45524e-06 0 0 0.674571 -0.73821 0 0
148.044 267.724 2.6475 4.9765 6.04147 600 0 2551 7 13 1.20773e-05 -8.90289e-06 0 0 0.765586 -0.643334 0 0
155.989 262.573 2.6475 4.9765 6.04147 600 0 2668 7 13 1.09159e-05 -8.27119e-06 0 0 0.682673 -0.730724 0 0
163.932 257.419 2.6475 4.9765 6.04147 600 0 2785 7 13 1.5072e-05 -1.09706e-05 0 0 0.695887 -0.718152 0 0
171.873 252.259 2.6475 4.9765 6.04147 600 0 2902 7 13 1.84834e-05 -1.40736e-05 0 0 0.621827 -0.783155 0 0
179.809 247.093 2.6475 4.9765 6.04147 600 0 3019 7 13 1.45296e-05 -1.25219e-05 0 0 0.642626 -0.76618 0 0
187.74 241.916 2.6475 4.9765 6.04147 600 0 3136 7 13 2.44532e-05 -3.71798e-05 0 0 0.813748 -0.581218 0 0
195.626 236.671 2.6475 4.9765 6.04147 600 0 3253 7 13 -3.98827e-06 -2.51078e-05 0 0 0.738362 -0.674404 0 0
203.453 231.336 2.6475 4.9765 6.04147 600 0 3370 7 13 9.92627e-06 -0.000108867 0 0 0.679391 -0.733776 0 0
211.065 225.697 2.6475 4.9765 6.04147 600 0 3487 7 13 -1.45825e-05 4.96486e-06 0 0 0.691567 -0.722312 0 0
218.668 220.044 2.6475 4.9765 6.04147 600 0 3487 9 13 0.000320336 0.000241028 0 0 0.609092 -0.7931 0 0
227.774 217.4 2.6475 4.9765 6.04147 600 0 1417 8 10 0.000115477 0.000183249 0 0 0.83387 -0.551961 0 0
164.84 293.337 2.6475 4.9765 6.04147 600 0 2200 13 14 -0.00033355 -0.000162419 0 0 0.966451 -0.256851 0 0
227.174 226.809 2.6475 4.9765 6.04147 600 0 3487 9 14 0.000430867 -0.000162863 0 0 0.886573 -0.462589 0 0
224.881 235.953 2.6475 4.9765 6.04147 600 0 3487 7 14 -0.000485797 7.69576e-05 0 0 0.867959 -0.496637 0 0
215.645 237.81 2.6475 4.9765 6.04147 600 0 3370 7 14 0.000475336 -8.35718e-05 0 0 0.930874 -0.365341 0 0
208.814 244.325 2.6475 4.9765 6.04147 600 0 3253 7 14 -0.000999688 0.000548754 0 0 0.910608 -0.413272 0 0
200.578 248.899 2.6475 4.9765 6.04147 600 0 3136 7 14 0.000991311 -0.000546395 0 0 0.883413 -0.468596 0 0
192.919 254.43 2.6475 4.9765 6.04147 600 0 3019 7 14 -0.000833149 0.000456727 0 0 0.81765 -0.575716 0 0
184.676 258.989 2.6475 4.9765 6.04147 600 0 2902 7 14 0.000890305 -0.000552816 0 0 0.845917 -0.533314 0 0
181.022 267.689 2.6475 4.9765 6.04147 600 0 2785 7 14 -0.000528715 0.000353025 0 0 0.81392 -0.580977 0 0
172.778 272.238 2.6475 4.9765 6.04147 600 0 2668 7 14 0.000300217 -0.00126926 0 0 0.840271 -0.542166 0 0
174.588 281.527 2.6475 4.9765 6.04147 600 0 2551 7 14 -1.93569e-05 0.00422064 0 0 0.814711 -0.579867 0 0
173.956 290.868 2.6475 4.9765 6.04147 600 0 2434 7 14 -3.75435e-05 -0.00724687 0 0 0.921944 -0.387323 0 0
171.482 300.032 2.6475 4.9765 6.04147 600 0 2317 7 14 -0.00211405 0.00343299 0 0 0.815722 -0.578444 0 0
180.659 297.629 2.6475 4.9765 6.04147 600 0 1263 7 15 0.00606686 0.00228775 0 0 0.960112 -0.279615 0 0
189.207 301.538 2.6475 4.9765 6.04147 600 0 1380 7 13 -0.00281338 -0.0013391 0 0 0.933982 -0.35732 0 0
198.147 304.744 2.6475 4.9765 6.04147 600 0 1497 7 13 0.00188238 0.000621991 0 0 0.946231 -0.323491 0 0
207.101 307.758 2.6475 4.9765 6.04147 600 0 1614 7 13 -0.00104564 -0.000381784 0 0 0.92833 -0.371758 0 0
216.142 310.61 2.6475 4.9765 6.04147 600 0 1731 7 13 0.0007961 0.000239889 0 0 0.98003 -0.198851 0 0
225.175 313.413 2.6475 4.9765 6.04147 600 0 1848 7 13 -0.000715022 -0.000222118 0 0 0.969877 -0.243596 0 0
234.226 316.22 2.6475 4.9765 6.04147 600 0 1965 7 13 0.000700212 0.000229026 0 0 0.947289 -0.320379 0 0
243.248 319.067 2.6475 4.9765 6.04147 600 0 2082 7 13 -0.00060623 -0.000179833 0 0 0.966397 -0.257053 0 0
252.269 321.98 2.6475 4.9765 6.04147 600 0 2199 7 13 0.000830714 0.000286083 0 0 0.94765 -0.319311 0 0
261.262 324.951 2.6475 4.9765 6.04147 600 0 2316 7 13 -0.000233819 -6.43198e-05 0 0 0.888291 -0.45928 0 0
270.258 327.976 2.6475 4.9765 6.04147 600 0 2433 7 13 0.000793604 0.000276144 0 0 0.97875 -0.205059 0 0
279.246 331.028 2.6475 4.9765 6.04147 600 0 2550 7 13 0.000169086 5.87449e-05 0 0 0.96515 -0.261699 0 0
288.251 334.088 2.6475 4.9765 6.04147 600 0 2667 7 13 0.000515605 0.000169397 0 0 0.986413 -0.164286 0 0
297.266 337.138 2.6475 4.9765 6.04147 600 0 2784 7 13 0.000152276 4.45984e-05 0 0 0.957015 -0.290038 0 0
306.295 340.175 2.6475 4.9765 6.04147 600 0 2901 7 13 8.57369e-05 2.89295e-05 0 0 0.992612 -0.121336 0 0
315.323 343.213 2.6475 4.9765 6.04147 600 0 3018 7 13 -0.000183384 -5.17621e-05 0 0 0.999954 0.00958501 0 0
324.34 346.271 2.6475 4.9765 6.04147 600 0 3135 7 13 -0.000310666 -0.000154811 0 0 0.988876 -0.148745 0 0
333.386 349.208 2.6475 4.9765 6.04147 600 0 3252 7 13 -0.000557837 -0.000135741 0 0 0.997926 -0.0643733 0 0
342.377 352.261 2.6475 4.9765 6.04147 600 0 3369 7 13 -0.000442726 -0.000867712 0 0 0.961845 -0.273596 0 0
351.847 352.66 2.6475 4.9765 6.04147 600 0 3486 7 13 -0.000689696 0.000892775 0 0 0.989501 -0.144525 0 0
360.032 357.421 2.6475 4.9765 6.04147 600 0 3486 9 13 -0.000335554 0.000184225 0 0 0.986968 0.160919 0 0
366.774 364.065 2.6475 4.9765 6.04147 0.1 0 2822 8 10 -0.000274544 8.67418e-05 0 0 0.986269 0.165144 0 0
358.239 368.17 2.6475 4.9765 6.04147 600 0 3486 9 14 -0.000406206 -0.000574074 0 0 0.913566 0.40669 0 0
348.797 368.957 2.6475 4.9765 6.04147 600 0 3486 7 14 -0.000249058 -0.00131142 0 0 0.938642 0.344894 0 0
340.126 365.12 2.6475 4.9765 6.04147 600 0 3369 7 14 -0.000315239 0.000383562 0 0 0.891096 0.453815 0 0
330.935 362.726 2.6475 4.9765 6.04147 600 0 3252 7 14 -0.000367057 3.82823e-05 0 0 0.918321 0.395838 0 0
321.685 360.706 2.6475 4.9765 6.04147 600 0 3135 7 14 0.00255449 0.000570548 0 0 0.927893 0.372847 0 0
312.355 358.859 2.6475 4.9765 6.04147 600 0 3018 7 14 -0.00332073 -0.0006019 0 0 0.954471 0.298303 0 0
303.119 357.159 2.6475 4.9765 6.04147 600 0 2901 7 14 0.00749224 0.00130533 0 0 0.99273 0.12036 0 0
293.694 355.621 2.6475 4.9765 6.04147 600 0 2784 7 14 -0.00888572 -0.00130108 0 0 0.895146 0.445772 0 0
284.424 354.366 2.6475 4.9765 6.04147 600 0 2667 7 14 0.0086384 0.00103071 0 0 0.911776 0.410688 0 0
274.908 353.48 2.6475 4.9765 6.04147 600 0 2550 7 14 -0.00811718 -0.000501797 0 0 0.954822 0.297177 0 0
265.52 353.101 2.6475 4.9765 6.04147 600 0 2433 7 14 0.00465317 0.000206697 0 0 0.971986 0.235041 0 0
255.992 353.629 2.6475 4.9765 6.04147 600 0 2316 7 14 -0.0047873 0.00089547 0 0 0.960885 0.276948 0 0
246.631 355.084 2.6475 4.9765 6.04147 600 0 2199 7 14 0.0736682 -0.0336078 0 0 0.988659 0.150178 0 0
237.136 359.601 2.6475 4.9765 6.04147 600 0 2082 7 15 -0.0711577 0.0350206 0 0 0.973259 0.229713 0 0
228.593 358.879 2.6475 4.9765 6.04147 600 0 3058 7 13 0.0014797 0.000949451 0 0 0.97019 0.242346 0 0
232.999 367.21 2.6475 4.9765 6.04147 600 0 3175 7 13 0.000857413 -0.000705628 0 0 0.944203 0.329364 0 0
232.541 376.699 2.6475 4.9765 6.04147 600 0 3292 7 13 0.00109939 0.000528271 0 0 0.819272 0.573405 0 0
235.384 385.752 2.6475 4.9765 6.04147 600 0 3409 7 13 -0.000125751 -0.00040987 0 0 0.837705 0.546123 0 0
238.248 394.8 2.6475 4.9765 6.04147 600 0 3409 9 13 -0.000181189 -0.00051545 0 0 0.793 0.609222 0 0
239.639 404.175 2.6475 4.9765 6.04147 600 0 597 8 10 0.000382769 -0.00103229 0 0 0.804464 0.594001 0 0
230.368 402.293 2.6475 4.9765 6.04147 600 0 3488 9 14 0.000368876 -0.000279801 0 0 0.793 0.609222 0 0
223.476 395.82 2.6475 4.9765 6.04147 600 0 3488 7 14 -0.000355947 0.00025265 0 0 0.813881 0.581032 0 0
215.008 391.623 2.6475 4.9765 6.04147 600 0 3371 7 14 0.000252299 -0.000109275 0 0 0.783756 0.621069 0 0
207.311 386.13 2.6475 4.9765 6.04147 600 0 3254 7 14 -0.000243684 0.000140733 0 0 0.819683 0.572817 0 0
198.771 382.08 2.6475 4.9765 6.04147 600 0 3137 7 14 0.000187986 6.23557e-05 0 0 0.901014 0.43379 0 0
190.306 377.869 2.6475 4.9765 6.04147 600 0 3020 7 14 -0.000153247 1.82254e-05 0 0 0.960619 0.27787 0 0
181.603 374.184 2.6475 4.9765 6.04147 600 0 1614 7 15 8.78474e-05 8.24809e-05 0 0 0.990093 0.140415 0 0
172.78 370.786 2.6475 4.9765 6.04147 600 0 1497 7 14 -0.000137756 8.32718e-06 0 0 0.999952 0.00982906 0 0
163.827 367.753 2.6475 4.9765 6.04147 600 0 1380 7 14 2.6719e-05 6.54484e-05 0 0 0.990238 0.139384 0 0
154.759 365.077 2.6475 4.9765 6.04147 600 0 1263 7 14 -0.000107554 2.75805e-05 0 0 0.996843 0.0793945 0 0
145.593 362.759 2.6475 4.9765 6.04147 600 0 1146 7 14 6.35888e-06 5.99727e-05 0 0 0.998005 0.0631371 0 0
136.34 360.806 2.6475 4.9765 6.04147 600 0 1029 7 14 -7.37665e-05 3.61272e-05 0 0 0.999645 0.0266409 0 0
127.027 359.168 2.6475 4.9765 6.04147 600 0 912 7 14 -3.60044e-07 5.5365e-05 0 0 0.993382 -0.11486 0 0
117.659 357.872 2.6475 4.9765 6.04147 600 0 795 7 14 -3.36566e-05 -1.53792e-05 0 0 0.99597 -0.0896829 0 0
108.3 356.512 2.6475 4.9765 6.04147 0.1 0 0 7 15 8.98005e-06 -1.60234e-06 0 0 3.00886e-321 4.66338e-310 0 0
100 352 2.6475 4.9765 6.04147 0.1 0 0 7 7 0.000948793 -0.0261578 0 0 4.2546e-311 1.24702e-320 0 0
100 361 2.6475 4.9765 6.04147 0.1 0 0 7 7 0.000546465 -0.000295512 0 0 1.63042e-322 4.66338e-310 0 0
100 370 2.6475 4.9765 6.04147 0.1 0 0 7 7 -0 -0 0 0 4.66338e-310 1.58101e-322 0 0
100 379 2.6475 4.9765 6.04147 0.1 0 0 7 7 -0 -0 0 0 7.96434e-321 0 0 0
100 388 2.6475 4.9765 6.04147 0.1 0 0 7 7 -0 -0 0 0 4.66338e-310 1.89706e-311 0 0
100 397 2.6475 4.9765 6.04147 0.1 0 0 7 7 -0 -0 0 0 3.16202e-322 4.66441e-310 0 0
100 406 2.6475 4.9765 6.04147 0.1 0 0 7 7 -0 -0 0 0 0 4.66338e-310 0 0
100 415 2.6475 4.9765 6.04147 0.1 0 0 7 7 -0 -0 0 0 3.97025e-311 0 0 0
100 424 2.6475 4.9765 6.04147 0.1 0 0 7 7 -0 -0 0 0 4.66338e-310 0 0 0
100 433 2.6475 4.9765 6.04147 0.1 0 0 7 7 -0 -0 0 0 3.16202e-322 4.66441e-310 0 0
100 442 2.6475 4.9765 6.04147 0.1 0 0 7 7 -0 -0 0 0 4.66338e-310 1.58101e-322 0 0
100 451 2.6475 4.9765 6.04147 0.1 0 0 7 7 -0 -0 0 0 1.58101e-322 4.66441e-310 0 0
100 460 2.6475 4.9765 6.04147 0.1 0 0 7 7 -0 -0 0 0 4.66338e-310 4.80632e-311 0 0
100 469 2.6475 4.9765 6.04147 0.1 0 0 7 7 -0 -0 0 0 3.21143e-322 4.66338e-310 0 0
100 478 2.6475 4.9765 6.04147 0.1 0 0 7 7 -0 -0 0 0 1.58101e-322 4.66441e-310 0 0
100 487 2.6475 4.9765 6.04147 0.1 0 0 7 7 -0 -0 0 0 1.16402e-320 2.41895e-320 0 0
100 496 2.6475 4.9765 6.04147 0.1 0 0 7 7 -0 -0 0 0 9.4641e-312 4.19731e-311 0 0
100 505 2.6475 4.9765 6.04147 0.1 0 0 7 7 -0 -0 0 0 3.16202e-322 4.66441e-310 0 0
100 514 2.6475 4.9765 6.04147 0.1 0 0 7 7 -0 -0 0 0 1.58101e-322 4.66441e-310 0 0
100 523 2.6475 4.9765 6.04147 0.1 0 0 7 7 -0 -0 0 0 1.16896e-320 2.76677e-320 0 0
100 532 2.6475 4.9765 6.04147 0.1 0 0 7 7 -0 -0 0 0 3.81959e-312 3.22543e-311 0 0
100 541 2.6475 4.9765 6.04147 0.1 0 0 7 7 -0 -0 0 0 6.32898e-321 4.66338e-310 0 0
100 550 2.6475 4.9765 6.04147 0.1 0 0 7 7 -0 -0 0 0 1.58101e-322 4.66441e-310 0 0
100 559 2.6475 4.9765 6.04147 0.1 0 0 7 7 -0 -0 0 0 1.17094e-320 3.11459e-320 0 0
100 568 2.6475 4.9765 6.04147 0.1 0 0 7 7 -0 -0 0 0 4.66338e-310 5.03125e-311 0 0
100 577 2.6475 4.9765 6.04147 0.1 0 0 7 7 -0 -0 0 0 3.21143e-322 4.66338e-310 0 0
100 586 2.6475 4.9765 6.04147 0.1 0 0 7 7 -0 -0 0 0 1.58101e-322 3.16202e-322 0 0
100 595 2.6475 4.9765 6.04147 0.1 0 0 7 7 -0 -0 0 0 5.32833e-311 3.46241e-320 0 0
100 604 2.6475 4.9765 6.04147 0.1 0 0 7 7 -0 -0 0 0 9.27312e-312 2.30237e-311 0 0
100 613 2.6475 4.9765 6.04147 0.1 0 0 7 7 -0 -0 0 0 1.63042e-322 4.66338e-310 0 0
100 622 2.6475 4.9765 6.04147 0.1 0 0 7 7 -0 -0 0 0 4.66338e-310 3.16202e-322 0 0
100 631 2.6475 4.9765 6.04147 0.1 0 0 7 7 -0 -0 0 0 4.79244e-322 4.66338e-310 0 0
100 640 2.6475 4.9765 6.04147 0.1 0 0 7 7 -0 -0 0 0 4.66338e-310 1.58101e-322 0 0
100 649 2.6475 4.9765 6.04147 0.1 0 0 7 7 7.73166e-15 0.0266735 0 0 2.18871e-321 4.66338e-310 0 0
108.982 651.84 2.6475 4.9765 6.04147 0.1 0 0 7 15 1.33574e-16 -1.43158e-15 0 0 0 7.90505e-322 0 0
118.326 653.045 2.6475 4.9765 6.04147 600 0 1944 7 13 1.19696e-16 8.46979e-16 0 0 0.986158 0.165806 0 0
127.501 655.182 2.6475 4.9765 6.04147 600 0 1944 7 13 2.60209e-17 -9.43906e-16 0 0 0.984795 0.173722 0 0
136.861 656.253 2.6475 4.9765 6.04147 600 0 127 7 10 0.00164444 0.000285112 0 0 0.993714 0.111948 1 0
139.326 665.341 2.6475 4.9765 6.04147 600 0 1944 7 14 2.32652e-06 -6.27292e-07 0 0 0.977197 0.212334 0 0
148.415 667.804 2.6475 4.9765 6.04147 600 0 1944 7 14 2.97411e-06 -3.00477e-06 0 0 0.983057 0.183298 0 0
146.005 658.692 2.6475 4.9765 6.04147 600 0 1008 7 15 5.86883e-07 -2.36938e-06 0 0 0.989739 0.142886 0 0
155.438 659.464 2.6475 4.9765 6.04147 600 0 1125 7 13 7.49829e-07 -4.90118e-06 0 0 0.980309 0.197468 0 0
164.772 661.014 2.6475 4.9765 6.04147 600 0 1242 7 13 1.07985e-06 -7.14436e-06 0 0 0.980813 0.19495 0 0
174.112 662.524 2.6475 4.9765 6.04147 600 0 1359 7 13 1.3594e-06 -9.13609e-06 0 0 0.970627 0.24059 0 0
183.461 663.982 2.6475 4.9765 6.04147 600 0 1476 7 13 1.56048e-06 -1.06962e-05 0 0 0.961203 0.275841 0 0
192.819 665.38 2.6475 4.9765 6.04147 600 0 1593 7 13 1.6582e-06 -1.16327e-05 0 0 0.999941 0.0108303 0 0
202.186 666.712 2.6475 4.9765 6.04147 600 0 1710 7 13 1.63612e-06 -1.17731e-05 0 0 0.977904 0.209057 0 0
211.563 667.978 2.6475 4.9765 6.04147 600 0 1827 7 13 1.49011e-06 -1.10023e-05 0 0 0.964822 0.262905 0 0
220.948 669.181 2.6475 4.9765 6.04147 600 0 1944 7 15 1.22941e-06 -9.29604e-06 0 0 0.992948 0.118553 0 0
230.339 670.332 2.6475 4.9765 6.04147 600 0 3348 7 13 8.74644e-07 -6.74292e-06 0 0 0.987407 0.158201 0 0
239.735 671.444 2.6475 4.9765 6.04147 600 0 3348 7 13 4.54109e-07 -3.54559e-06 0 0 0.994859 0.101268 0 0
249.134 672.537 2.6475 4.9765 6.04147 600 0 122 7 10 -0.000203091 0.000150974 0 0 0.982053 -0.188606 0 0
251.873 681.551 2.6475 4.9765 6.04147 600 0 3269 7 14 1.74347e-06 -3.56398e-06 0 0 0.91514 0.403137 0 0
258.34 674.701 2.6475 4.9765 6.04147 600 0 2412 7 15 -1.56117e-05 1.07401e-06 0 0 0.987518 0.157509 0 0
267.544 676.877 2.6475 4.9765 6.04147 600 0 2529 7 13 2.51512e-05 -1.06974e-05 0 0 0.986915 0.16124 0 0
276.77 678.953 2.6475 4.9765 6.04147 600 0 2646 7 13 -1.98936e-05 -3.0688e-05 0 0 0.993327 0.115329 0 0
286.031 680.87 2.6475 4.9765 6.04147 600 0 2763 7 13 3.91029e-05 -2.17253e-05 0 0 0.993822 0.11099 0 0
295.327 682.609 2.6475 4.9765 6.04147 600 0 2880 7 13 -2.59809e-05 -3.55468e-05 0 0 0.990093 0.140414 0 0
304.657 684.158 2.6475 4.9765 6.04147 600 0 2997 7 13 4.62153e-05 -2.56091e-05 0 0 0.988806 0.149204 0 0
314.017 685.506 2.6475 4.9765 6.04147 600 0 3114 7 13 -2.55389e-05 -3.7386e-05 0 0 0.987766 0.155943 0 0
323.406 686.645 2.6475 4.9765 6.04147 600 0 3231 7 13 4.54982e-05 -2.87587e-05 0 0 0.970252 0.242098 0 0
332.818 687.576 2.6475 4.9765 6.04147 600 0 3348 7 13 -1.73621e-05 -3.39252e-05 0 0 0.991334 0.131364 0 0
342.248 688.308 2.6475 4.9765 6.04147 600 0 3465 7 13 3.59128e-05 -2.81815e-05 0 0 0.971205 0.238244 0 0
351.69 688.852 2.6475 4.9765 6.04147 600 0 3465 9 13 -2.62158e-06 -2.24061e-05 0 0 0.998761 0.0497707 0 0
361.14 689.26 2.6475 4.9765 6.04147 0.1 0 2843 8 10 1.8892e-05 -9.78627e-06 0 0 0.999337 0.0364106 0 0
99.8038 695.684 2.6475 4.9765 6.04147 600 0 774 7 14 -5.37764e-17 -3.1225e-17 0 0 0.980034 0.19883 0 0
104.612 703.785 2.6475 4.9765 6.04147 600 0 774 7 14 -3.00107e-16 9.40274e-17 0 0 0.983668 0.179994 0 0
95.1918 703.898 2.6475 4.9765 6.04147 0.1 0 0 7 15 3.00107e-16 -9.40274e-17 0 0 3.16202e-322 4.66441e-310 0 0
100 712 2.6475 4.9765 6.04147 0.1 0 0 7 7 5.37764e-17 -0.0266735 0 0 5.43231e-312 1.01007e-311 0 0
100 721 2.6475 4.9765 6.04147 0.1 0 0 7 7 -0 -0 0 0 7.95446e-322 4.66338e-310 0 0
100 730 2.6475 4.9765 6.04147 0.1 0 0 7 7 -0 -0 0 0 5.87793e-312 1.02705e-311 0 0
100 739 2.6475 4.9765 6.04147 0.1 0 0 7 7 -0 -0 0 0 2.21835e-321 4.66338e-310 0 0
100 748 2.6475 4.9765 6.04147 0.1 0 0 7 7 -0 -0 0 0 6.16068e-310 1.22439e-311 0 0
100 757 2.6475 4.9765 6.04147 0.1 0 0 7 7 -0 -0 0 0 1.58101e-322 4.66441e-310 0 0
100 766 2.6475 4.9765 6.04147 0.1 0 0 7 7 -0 -0 0 0 4.66338e-310 1.58101e-322 0 0
100 775 2.6475 4.9765 6.04147 0.1 0 0 7 7 -0 -0 0 0 6.16068e-310 1.18576e-321 0 0
100 784 2.6475 4.9765 6.04147 0.1 0 0 7 7 -0 -0 0 0 1.63042e-322 4.66338e-310 0 0
100 793 2.6475 4.9765 6.04147 0.1 0 0 7 7 -0 -0 0 0 1.34583e-320 3.16202e-322 0 0
100 802 2.6475 4.9765 6.04147 0.1 0 0 7 7 -0 0.0266735 0 0 9.0167e-321 4.66338e-310 0 0
