591.797 455.988 5.295 9.953 12.0829 0.1 0 75 3 1 -2.48266e-10 -1.79212e-10 0 0 6.16068e-310 0 0 0
597.212 416.764 5.295 9.953 12.0829 0.1 0 161 3 1 1.0299e-11 -3.11773e-10 0 0 6.95292e-310 4.66338e-310 0 0
596.555 436.659 5.295 9.953 12.0829 0.1 0 94 3 1 -5.29463e-12 -2.34039e-10 0 0 6.95292e-310 4.66338e-310 0 0
614.609 428.276 5.295 9.953 12.0829 0.1 0 90 3 1 7.50759e-11 -1.94358e-10 0 0 6.95292e-310 4.66338e-310 0 0
624.345 445.638 5.295 9.953 12.0829 0.1 0 67 3 1 5.49401e-11 -1.21959e-10 0 0 6.95292e-310 4.66338e-310 0 0
611.171 460.561 5.295 9.953 12.0829 0.1 0 52 3 1 -1.71183e-10 -2.0084e-10 0 0 1.58101e-322 4.66441e-310 0 0
639.123 432.302 5.295 9.953 12.0829 0.1 0 75 3 1 1.35254e-10 -1.22068e-10 0 0 6.95292e-310 4.66338e-310 0 0
643.082 452.36 5.295 9.953 12.0829 0.1 0 49 3 1 9.7284e-11 -7.02262e-11 0 0 4.00421e-311 1.26481e-321 0 0
661.112 428.823 5.295 9.953 12.0829 0.1 0 90 3 1 -5.53874e-11 -3.88261e-11 0 0 6.95292e-310 6.16069e-310 0 0
677.412 440.249 5.295 9.953 12.0829 0.1 0 77 3 1 1.77381e-10 -3.07549e-10 0 0 6.95292e-310 4.66338e-310 0 0
662.941 453.918 5.295 9.953 12.0829 0.1 0 51 3 1 6.65362e-11 -2.81273e-10 0 0 4.66338e-310 3.16202e-322 0 0
697.314 440.64 5.295 9.953 12.0829 0.1 0 110 3 1 2.39711e-10 4.71125e-12 0 0 6.95292e-310 4.66338e-310 0 0
685.204 458.968 5.295 9.953 12.0829 0.1 0 64 3 1 3.42398e-12 -3.53574e-12 0 0 7.95446e-322 4.66338e-310 0 0
587.931 475.515 5.295 9.953 12.0829 0.1 0 65 3 1 -4.36834e-10 -9.29425e-11 0 0 1.06076e-320 0 0 0
607.305 480.088 5.295 9.953 12.0829 0.1 0 44 3 1 -3.29209e-10 -1.32453e-10 0 0 1.22133e-320 3.16202e-322 0 0
651.664 470.321 5.295 9.953 12.0829 0.1 1 2992 0 0 1.83599e-10 -5.32748e-11 0 0 6.95292e-310 4.66338e-310 0 0
629.643 467.979 5.295 9.953 12.0829 0.1 0 38 3 1 -2.06927e-11 -3.87136e-10 0 0 3.21143e-322 4.66338e-310 0 0
671.356 473.268 5.295 9.953 12.0829 0.1 0 41 3 1 -3.42398e-12 3.53574e-12 0 0 4.66338e-310 3.16202e-322 0 0
704.067 465.381 5.295 9.953 12.0829 0.1 0 82 3 1 1.24142e-10 -2.72831e-10 0 0 6.95292e-310 6.16069e-310 0 0
695.823 483.499 5.295 9.953 12.0829 0.1 0 65 3 1 2.83578e-10 -1.15991e-10 0 0 4.66338e-310 3.16202e-322 0 0
583.535 494.929 5.295 9.953 12.0829 0.1 0 66 3 2 -2.21019e-10 7.93886e-11 0 0 1.58101e-322 4.66441e-310 0 0
602.39 501.312 5.295 9.953 12.0829 0.1 0 43 3 1 -2.63135e-10 5.7253e-10 0 0 6.95292e-310 4.66338e-310 0 0
621.079 494.458 5.295 9.953 12.0829 0.1 0 34 3 1 -3.08774e-10 4.14426e-11 0 0 4.66338e-310 4.74303e-322 0 0
638.904 485.599 5.295 9.953 12.0829 0.1 1 1620 0 0 -1.83035e-10 -1.85038e-10 0 0 6.95292e-310 4.66338e-310 0 0
645.306 504.556 5.295 9.953 12.0829 0.1 1 648 0 0 7.38014e-11 -1.8659e-10 0 0 6.37345e-322 4.66338e-310 0 0
658.515 489.011 5.295 9.953 12.0829 0.1 1 941 0 0 -2.89955e-11 7.32042e-11 0 0 6.95292e-310 4.66338e-310 0 0
664.933 507.881 5.295 9.953 12.0829 0.1 1 1140 0 0 8.39028e-11 -1.58764e-10 0 0 6.16068e-310 3.79442e-321 0 0
678.101 492.564 5.295 9.953 12.0829 0.1 1 2177 0 0 1.89552e-10 -1.41478e-11 0 0 6.95292e-310 4.66338e-310 0 0
715.728 483.301 5.295 9.953 12.0829 0.1 0 91 3 1 3.67797e-10 -9.68079e-11 0 0 6.95292e-310 4.66338e-310 0 0
713.956 503.128 5.295 9.953 12.0829 0.1 0 98 3 1 4.1338e-10 -4.96912e-11 0 0 6.95292e-310 6.16069e-310 0 0
720.417 521.956 5.295 9.953 12.0829 0.1 0 105 3 1 1.00086e-10 1.09014e-10 0 0 6.16068e-310 0 0 0
550.272 516.801 5.295 9.953 12.0829 0.1 0 157 3 1 -3.7444e-10 2.41789e-10 0 0 6.95292e-310 4.66338e-310 0 0
566.994 506.003 5.295 9.953 12.0829 0.1 0 91 3 1 -4.15409e-10 5.99465e-12 0 0 6.95292e-310 4.66338e-310 0 0
581.359 519.784 5.295 9.953 12.0829 0.1 0 79 3 1 -3.51616e-10 3.84186e-11 0 0 6.95292e-310 4.66338e-310 0 0
601.03 522.828 5.295 9.953 12.0829 0.1 0 51 3 1 -3.1713e-10 4.7868e-10 0 0 6.95292e-310 4.66338e-310 0 0
583.939 539.522 5.295 9.953 12.0829 0.1 0 73 3 1 -6.11736e-11 3.11556e-11 0 0 9.34278e-321 4.66338e-310 0 0
618.995 514.255 5.295 9.953 12.0829 0.1 0 40 3 1 -2.97151e-10 2.07718e-10 0 0 6.95292e-310 4.66338e-310 0 0
620.551 534.1 5.295 9.953 12.0829 0.1 0 46 3 1 1.2518e-10 2.53031e-10 0 0 4.66338e-310 3.30395e-311 0 0
637.038 522.664 5.295 9.953 12.0829 0.1 1 1393 0 0 2.41853e-11 -1.39777e-10 0 0 6.95292e-310 4.66338e-310 0 0
643.955 541.329 5.295 9.953 12.0829 0.1 0 42 3 1 7.5604e-11 -3.23872e-11 0 0 2.06025e-321 4.66338e-310 0 0
656.664 525.988 5.295 9.953 12.0829 0.1 1 1828 0 0 1.24709e-10 -7.54526e-11 0 0 6.16068e-310 0 0 0
694.093 504.418 5.295 9.953 12.0829 0.1 0 54 3 1 3.2572e-10 6.94279e-11 0 0 6.95292e-310 4.66338e-310 0 0
680.643 520.736 5.295 9.953 12.0829 0.1 1 2645 0 0 -0 -0 0 0 6.95292e-310 4.66338e-310 0 0
700.553 523.246 5.295 9.953 12.0829 0.1 0 68 3 1 7.66918e-11 2.84908e-10 0 0 9.40207e-321 4.66338e-310 0 0
603.32 544.066 5.295 9.953 12.0829 0.1 0 64 3 1 -3.34637e-11 7.40687e-11 0 0 6.95292e-310 4.66338e-310 0 0
591.335 561.678 5.295 9.953 12.0829 0.1 0 91 3 1 -1.23408e-10 1.96616e-11 0 0 6.95292e-310 4.66338e-310 0 0
572.342 555.719 5.295 9.953 12.0829 0.1 0 121 3 1 -1.61816e-10 -5.0775e-11 0 0 0 0 0 0
611.123 563.837 5.295 9.953 12.0829 0.1 0 76 3 1 -5.70999e-11 1.04266e-10 0 0 6.95292e-310 4.66338e-310 0 0
608.825 583.61 5.295 9.953 12.0829 0.1 0 122 3 1 -1.93389e-11 1.6642e-10 0 0 0 0 0 0
627.718 552.844 5.295 9.953 12.0829 0.1 0 56 3 1 -2.86603e-12 1.89496e-11 0 0 6.95292e-310 4.66338e-310 0 0
671.989 538.691 5.295 9.953 12.0829 0.1 1 3850 0 0 1.14543e-10 9.67116e-11 0 0 6.95292e-310 4.66338e-310 0 0
659.29 554.02 5.295 9.953 12.0829 0.1 0 57 3 1 1.13524e-10 1.05437e-10 0 0 6.95292e-310 4.66338e-310 0 0
656.002 576.79 5.295 9.953 12.0829 0.1 0 89 3 1 -0 -0 0 0 6.95292e-310 4.66338e-310 0 0
692.635 580.356 5.295 9.953 12.0829 0.1 0 126 3 1 1.74375e-11 -5.58e-12 0 0 6.95292e-310 4.66338e-310 0 0
673.676 586.423 5.295 9.953 12.0829 0.1 0 110 3 1 8.24379e-11 2.59847e-10 0 0 6.95292e-310 4.66338e-310 0 0
663.929 603.779 5.295 9.953 12.0829 0.1 0 171 3 1 -1.25987e-10 2.24349e-10 0 0 0 0 0 0
705.383 542.557 5.295 9.953 12.0829 0.1 0 90 3 1 4.27137e-10 2.95383e-10 0 0 6.95292e-310 4.66338e-310 0 0
687.46 551.218 5.295 9.953 12.0829 0.1 0 74 3 1 2.34102e-10 8.64446e-11 0 0 6.95292e-310 4.66338e-310 0 0
674.761 566.546 5.295 9.953 12.0829 0.1 0 78 3 1 1.95133e-10 1.68812e-10 0 0 0 0 0 0
80 235 2.6475 4.9765 6.04147 0.1 0 0 7 7 -0 -0.0266735 0 0 0 0 0 0
80 244 2.6475 4.9765 6.04147 0.1 0 0 7 7 -0 -0 0 0 4.03179e-313 6.36599e-313 0 0
80 253 2.6475 4.9765 6.04147 0.1 0 0 7 7 -0 -0 0 0 4.66338e-310 3.16202e-322 0 0
80 262 2.6475 4.9765 6.04147 0.1 0 0 7 7 -0 -0 0 0 1.58101e-322 4.66441e-310 0 0
80 271 2.6475 4.9765 6.04147 0.1 0 0 7 7 -0 -0 0 0 0 3.16202e-322 0 0
80 280 2.6475 4.9765 6.04147 0.1 0 0 7 7 -0 -0 0 0 1.26975e-321 4.66338e-310 0 0
80 289 2.6475 4.9765 6.04147 0.1 0 0 7 7 -0 -0 0 0 4.66338e-310 7.38455e-312 0 0
80 298 2.6475 4.9765 6.04147 0.1 0 0 7 7 -0 -0 0 0 3.16202e-322 4.66441e-310 0 0
80 307 2.6475 4.9765 6.04147 0.1 0 0 7 7 -0 -0 0 0 4.66338e-310 1.10671e-321 0 0
80 316 2.6475 4.9765 6.04147 0.1 0 0 7 7 -0 -0 0 0 4.66338e-310 1.58101e-322 0 0
80 325 2.6475 4.9765 6.04147 0.1 0 0 7 7 -0 -0 0 0 1.58101e-322 4.66441e-310 0 0
80 334 2.6475 4.9765 6.04147 0.1 0 0 7 7 -0 -0 0 0 4.66338e-310 3.16202e-322 0 0
80 343 2.6475 4.9765 6.04147 0.1 0 0 7 7 -0 -0 0 0 1.58101e-322 4.66441e-310 0 0
80 352 2.6475 4.9765 6.04147 0.1 0 0 7 7 -0 -0 0 0 4.66338e-310 4.64717e-312 0 0
80 361 2.6475 4.9765 6.04147 0.1 0 0 7 7 -0 -0 0 0 3.16202e-322 4.66441e-310 0 0
80 370 2.6475 4.9765 6.04147 0.1 0 0 7 7 -0 -0 0 0 4.66338e-310 6.32404e-322 0 0
80 379 2.6475 4.9765 6.04147 0.1 0 0 7 7 -0 -0 0 0 1.58101e-322 1.13852e-313 0 0
80 388 2.6475 4.9765 6.04147 0.1 0 0 7 7 -0 -0 0 0 4.66338e-310 0 0 0
80 397 2.6475 4.9765 6.04147 0.1 0 0 7 7 -0 -0 0 0 3.16202e-322 4.66338e-310 0 0
80 406 2.6475 4.9765 6.04147 0.1 0 0 7 7 -0 -0 0 0 0 4.66338e-310 0 0
80 415 2.6475 4.9765 6.04147 0.1 0 0 7 7 -0 -0 0 0 1.35127e-320 0 0 0
80 424 2.6475 4.9765 6.04147 0.1 0 0 7 7 -0 -0 0 0 6.16068e-310 5.77607e-311 0 0
80 433 2.6475 4.9765 6.04147 0.1 0 0 7 7 -0 -0 0 0 3.16202e-322 4.66441e-310 0 0
80 442 2.6475 4.9765 6.04147 0.1 0 0 7 7 -0 -0 0 0 0 3.16202e-322 0 0
80 451 2.6475 4.9765 6.04147 0.1 0 0 7 7 -0 -0 0 0 0 4.66338e-310 0 0
80 460 2.6475 4.9765 6.04147 0.1 0 0 7 7 -0 -0 0 0 -nan 1.26481e-321 0 0
80 469 2.6475 4.9765 6.04147 0.1 0 0 7 7 -0 -0 0 0 6.16068e-310 0 0 0
80 478 2.6475 4.9765 6.04147 0.1 0 0 7 7 -0 -0 0 0 1.58101e-322 4.66441e-310 0 0
80 487 2.6475 4.9765 6.04147 0.1 0 0 7 7 -0 -0 0 0 4.66338e-310 3.16202e-322 0 0
80 496 2.6475 4.9765 6.04147 0.1 0 0 7 7 -0 -0 0 0 3.21143e-322 4.66338e-310 0 0
80 505 2.6475 4.9765 6.04147 0.1 0 0 7 7 -0 -0 0 0 4.66338e-310 1.58101e-322 0 0
80 514 2.6475 4.9765 6.04147 0.1 0 0 7 7 -0 -0 0 0 1.58101e-322 4.66441e-310 0 0
80 523 2.6475 4.9765 6.04147 0.1 0 0 7 7 -0 -0 0 0 4.66338e-310 0 0 0
80 532 2.6475 4.9765 6.04147 0.1 0 0 7 7 -0 -0 0 0 1.58101e-322 4.66441e-310 0 0
80 541 2.6475 4.9765 6.04147 0.1 0 0 7 7 -0 -0 0 0 4.66338e-310 7.27265e-321 0 0
80 550 2.6475 4.9765 6.04147 0.1 0 0 7 7 -0 -0 0 0 0 4.6633e-310 0 0
80 559 2.6475 4.9765 6.04147 0.1 0 0 7 7 -0 -0 0 0 4.66338e-310 4.66338e-310 0 0
80 568 2.6475 4.9765 6.04147 0.1 0 0 7 7 -0 -0 0 0 4.66338e-310 4.66338e-310 0 0
80 577 2.6475 4.9765 6.04147 0.1 0 0 7 7 -0 -0 0 0 4.66338e-310 4.66338e-310 0 0
80 586 2.6475 4.9765 6.04147 0.1 0 0 7 7 -0 -0 0 0 4.66338e-310 4.66338e-310 0 0
80 595 2.6475 4.9765 6.04147 0.1 0 0 7 7 -0 -0 0 0 4.66338e-310 4.66338e-310 0 0
80 604 2.6475 4.9765 6.04147 0.1 0 0 7 7 -0 -0 0 0 4.66338e-310 4.66338e-310 0 0
80 613 2.6475 4.9765 6.04147 0.1 0 0 7 7 -0 -0 0 0 0 0 0 0
80 622 2.6475 4.9765 6.04147 0.1 0 0 7 7 -0 -0 0 0 4.66338e-310 4.66338e-310 0 0
80 631 2.6475 4.9765 6.04147 0.1 0 0 7 7 -0 -0 0 0 6.16068e-310 0 0 0
80 640 2.6475 4.9765 6.04147 0.1 0 0 7 7 -0 -0 0 0 3.16202e-322 4.66441e-310 0 0
80 649 2.6475 4.9765 6.04147 0.1 0 0 7 7 -0 -0 0 0 4.66338e-310 0 0 0
80 658 2.6475 4.9765 6.04147 0.1 0 0 7 7 -0 -0 0 0 6.39321e-321 4.66338e-310 0 0
80 667 2.6475 4.9765 6.04147 0.1 0 0 7 7 -0 -0 0 0 2.75647e-311 4.11063e-321 0 0
80 676 2.6475 4.9765 6.04147 0.1 0 0 7 7 -0 -0 0 0 1.63042e-322 4.66338e-310 0 0
80 685 2.6475 4.9765 6.04147 0.1 0 0 7 7 -0 -0 0 0 4.66338e-310 4.91666e-311 0 0
80 694 2.6475 4.9765 6.04147 0.1 0 0 7 7 -0 -0 0 0 6.46238e-321 4.66338e-310 0 0
80 703 2.6475 4.9765 6.04147 0.1 0 0 7 7 -0 -0 0 0 4.66338e-310 1.58101e-322 0 0
80 712 2.6475 4.9765 6.04147 0.1 0 0 7 7 -0 -0 0 0 6.5019e-321 4.66338e-310 0 0
80 721 2.6475 4.9765 6.04147 0.1 0 0 7 7 -0 -0 0 0 9.31556e-312 1.99468e-311 0 0
80 730 2.6475 4.9765 6.04147 0.1 0 0 7 7 -0 -0 0 0 3.16202e-322 4.66441e-310 0 0
80 739 2.6475 4.9765 6.04147 0.1 0 0 7 7 -0 -0 0 0 6.09013e-312 2.22597e-311 0 0
80 748 2.6475 4.9765 6.04147 0.1 0 0 7 7 -0 -0 0 0 3.16202e-322 4.66441e-310 0 0
80 757 2.6475 4.9765 6.04147 0.1 0 0 7 7 -0 -0 0 0 4.66338e-310 1.58101e-322 0 0
80 766 2.6475 4.9765 6.04147 0.1 0 0 7 7 -0 -0 0 0 0 4.66338e-310 0 0
80 775 2.6475 4.9765 6.04147 0.1 0 0 7 7 -0 0.0266735 0 0 6.16068e-310 0 0 0
100 208 2.6475 4.9765 6.04147 0.1 0 0 7 7 -0 -0.0266735 0 0 3.02368e-321 4.66338e-310 0 0
100 217 2.6475 4.9765 6.04147 0.1 0 0 7 7 -0 -0 0 0 6.16068e-310 0 0 0
100 226 2.6475 4.9765 6.04147 0.1 0 0 7 7 -0 -0 0 0 8.8586e-321 4.66338e-310 0 0
100 235 2.6475 4.9765 6.04147 0.1 0 0 7 7 -0 -0 0 0 4.66338e-310 3.69439e-311 0 0
100 244 2.6475 4.9765 6.04147 0.1 0 0 7 7 -0 -0 0 0 3.21143e-322 4.66338e-310 0 0
100 253 2.6475 4.9765 6.04147 0.1 0 0 7 7 -0 -0 0 0 4.66338e-310 2.68772e-321 0 0
100 262 2.6475 4.9765 6.04147 0.1 0 0 7 7 -0 -0 0 0 7.95446e-322 4.66338e-310 0 0
100 271 2.6475 4.9765 6.04147 0.1 0 0 7 7 -0 -0 0 0 1.10768e-311 1.35596e-311 0 0
100 280 2.6475 4.9765 6.04147 0.1 0 0 7 7 -0 -0 0 0 1.58101e-322 4.66441e-310 0 0
100 289 2.6475 4.9765 6.04147 0.1 0 0 7 7 -0.000109696 -5.87508e-05 0 0 4.66338e-310 1.58101e-322 0 0
100 298 2.6475 4.9765 6.04147 0.1 0 0 7 7 0.00171417 0.0257334 0 0 1.58101e-322 4.66441e-310 0 0
108.303 293.446 2.6475 4.9765 6.04147 0.1 0 0 7 15 3.06173e-05 -8.22579e-06 0 0 6.16068e-310 7.90505e-321 0 0
116.364 288.481 2.6475 4.9765 6.04147 600 0 795 7 15 -7.95632e-06 6.94202e-06 0 0 0.981458 -0.191675 0 0
124.428 283.524 2.6475 4.9765 6.04147 600 0 2200 7 13 -0.000120532 7.67211e-05 0 0 0.819644 -0.572873 0 0
132.502 278.575 2.6475 4.9765 6.04147 600 0 2317 7 13 0.000290825 -0.000174713 0 0 0.846114 -0.533002 0 0
140.574 273.643 2.6475 4.9765 6.04147 600 0 2434 7 13 -0.000719316 0.000441864 0 0 0.674571 -0.73821 0 0
148.669 268.715 2.6475 4.9765 6.04147 600 0 2551 7 13 0.00114997 -0.000694383 0 0 0.765586 -0.643334 0 0
156.745 263.819 2.6475 4.9765 6.04147 600 0 2668 7 13 -0.00185698 0.00112686 0 0 0.682673 -0.730724 0 0
164.873 258.916 2.6475 4.9765 6.04147 600 0 2785 7 13 0.00251663 -0.00150731 0 0 0.695887 -0.718152 0 0
172.961 254.068 2.6475 4.9765 6.04147 600 0 2902 7 13 -0.00308727 0.00184981 0 0 0.621827 -0.783155 0 0
181.135 249.208 2.6475 4.9765 6.04147 600 0 3019 7 13 0.0036785 -0.00216293 0 0 0.642626 -0.76618 0 0
189.259 244.433 2.6475 4.9765 6.04147 600 0 3136 7 13 -0.00378647 0.00222148 0 0 0.813748 -0.581218 0 0
197.51 239.679 2.6475 4.9765 6.04147 600 0 3253 7 13 0.00412443 -0.00231014 0 0 0.738362 -0.674404 0 0
205.738 235.081 2.6475 4.9765 6.04147 600 0 3370 7 13 -0.00406566 0.00226838 0 0 0.679391 -0.733776 0 0
214.106 230.526 2.6475 4.9765 6.04147 600 0 3487 7 13 0.0042486 -0.00218532 0 0 0.691567 -0.722312 0 0
222.493 226.227 2.6475 4.9765 6.04147 600 0 3604 7 13 -0.00447192 0.00228568 0 0 0.854364 -0.519675 0 0
231.018 221.969 2.6475 4.9765 6.04147 600 0 3721 7 13 0.0044935 -0.00218757 0 0 0.776787 -0.629764 0 0
239.49 217.857 2.6475 4.9765 6.04147 600 0 3838 7 13 -0.00479649 0.00231843 0 0 0.720936 -0.693001 0 0
248.097 213.785 2.6475 4.9765 6.04147 600 0 3955 7 13 0.0043148 -0.00201632 0 0 0.879044 -0.47674 0 0
256.63 209.8 2.6475 4.9765 6.04147 600 0 3955 9 13 -0.00396555 0.00119778 0 0 0.871853 -0.489768 0 0
265.56 206.559 2.6475 4.9765 6.04147 600 0 1917 8 10 0.00196594 -0.000890562 0 0 0.77981 -0.626017 0 0
191.036 298.25 2.6475 4.9765 6.04147 600 0 2200 13 14 -0.00274778 0.00500336 0 0 0.966451 -0.256851 0 0
265.575 216.016 2.6475 4.9765 6.04147 600 0 3955 9 14 -0.000574204 0.00150806 0 0 0.918121 -0.396299 0 0
259.688 223.403 2.6475 4.9765 6.04147 600 0 3955 7 14 -0.000587974 -0.00072413 0 0 0.879044 -0.47674 0 0
250.938 227.031 2.6475 4.9765 6.04147 600 0 3838 7 14 -0.000840543 -0.000139008 0 0 0.96331 -0.268393 0 0
241.697 229.12 2.6475 4.9765 6.04147 600 0 3721 7 14 0.000466348 0.000667002 0 0 0.942201 -0.335048 0 0
233.526 233.935 2.6475 4.9765 6.04147 600 0 3604 7 14 -0.00022914 -0.000169984 0 0 0.923471 -0.383667 0 0
224.922 237.898 2.6475 4.9765 6.04147 600 0 3487 7 14 0.00077774 -0.000431771 0 0 0.867959 -0.496637 0 0
216.17 241.52 2.6475 4.9765 6.04147 600 0 3370 7 14 0.000297997 0.000492509 0 0 0.930874 -0.365341 0 0
209.148 247.838 2.6475 4.9765 6.04147 600 0 3253 7 14 0.000736606 -0.000972542 0 0 0.910608 -0.413272 0 0
200.131 250.669 2.6475 4.9765 6.04147 600 0 3136 7 14 -0.000198602 0.000744083 0 0 0.883413 -0.468596 0 0
194.259 258.043 2.6475 4.9765 6.04147 600 0 3019 7 14 0.000731402 -0.000913807 0 0 0.81765 -0.575716 0 0
186.456 263.368 2.6475 4.9765 6.04147 600 0 2902 7 14 -0.000267855 0.0015242 0 0 0.845917 -0.533314 0 0
184.875 272.64 2.6475 4.9765 6.04147 600 0 2785 7 14 0.000210974 -0.00286003 0 0 0.81392 -0.580977 0 0
185.245 282.117 2.6475 4.9765 6.04147 600 0 2668 7 14 0.00348731 0.00485212 0 0 0.840271 -0.542166 0 0
191.804 288.762 2.6475 4.9765 6.04147 600 0 2551 7 14 -0.00737206 -0.0101147 0 0 0.814711 -0.579867 0 0
199.685 294.304 2.6475 4.9765 6.04147 600 0 2434 7 14 0.0123948 0.00834078 0 0 0.921944 -0.387323 0 0
198.795 303.603 2.6475 4.9765 6.04147 600 0 2317 7 14 0.00396616 -0.00450471 0 0 0.815722 -0.578444 0 0
207.316 299.696 2.6475 4.9765 6.04147 600 0 1263 7 15 -0.00995921 -0.00228216 0 0 0.960112 -0.279615 0 0
216.778 301.32 2.6475 4.9765 6.04147 600 0 1380 7 13 0.00525153 0.00069811 0 0 0.933982 -0.35732 0 0
226.181 302.546 2.6475 4.9765 6.04147 600 0 1497 7 13 -0.00100079 -0.000410672 0 0 0.946231 -0.323491 0 0
235.717 303.122 2.6475 4.9765 6.04147 600 0 1614 7 13 0.00126657 -0.000262481 0 0 0.92833 -0.371758 0 0
245.272 303.08 2.6475 4.9765 6.04147 600 0 1731 7 13 0.000292334 -0.000337147 0 0 0.98003 -0.198851 0 0
254.829 302.458 2.6475 4.9765 6.04147 600 0 1848 7 13 0.000277878 -0.000351531 0 0 0.969877 -0.243596 0 0
264.341 301.294 2.6475 4.9765 6.04147 600 0 1965 7 15 -0.000193173 -0.000263594 0 0 0.947289 -0.320379 0 0
273.778 299.656 2.6475 4.9765 6.04147 600 0 3841 7 13 -0.000624313 -0.000157814 0 0 0.933195 -0.35937 0 0
283.097 297.542 2.6475 4.9765 6.04147 600 0 3958 7 13 -0.00117417 -1.21908e-06 0 0 0.816787 -0.576939 0 0
292.226 294.837 2.6475 4.9765 6.04147 600 0 3958 9 13 -0.00143615 0.000634266 0 0 0.813507 -0.581556 0 0
301.514 292.929 2.6475 4.9765 6.04147 600 0 276 8 10 -0.000725915 0.00383491 0 0 0.859119 -0.511776 0 0
300.394 302.348 2.6475 4.9765 6.04147 600 0 3996 9 14 -0.000290665 0.00038659 0 0 0.931174 -0.364574 0 0
298.752 311.69 2.6475 4.9765 6.04147 600 0 3996 7 14 -0.000304447 -0.00427668 0 0 0.891974 -0.452086 0 0
289.368 312.689 2.6475 4.9765 6.04147 600 0 3879 7 14 0.00108751 0.000707584 0 0 0.869546 -0.493852 0 0
289.57 322.135 2.6475 4.9765 6.04147 600 0 2433 7 15 0.00138831 0.00140652 0 0 0.97875 -0.205059 0 0
294.64 330.13 2.6475 4.9765 6.04147 600 0 2550 7 13 0.00118939 -0.000430143 0 0 0.96515 -0.261699 0 0
302.468 335.537 2.6475 4.9765 6.04147 600 0 2667 7 13 0.00184319 0.000395158 0 0 0.986413 -0.164286 0 0
310.999 339.743 2.6475 4.9765 6.04147 600 0 2784 7 13 -0.00171032 -0.00104977 0 0 0.957015 -0.290038 0 0
319.819 343.419 2.6475 4.9765 6.04147 600 0 2901 7 13 0.00284304 0.000975081 0 0 0.992612 -0.121336 0 0
328.677 346.778 2.6475 4.9765 6.04147 600 0 3018 7 13 -0.00654979 -0.00245959 0 0 0.999954 0.00958501 0 0
337.703 349.988 2.6475 4.9765 6.04147 600 0 3135 7 13 0.00781537 0.00268057 0 0 0.988876 -0.148745 0 0
346.585 353.019 2.6475 4.9765 6.04147 600 0 3252 7 13 -0.0127741 -0.00429552 0 0 0.997926 -0.0643733 0 0
355.709 356.036 2.6475 4.9765 6.04147 600 0 3369 7 13 0.0121835 0.00396628 0 0 0.961845 -0.273596 0 0
364.587 358.883 2.6475 4.9765 6.04147 600 0 3486 7 13 -0.0110386 -0.00348154 0 0 0.989501 -0.144525 0 0
373.719 361.701 2.6475 4.9765 6.04147 600 0 3603 7 13 0.00802106 0.00244602 0 0 0.975078 -0.221863 0 0
382.697 364.391 2.6475 4.9765 6.04147 600 0 3720 7 13 -0.00278709 -0.000831043 0 0 0.997082 -0.0763353 0 0
391.762 367.198 2.6475 4.9765 6.04147 600 0 3837 7 13 0.0018598 0.000658222 0 0 0.997456 -0.0712824 0 0
400.687 370.281 2.6475 4.9765 6.04147 600 0 3954 7 13 -0.00129733 -0.000417328 0 0 0.997074 -0.0764371 0 0
409.55 373.617 2.6475 4.9765 6.04147 600 0 3954 9 13 0.000459497 0.000489172 0 0 0.996604 0.0823389 0 0
415.369 381.068 2.6475 4.9765 6.04147 0.1 0 3322 8 10 -0.000764556 -0.000334389 0 0 0.98861 0.150501 0 0
406.377 383.989 2.6475 4.9765 6.04147 600 0 3954 9 14 0.000490412 -8.53427e-05 0 0 0.833034 0.553221 0 0
397.101 382.192 2.6475 4.9765 6.04147 600 0 3954 7 14 0.000473897 5.81219e-05 0 0 0.88185 0.47153 0 0
387.913 379.924 2.6475 4.9765 6.04147 600 0 3837 7 14 -0.0017285 -0.000514248 0 0 0.882866 0.469625 0 0
378.866 377.357 2.6475 4.9765 6.04147 600 0 3720 7 14 0.00454168 0.0012953 0 0 0.822113 0.569324 0 0
369.721 374.736 2.6475 4.9765 6.04147 600 0 3603 7 14 -0.00684695 -0.00187846 0 0 0.864342 0.502904 0 0
360.661 372.302 2.6475 4.9765 6.04147 600 0 3486 7 14 0.00694161 0.00182228 0 0 0.938642 0.344894 0 0
351.397 369.987 2.6475 4.9765 6.04147 600 0 3369 7 14 -0.00750559 -0.00180398 0 0 0.891096 0.453815 0 0
342.233 367.822 2.6475 4.9765 6.04147 600 0 3252 7 14 0.00504779 0.00119458 0 0 0.918321 0.395838 0 0
332.917 365.74 2.6475 4.9765 6.04147 600 0 3135 7 14 -0.00472945 -0.000978783 0 0 0.927893 0.372847 0 0
324.596 363.996 2.6475 4.9765 6.04147 600 0 3018 7 14 0.0818626 0.0155855 0 0 0.954471 0.298303 0 0
314.264 362.041 2.6475 4.9765 6.04147 600 0 2901 7 14 -0.0816537 -0.0153299 0 0 0.99273 0.12036 0 0
304.9 360.543 2.6475 4.9765 6.04147 600 0 2784 7 14 0.00533094 0.00084375 0 0 0.895146 0.445772 0 0
295.42 359.351 2.6475 4.9765 6.04147 600 0 2667 7 14 -0.00693123 -0.000593304 0 0 0.911776 0.410688 0 0
285.972 358.582 2.6475 4.9765 6.04147 600 0 2550 7 14 0.00368996 0.000460355 0 0 0.954822 0.297177 0 0
276.389 358.382 2.6475 4.9765 6.04147 600 0 2433 7 14 -0.00452386 0.000334234 0 0 0.971986 0.235041 0 0
266.893 358.752 2.6475 4.9765 6.04147 600 0 2316 7 14 0.00708872 -0.00026827 0 0 0.960885 0.276948 0 0
257.494 360.607 2.6475 4.9765 6.04147 600 0 2199 7 14 -0.00604904 0.00123088 0 0 0.988659 0.150178 0 0
248.236 362.499 2.6475 4.9765 6.04147 600 0 2082 7 15 0.00673907 -0.000639915 0 0 0.973259 0.229713 0 0
238.737 362.203 2.6475 4.9765 6.04147 600 0 3058 7 13 -0.00206857 -0.00205979 0 0 0.97019 0.242346 0 0
243.144 370.569 2.6475 4.9765 6.04147 600 0 3175 7 13 -0.000519498 0.00517347 0 0 0.944203 0.329364 0 0
238.735 378.896 2.6475 4.9765 6.04147 600 0 3292 7 13 0.00180989 -0.00397145 0 0 0.819272 0.573405 0 0
243.348 387.194 2.6475 4.9765 6.04147 600 0 3409 7 13 0.00117703 0.00401687 0 0 0.837705 0.546123 0 0
245.824 396.254 2.6475 4.9765 6.04147 600 0 3526 7 13 -0.00273496 -0.006265 0 0 0.894298 0.447471 0 0
251.17 404.139 2.6475 4.9765 6.04147 600 0 3643 7 13 0.00449658 0.00604693 0 0 0.876592 0.481234 0 0
256.966 411.486 2.6475 4.9765 6.04147 600 0 3760 7 13 -0.00495483 -0.00606629 0 0 0.876086 0.482155 0 0
263.149 418.692 2.6475 4.9765 6.04147 600 0 3877 7 13 0.00356924 0.00259438 0 0 0.869986 0.493077 0 0
272.531 419.139 2.6475 4.9765 6.04147 600 0 3994 7 13 -0.001439 0.000100297 0 0 0.8928 0.450453 0 0
270.926 428.421 2.6475 4.9765 6.04147 600 0 3994 9 13 8.53878e-05 -5.40369e-05 0 0 0.842235 0.53911 0 0
269.03 437.655 2.6475 4.9765 6.04147 600 0 1097 8 10 -5.21729e-05 3.17848e-05 0 0 0.820152 0.572146 0 0
260.902 432.742 2.6475 4.9765 6.04147 600 0 3956 9 14 0.000123251 6.06263e-05 0 0 0.808759 0.58814 0 0
252.929 427.581 2.6475 4.9765 6.04147 600 0 3956 7 14 -0.000151107 -5.11737e-05 0 0 0.825162 0.564896 0 0
244.894 422.525 2.6475 4.9765 6.04147 600 0 3839 7 14 0.000174443 0.000166929 0 0 0.791568 0.611081 0 0
236.769 417.606 2.6475 4.9765 6.04147 600 0 3722 7 14 -0.000229663 -9.06551e-05 0 0 0.798527 0.601958 0 0
228.583 412.801 2.6475 4.9765 6.04147 600 0 3605 7 14 0.000243436 0.000181533 0 0 0.791058 0.611741 0 0
220.335 408.093 2.6475 4.9765 6.04147 600 0 3488 7 14 -0.000267325 -0.000107082 0 0 0.813881 0.581032 0 0
212.032 403.496 2.6475 4.9765 6.04147 600 0 3371 7 14 0.000258024 0.000186723 0 0 0.783756 0.621069 0 0
203.659 399.015 2.6475 4.9765 6.04147 600 0 3254 7 14 -0.000262443 -9.08822e-05 0 0 0.819683 0.572817 0 0
195.228 394.659 2.6475 4.9765 6.04147 600 0 3137 7 14 0.000225207 0.000160778 0 0 0.901014 0.43379 0 0
186.729 390.424 2.6475 4.9765 6.04147 600 0 3020 7 14 -0.000217446 -6.22045e-05 0 0 0.960619 0.27787 0 0
178.176 386.311 2.6475 4.9765 6.04147 600 0 1614 7 15 0.000161726 0.000118254 0 0 0.990093 0.140415 0 0
169.566 382.311 2.6475 4.9765 6.04147 600 0 1497 7 14 -0.000153256 -3.19197e-05 0 0 0.999952 0.00982906 0 0
160.91 378.418 2.6475 4.9765 6.04147 600 0 1380 7 14 9.56591e-05 7.66946e-05 0 0 0.990238 0.139384 0 0
152.209 374.62 2.6475 4.9765 6.04147 600 0 1263 7 14 -9.17738e-05 -1.02077e-05 0 0 0.996843 0.0793945 0 0
143.474 370.906 2.6475 4.9765 6.04147 600 0 1146 7 14 4.71668e-05 4.38026e-05 0 0 0.998005 0.0631371 0 0
134.709 367.26 2.6475 4.9765 6.04147 600 0 1029 7 14 -4.6174e-05 -1.12385e-06 0 0 0.999645 0.0266409 0 0
125.924 363.666 2.6475 4.9765 6.04147 600 0 912 7 14 2.03367e-05 1.99468e-05 0 0 0.993382 -0.11486 0 0
117.124 360.105 2.6475 4.9765 6.04147 600 0 795 7 14 -1.81902e-05 -2.15829e-06 0 0 0.99597 -0.0896829 0 0
108.319 356.559 2.6475 4.9765 6.04147 0.1 0 0 7 15 9.72097e-06 2.40279e-06 0 0 3.00886e-321 4.66338e-310 0 0
100 352 2.6475 4.9765 6.04147 0.1 0 0 7 7 0.00227201 -0.0254285 0 0 4.2546e-311 1.24702e-320 0 0
100 361 2.6475 4.9765 6.04147 0.1 0 0 7 7 0.000350802 -0.000187295 0 0 1.63042e-322 4.66338e-310 0 0
100 370 2.6475 4.9765 6.04147 0.1 0 0 7 7 -0 -0 0 0 4.66338e-310 1.58101e-322 0 0
100 379 2.6475 4.9765 6.04147 0.1 0 0 7 7 -0 -0 0 0 7.96434e-321 0 0 0
100 388 2.6475 4.9765 6.04147 0.1 0 0 7 7 -0 -0 0 0 4.66338e-310 1.89706e-311 0 0
100 397 2.6475 4.9765 6.04147 0.1 0 0 7 7 -0 -0 0 0 3.16202e-322 4.66441e-310 0 0
100 406 2.6475 4.9765 6.04147 0.1 0 0 7 7 -0 -0 0 0 0 4.66338e-310 0 0
100 415 2.6475 4.9765 6.04147 0.1 0 0 7 7 -0 -0 0 0 3.97025e-311 0 0 0
100 424 2.6475 4.9765 6.04147 0.1 0 0 7 7 -0 -0 0 0 4.66338e-310 0 0 0
100 433 2.6475 4.9765 6.04147 0.1 0 0 7 7 -0 -0 0 0 3.16202e-322 4.66441e-310 0 0
100 442 2.6475 4.9765 6.04147 0.1 0 0 7 7 -0 -0 0 0 4.66338e-310 1.58101e-322 0 0
100 451 2.6475 4.9765 6.04147 0.1 0 0 7 7 -0 -0 0 0 1.58101e-322 4.66441e-310 0 0
100 460 2.6475 4.9765 6.04147 0.1 0 0 7 7 -0 -0 0 0 4.66338e-310 4.80632e-311 0 0
100 469 2.6475 4.9765 6.04147 0.1 0 0 7 7 -0 -0 0 0 3.21143e-322 4.66338e-310 0 0
100 478 2.6475 4.9765 6.04147 0.1 0 0 7 7 -0 -0 0 0 1.58101e-322 4.66441e-310 0 0
100 487 2.6475 4.9765 6.04147 0.1 0 0 7 7 -0 -0 0 0 1.16402e-320 2.41895e-320 0 0
100 496 2.6475 4.9765 6.04147 0.1 0 0 7 7 -0 -0 0 0 9.4641e-312 4.19731e-311 0 0
100 505 2.6475 4.9765 6.04147 0.1 0 0 7 7 -0 -0 0 0 3.16202e-322 4.66441e-310 0 0
100 514 2.6475 4.9765 6.04147 0.1 0 0 7 7 -0 -0 0 0 1.58101e-322 4.66441e-310 0 0
100 523 2.6475 4.9765 6.04147 0.1 0 0 7 7 -0 -0 0 0 1.16896e-320 2.76677e-320 0 0
100 532 2.6475 4.9765 6.04147 0.1 0 0 7 7 -0 -0 0 0 3.81959e-312 3.22543e-311 0 0
100 541 2.6475 4.9765 6.04147 0.1 0 0 7 7 -0 -0 0 0 6.32898e-321 4.66338e-310 0 0
100 550 2.6475 4.9765 6.04147 0.1 0 0 7 7 -0 -0 0 0 1.58101e-322 4.66441e-310 0 0
100 559 2.6475 4.9765 6.04147 0.1 0 0 7 7 -0 -0 0 0 1.17094e-320 3.11459e-320 0 0
100 568 2.6475 4.9765 6.04147 0.1 0 0 7 7 -0 -0 0 0 4.66338e-310 5.03125e-311 0 0
100 577 2.6475 4.9765 6.04147 0.1 0 0 7 7 -0 -0 0 0 3.21143e-322 4.66338e-310 0 0
100 586 2.6475 4.9765 6.04147 0.1 0 0 7 7 -0 -0 0 0 1.58101e-322 3.16202e-322 0 0
100 595 2.6475 4.9765 6.04147 0.1 0 0 7 7 -0 -0 0 0 5.32833e-311 3.46241e-320 0 0
100 604 2.6475 4.9765 6.04147 0.1 0 0 7 7 -0 -0 0 0 9.27312e-312 2.30237e-311 0 0
100 613 2.6475 4.9765 6.04147 0.1 0 0 7 7 -0 -0 0 0 1.63042e-322 4.66338e-310 0 0
100 622 2.6475 4.9765 6.04147 0.1 0 0 7 7 -0 -0 0 0 4.66338e-310 3.16202e-322 0 0
100 631 2.6475 4.9765 6.04147 0.1 0 0 7 7 -0 -0 0 0 4.79244e-322 4.66338e-310 0 0
100 640 2.6475 4.9765 6.04147 0.1 0 0 7 7 -0 -0 0 0 4.66338e-310 1.58101e-322 0 0
100 649 2.6475 4.9765 6.04147 0.1 0 0 7 7 7.73166e-15 0.0266735 0 0 2.18871e-321 4.66338e-310 0 0
108.982 651.84 2.6475 4.9765 6.04147 0.1 0 0 7 15 1.33574e-16 -1.43158e-15 0 0 0 7.90505e-322 0 0
118.326 653.045 2.6475 4.9765 6.04147 600 0 1944 7 13 1.19696e-16 8.46979e-16 0 0 0.986158 0.165806 0 0
127.501 655.182 2.6475 4.9765 6.04147 600 0 1944 7 13 2.60209e-17 -9.43906e-16 0 0 0.984795 0.173722 0 0
136.861 656.253 2.6475 4.9765 6.04147 600 0 127 7 10 0.00158565 0.00023426 0 0 0.993714 0.111948 1 0
139.546 665.279 2.6475 4.9765 6.04147 600 0 1944 7 14 2.65161e-07 -7.88927e-08 0 0 0.977197 0.212334 0 0
148.694 667.517 2.6475 4.9765 6.04147 600 0 1944 7 14 3.30877e-07 -3.4766e-07 0 0 0.983057 0.183298 0 0
146.06 658.467 2.6475 4.9765 6.04147 600 0 1008 7 15 6.49038e-08 -2.70348e-07 0 0 0.989739 0.142886 0 0
155.507 659.006 2.6475 4.9765 6.04147 600 0 1125 7 13 8.04379e-08 -5.46731e-07 0 0 0.980309 0.197468 0 0
164.867 660.381 2.6475 4.9765 6.04147 600 0 1242 7 13 1.07583e-07 -7.33984e-07 0 0 0.980813 0.19495 0 0
174.227 661.752 2.6475 4.9765 6.04147 600 0 1359 7 13 1.27115e-07 -8.69717e-07 0 0 0.970627 0.24059 0 0
183.588 663.117 2.6475 4.9765 6.04147 600 0 1476 7 13 1.37806e-07 -9.45483e-07 0 0 0.961203 0.275841 0 0
192.949 664.477 2.6475 4.9765 6.04147 600 0 1593 7 13 1.39275e-07 -9.57952e-07 0 0 0.999941 0.0108303 0 0
202.312 665.831 2.6475 4.9765 6.04147 600 0 1710 7 13 1.31778e-07 -9.08595e-07 0 0 0.977904 0.209057 0 0
211.675 667.179 2.6475 4.9765 6.04147 600 0 1827 7 13 1.16171e-07 -8.02628e-07 0 0 0.964822 0.262905 0 0
221.039 668.523 2.6475 4.9765 6.04147 600 0 1944 7 15 9.36171e-08 -6.47979e-07 0 0 0.992948 0.118553 0 0
230.404 669.863 2.6475 4.9765 6.04147 600 0 3348 7 13 6.55988e-08 -4.54623e-07 0 0 0.987407 0.158201 0 0
239.769 671.201 2.6475 4.9765 6.04147 600 0 3348 7 13 3.3773e-08 -2.34264e-07 0 0 0.994859 0.101268 0 0
249.134 672.537 2.6475 4.9765 6.04147 600 0 122 7 10 -0.000187257 -7.61638e-05 0 0 0.982053 -0.188606 0 0
252.586 681.304 2.6475 4.9765 6.04147 600 0 3269 7 14 -0.000181425 0.000325699 0 0 0.91514 0.403137 0 0
258.492 673.959 2.6475 4.9765 6.04147 600 0 2412 7 15 0.000872713 -0.000148065 0 0 0.987518 0.157509 0 0
267.83 675.426 2.6475 4.9765 6.04147 600 0 2529 7 13 -0.000878597 -0.000139827 0 0 0.986915 0.16124 0 0
277.163 676.874 2.6475 4.9765 6.04147 600 0 2646 7 13 -0.00135998 -0.000210465 0 0 0.993327 0.115329 0 0
286.53 678.297 2.6475 4.9765 6.04147 600 0 2763 7 13 0.00334118 0.000496677 0 0 0.993822 0.11099 0 0
295.741 679.665 2.6475 4.9765 6.04147 600 0 2880 7 13 -0.0124769 -0.00181942 0 0 0.990093 0.140414 0 0
305.239 681.041 2.6475 4.9765 6.04147 600 0 2997 7 13 0.017034 0.00243729 0 0 0.988806 0.149204 0 0
314.414 682.334 2.6475 4.9765 6.04147 600 0 3114 7 13 -0.0169506 -0.00234976 0 0 0.987766 0.155943 0 0
323.978 683.641 2.6475 4.9765 6.04147 600 0 3231 7 13 0.0170681 0.00229902 0 0 0.970252 0.242098 0 0
333.245 684.868 2.6475 4.9765 6.04147 600 0 3348 7 13 -0.0106642 -0.001399 0 0 0.991334 0.131364 0 0
342.765 686.085 2.6475 4.9765 6.04147 600 0 3465 7 13 0.00904338 0.00112871 0 0 0.971205 0.238244 0 0
352.135 687.242 2.6475 4.9765 6.04147 600 0 3582 7 13 -0.00464953 -0.000581152 0 0 0.997491 0.0707985 0 0
361.63 688.37 2.6475 4.9765 6.04147 600 0 3699 7 13 0.00383518 0.000430813 0 0 0.995272 0.0971235 0 0
371.059 689.448 2.6475 4.9765 6.04147 600 0 3816 7 13 -0.00319872 -0.000376307 0 0 0.991949 0.126639 0 0
380.546 690.486 2.6475 4.9765 6.04147 600 0 3933 7 13 0.00235902 0.000234942 0 0 0.994152 0.107991 0 0
389.972 691.47 2.6475 4.9765 6.04147 600 0 3933 9 13 -0.00335543 -0.000355029 0 0 0.995198 0.0978794 0 0
399.42 692.419 2.6475 4.9765 6.04147 0.1 0 3343 8 10 0.000371877 1.01564e-05 0 0 0.996526 0.0832868 0 0
99.8038 695.684 2.6475 4.9765 6.04147 600 0 774 7 14 -5.37764e-17 -3.1225e-17 0 0 0.980034 0.19883 0 0
104.612 703.785 2.6475 4.9765 6.04147 600 0 774 7 14 -3.00107e-16 9.40274e-17 0 0 0.983668 0.179994 0 0
95.1918 703.898 2.6475 4.9765 6.04147 0.1 0 0 7 15 3.00107e-16 -9.40274e-17 0 0 3.16202e-322 4.66441e-310 0 0
100 712 2.6475 4.9765 6.04147 0.1 0 0 7 7 5.37764e-17 -0.0266735 0 0 5.43231e-312 1.01007e-311 0 0
100 721 2.6475 4.9765 6.04147 0.1 0 0 7 7 -0 -0 0 0 7.95446e-322 4.66338e-310 0 0
100 730 2.6475 4.9765 6.04147 0.1 0 0 7 7 -0 -0 0 0 5.87793e-312 1.02705e-311 0 0
100 739 2.6475 4.9765 6.04147 0.1 0 0 7 7 -0 -0 0 0 2.21835e-321 4.66338e-310 0 0
100 748 2.6475 4.9765 6.04147 0.1 0 0 7 7 -0 -0 0 0 6.16068e-310 1.22439e-311 0 0
100 757 2.6475 4.9765 6.04147 0.1 0 0 7 7 -0 -0 0 0 1.58101e-322 4.66441e-310 0 0
100 766 2.6475 4.9765 6.04147 0.1 0 0 7 7 -0 -0 0 0 4.66338e-310 1.58101e-322 0 0
100 775 2.6475 4.9765 6.04147 0.1 0 0 7 7 -0 -0 0 0 6.16068e-310 1.18576e-321 0 0
100 784 2.6475 4.9765 6.04147 0.1 0 0 7 7 -0 -0 0 0 1.63042e-322 4.66338e-310 0 0
100 793 2.6475 4.9765 6.04147 0.1 0 0 7 7 -0 -0 0 0 1.34583e-320 3.16202e-322 0 0
100 802 2.6475 4.9765 6.04147 0.1 0 0 7 7 -0 0.0266735 0 0 9.0167e-321 4.66338e-310 0 0
