591.798 455.988 5.295 9.953 12.0829 0.1 0 75 3 1 -6.47531e-10 -4.66826e-10 0 0 6.16068e-310 0 0 0
597.212 416.765 5.295 9.953 12.0829 0.1 0 161 3 1 2.68096e-11 -8.11601e-10 0 0 6.95292e-310 4.66338e-310 0 0
596.555 436.66 5.295 9.953 12.0829 0.1 0 94 3 1 -1.37774e-11 -6.09245e-10 0 0 6.95292e-310 4.66338e-310 0 0
614.609 428.276 5.295 9.953 12.0829 0.1 0 90 3 1 1.95577e-10 -5.05625e-10 0 0 6.95292e-310 4.66338e-310 0 0
624.345 445.639 5.295 9.953 12.0829 0.1 0 67 3 1 1.4272e-10 -3.17106e-10 0 0 6.95292e-310 4.66338e-310 0 0
611.171 460.561 5.295 9.953 12.0829 0.1 0 52 3 1 -4.46406e-10 -5.23437e-10 0 0 1.58101e-322 4.66441e-310 0 0
639.123 432.302 5.295 9.953 12.0829 0.1 0 75 3 1 3.5148e-10 -3.17216e-10 0 0 6.95292e-310 4.66338e-310 0 0
643.082 452.361 5.295 9.953 12.0829 0.1 0 49 3 1 2.52971e-10 -1.82903e-10 0 0 4.00421e-311 1.26481e-321 0 0
661.112 428.823 5.295 9.953 12.0829 0.1 0 90 3 1 -1.43832e-10 -1.0083e-10 0 0 6.95292e-310 6.16069e-310 0 0
677.411 440.249 5.295 9.953 12.0829 0.1 0 77 3 1 4.60821e-10 -7.98985e-10 0 0 6.95292e-310 4.66338e-310 0 0
662.941 453.918 5.295 9.953 12.0829 0.1 0 51 3 1 1.72955e-10 -7.30798e-10 0 0 4.66338e-310 3.16202e-322 0 0
697.313 440.64 5.295 9.953 12.0829 0.1 0 110 3 1 6.22655e-10 1.22256e-11 0 0 6.95292e-310 4.66338e-310 0 0
685.204 458.968 5.295 9.953 12.0829 0.1 0 64 3 1 8.93583e-12 -9.22749e-12 0 0 7.95446e-322 4.66338e-310 0 0
587.932 475.515 5.295 9.953 12.0829 0.1 0 65 3 1 -1.13667e-09 -2.41908e-10 0 0 1.06076e-320 0 0 0
607.305 480.088 5.295 9.953 12.0829 0.1 0 44 3 1 -8.56468e-10 -3.45522e-10 0 0 1.22133e-320 3.16202e-322 0 0
651.664 470.321 5.295 9.953 12.0829 0.1 0 36 3 1 4.77163e-10 -1.38558e-10 0 0 6.95292e-310 4.66338e-310 0 0
629.643 467.98 5.295 9.953 12.0829 0.1 0 38 3 1 -5.29388e-11 -1.01014e-09 0 0 3.21143e-322 4.66338e-310 0 0
671.356 473.268 5.295 9.953 12.0829 0.1 0 41 3 1 -8.93583e-12 9.22749e-12 0 0 4.66338e-310 3.16202e-322 0 0
704.067 465.381 5.295 9.953 12.0829 0.1 0 82 3 1 3.23498e-10 -7.10937e-10 0 0 6.95292e-310 6.16069e-310 0 0
695.823 483.5 5.295 9.953 12.0829 0.1 0 65 3 1 7.38943e-10 -3.02243e-10 0 0 4.66338e-310 3.16202e-322 0 0
583.535 494.929 5.295 9.953 12.0829 0.1 0 66 3 2 -5.75505e-10 2.06568e-10 0 0 1.58101e-322 4.66441e-310 0 0
602.39 501.311 5.295 9.953 12.0829 0.1 0 43 3 1 -6.8514e-10 1.49048e-09 0 0 6.95292e-310 4.66338e-310 0 0
621.079 494.458 5.295 9.953 12.0829 0.1 0 34 3 1 -8.04021e-10 1.07583e-10 0 0 4.66338e-310 4.74303e-322 0 0
638.905 485.6 5.295 9.953 12.0829 0.1 1 1620 0 0 -4.76978e-10 -4.82353e-10 0 0 6.95292e-310 4.66338e-310 0 0
645.306 504.556 5.295 9.953 12.0829 0.1 1 648 0 0 1.92269e-10 -4.86555e-10 0 0 6.37345e-322 4.66338e-310 0 0
658.515 489.011 5.295 9.953 12.0829 0.1 1 941 0 0 -7.55376e-11 1.90455e-10 0 0 6.95292e-310 4.66338e-310 0 0
664.933 507.881 5.295 9.953 12.0829 0.1 1 1140 0 0 2.1866e-10 -4.1333e-10 0 0 6.16068e-310 3.79442e-321 0 0
678.101 492.564 5.295 9.953 12.0829 0.1 1 2177 0 0 4.93915e-10 -3.68913e-11 0 0 6.95292e-310 4.66338e-310 0 0
715.728 483.301 5.295 9.953 12.0829 0.1 0 91 3 1 9.58397e-10 -2.52266e-10 0 0 6.95292e-310 4.66338e-310 0 0
713.956 503.128 5.295 9.953 12.0829 0.1 0 98 3 1 1.07719e-09 -1.29486e-10 0 0 6.95292e-310 6.16069e-310 0 0
720.417 521.956 5.295 9.953 12.0829 0.1 0 105 3 1 2.60862e-10 2.84077e-10 0 0 6.16068e-310 0 0 0
550.272 516.801 5.295 9.953 12.0829 0.1 0 157 3 1 -9.74846e-10 6.29472e-10 0 0 6.95292e-310 4.66338e-310 0 0
566.995 506.003 5.295 9.953 12.0829 0.1 0 91 3 1 -1.08153e-09 1.55627e-11 0 0 6.95292e-310 4.66338e-310 0 0
581.359 519.784 5.295 9.953 12.0829 0.1 0 79 3 1 -9.15633e-10 1.00192e-10 0 0 6.95292e-310 4.66338e-310 0 0
601.031 522.827 5.295 9.953 12.0829 0.1 0 51 3 1 -8.2576e-10 1.2464e-09 0 0 6.95292e-310 4.66338e-310 0 0
583.94 539.522 5.295 9.953 12.0829 0.1 0 73 3 1 -1.58925e-10 8.10792e-11 0 0 9.34278e-321 4.66338e-310 0 0
618.996 514.254 5.295 9.953 12.0829 0.1 0 40 3 1 -7.73993e-10 5.40261e-10 0 0 6.95292e-310 4.66338e-310 0 0
620.551 534.099 5.295 9.953 12.0829 0.1 0 46 3 1 3.25325e-10 6.57857e-10 0 0 4.66338e-310 3.30395e-311 0 0
637.038 522.664 5.295 9.953 12.0829 0.1 1 1393 0 0 6.28573e-11 -3.64484e-10 0 0 6.95292e-310 4.66338e-310 0 0
643.955 541.329 5.295 9.953 12.0829 0.1 0 42 3 1 1.97112e-10 -8.4648e-11 0 0 2.06025e-321 4.66338e-310 0 0
656.664 525.988 5.295 9.953 12.0829 0.1 1 1828 0 0 3.24534e-10 -1.96559e-10 0 0 6.16068e-310 0 0 0
694.092 504.418 5.295 9.953 12.0829 0.1 0 54 3 1 8.4876e-10 1.80892e-10 0 0 6.95292e-310 4.66338e-310 0 0
680.643 520.736 5.295 9.953 12.0829 0.1 0 52 3 1 -0 -0 0 0 6.95292e-310 4.66338e-310 0 0
700.553 523.246 5.295 9.953 12.0829 0.1 0 68 3 1 1.9987e-10 7.42417e-10 0 0 9.40207e-321 4.66338e-310 0 0
603.32 544.066 5.295 9.953 12.0829 0.1 0 64 3 1 -8.70135e-11 1.92488e-10 0 0 6.95292e-310 4.66338e-310 0 0
591.335 561.678 5.295 9.953 12.0829 0.1 0 91 3 1 -3.21732e-10 5.12707e-11 0 0 6.95292e-310 4.66338e-310 0 0
572.342 555.719 5.295 9.953 12.0829 0.1 0 121 3 1 -4.21913e-10 -1.32387e-10 0 0 0 0 0 0
611.123 563.837 5.295 9.953 12.0829 0.1 0 76 3 1 -1.48802e-10 2.7181e-10 0 0 6.95292e-310 4.66338e-310 0 0
608.825 583.61 5.295 9.953 12.0829 0.1 0 122 3 1 -5.04202e-11 4.33879e-10 0 0 0 0 0 0
627.718 552.844 5.295 9.953 12.0829 0.1 0 56 3 1 -7.38155e-12 4.93421e-11 0 0 6.95292e-310 4.66338e-310 0 0
671.989 538.691 5.295 9.953 12.0829 0.1 0 48 3 1 2.9792e-10 2.51985e-10 0 0 6.95292e-310 4.66338e-310 0 0
659.29 554.02 5.295 9.953 12.0829 0.1 0 57 3 1 2.96089e-10 2.74499e-10 0 0 6.95292e-310 4.66338e-310 0 0
656.002 576.79 5.295 9.953 12.0829 0.1 0 89 3 1 -0 -0 0 0 6.95292e-310 4.66338e-310 0 0
692.635 580.356 5.295 9.953 12.0829 0.1 0 126 3 1 4.55217e-11 -1.45661e-11 0 0 6.95292e-310 4.66338e-310 0 0
673.676 586.422 5.295 9.953 12.0829 0.1 0 110 3 1 2.14843e-10 6.7729e-10 0 0 6.95292e-310 4.66338e-310 0 0
663.93 603.779 5.295 9.953 12.0829 0.1 0 171 3 1 -3.2842e-10 5.84842e-10 0 0 0 0 0 0
705.382 542.557 5.295 9.953 12.0829 0.1 0 90 3 1 1.11306e-09 7.69757e-10 0 0 6.95292e-310 4.66338e-310 0 0
687.459 551.217 5.295 9.953 12.0829 0.1 0 74 3 1 6.09725e-10 2.2478e-10 0 0 6.95292e-310 4.66338e-310 0 0
674.76 566.546 5.295 9.953 12.0829 0.1 0 78 3 1 5.08665e-10 4.39944e-10 0 0 0 0 0 0
80 235 2.6475 4.9765 6.04147 0.1 0 0 7 7 -0 -0.0266735 0 0 0 0 0 0
80 244 2.6475 4.9765 6.04147 0.1 0 0 7 7 -0 -0 0 0 4.03179e-313 6.36599e-313 0 0
80 253 2.6475 4.9765 6.04147 0.1 0 0 7 7 -0 -0 0 0 4.66338e-310 3.16202e-322 0 0
80 262 2.6475 4.9765 6.04147 0.1 0 0 7 7 -0 -0 0 0 1.58101e-322 4.66441e-310 0 0
80 271 2.6475 4.9765 6.04147 0.1 0 0 7 7 -0 -0 0 0 0 3.16202e-322 0 0
80 280 2.6475 4.9765 6.04147 0.1 0 0 7 7 -0 -0 0 0 1.26975e-321 4.66338e-310 0 0
80 289 2.6475 4.9765 6.04147 0.1 0 0 7 7 -0 -0 0 0 4.66338e-310 7.38455e-312 0 0
80 298 2.6475 4.9765 6.04147 0.1 0 0 7 7 -0 -0 0 0 3.16202e-322 4.66441e-310 0 0
80 307 2.6475 4.9765 6.04147 0.1 0 0 7 7 -0 -0 0 0 4.66338e-310 1.10671e-321 0 0
80 316 2.6475 4.9765 6.04147 0.1 0 0 7 7 -0 -0 0 0 4.66338e-310 1.58101e-322 0 0
80 325 2.6475 4.9765 6.04147 0.1 0 0 7 7 -0 -0 0 0 1.58101e-322 4.66441e-310 0 0
80 334 2.6475 4.9765 6.04147 0.1 0 0 7 7 -0 -0 0 0 4.66338e-310 3.16202e-322 0 0
80 343 2.6475 4.9765 6.04147 0.1 0 0 7 7 -0 -0 0 0 1.58101e-322 4.66441e-310 0 0
80 352 2.6475 4.9765 6.04147 0.1 0 0 7 7 -0 -0 0 0 4.66338e-310 4.64717e-312 0 0
80 361 2.6475 4.9765 6.04147 0.1 0 0 7 7 -0 -0 0 0 3.16202e-322 4.66441e-310 0 0
80 370 2.6475 4.9765 6.04147 0.1 0 0 7 7 -0 -0 0 0 4.66338e-310 6.32404e-322 0 0
80 379 2.6475 4.9765 6.04147 0.1 0 0 7 7 -0 -0 0 0 1.58101e-322 1.13852e-313 0 0
80 388 2.6475 4.9765 6.04147 0.1 0 0 7 7 -0 -0 0 0 4.66338e-310 0 0 0
80 397 2.6475 4.9765 6.04147 0.1 0 0 7 7 -0 -0 0 0 3.16202e-322 4.66338e-310 0 0
80 406 2.6475 4.9765 6.04147 0.1 0 0 7 7 -0 -0 0 0 0 4.66338e-310 0 0
80 415 2.6475 4.9765 6.04147 0.1 0 0 7 7 -0 -0 0 0 1.35127e-320 0 0 0
80 424 2.6475 4.9765 6.04147 0.1 0 0 7 7 -0 -0 0 0 6.16068e-310 5.77607e-311 0 0
80 433 2.6475 4.9765 6.04147 0.1 0 0 7 7 -0 -0 0 0 3.16202e-322 4.66441e-310 0 0
80 442 2.6475 4.9765 6.04147 0.1 0 0 7 7 -0 -0 0 0 0 3.16202e-322 0 0
80 451 2.6475 4.9765 6.04147 0.1 0 0 7 7 -0 -0 0 0 0 4.66338e-310 0 0
80 460 2.6475 4.9765 6.04147 0.1 0 0 7 7 -0 -0 0 0 -nan 1.26481e-321 0 0
80 469 2.6475 4.9765 6.04147 0.1 0 0 7 7 -0 -0 0 0 6.16068e-310 0 0 0
80 478 2.6475 4.9765 6.04147 0.1 0 0 7 7 -0 -0 0 0 1.58101e-322 4.66441e-310 0 0
80 487 2.6475 4.9765 6.04147 0.1 0 0 7 7 -0 -0 0 0 4.66338e-310 3.16202e-322 0 0
80 496 2.6475 4.9765 6.04147 0.1 0 0 7 7 -0 -0 0 0 3.21143e-322 4.66338e-310 0 0
80 505 2.6475 4.9765 6.04147 0.1 0 0 7 7 -0 -0 0 0 4.66338e-310 1.58101e-322 0 0
80 514 2.6475 4.9765 6.04147 0.1 0 0 7 7 -0 -0 0 0 1.58101e-322 4.66441e-310 0 0
80 523 2.6475 4.9765 6.04147 0.1 0 0 7 7 -0 -0 0 0 4.66338e-310 0 0 0
80 532 2.6475 4.9765 6.04147 0.1 0 0 7 7 -0 -0 0 0 1.58101e-322 4.66441e-310 0 0
80 541 2.6475 4.9765 6.04147 0.1 0 0 7 7 -0 -0 0 0 4.66338e-310 7.27265e-321 0 0
80 550 2.6475 4.9765 6.04147 0.1 0 0 7 7 -0 -0 0 0 0 4.6633e-310 0 0
80 559 2.6475 4.9765 6.04147 0.1 0 0 7 7 -0 -0 0 0 4.66338e-310 4.66338e-310 0 0
80 568 2.6475 4.9765 6.04147 0.1 0 0 7 7 -0 -0 0 0 4.66338e-310 4.66338e-310 0 0
80 577 2.6475 4.9765 6.04147 0.1 0 0 7 7 -0 -0 0 0 4.66338e-310 4.66338e-310 0 0
80 586 2.6475 4.9765 6.04147 0.1 0 0 7 7 -0 -0 0 0 4.66338e-310 4.66338e-310 0 0
80 595 2.6475 4.9765 6.04147 0.1 0 0 7 7 -0 -0 0 0 4.66338e-310 4.66338e-310 0 0
80 604 2.6475 4.9765 6.04147 0.1 0 0 7 7 -0 -0 0 0 4.66338e-310 4.66338e-310 0 0
80 613 2.6475 4.9765 6.04147 0.1 0 0 7 7 -0 -0 0 0 0 0 0 0
80 622 2.6475 4.9765 6.04147 0.1 0 0 7 7 -0 -0 0 0 4.66338e-310 4.66338e-310 0 0
80 631 2.6475 4.9765 6.04147 0.1 0 0 7 7 -0 -0 0 0 6.16068e-310 0 0 0
80 640 2.6475 4.9765 6.04147 0.1 0 0 7 7 -0 -0 0 0 3.16202e-322 4.66441e-310 0 0
80 649 2.6475 4.9765 6.04147 0.1 0 0 7 7 -0 -0 0 0 4.66338e-310 0 0 0
80 658 2.6475 4.9765 6.04147 0.1 0 0 7 7 -0 -0 0 0 6.39321e-321 4.66338e-310 0 0
80 667 2.6475 4.9765 6.04147 0.1 0 0 7 7 -0 -0 0 0 2.75647e-311 4.11063e-321 0 0
80 676 2.6475 4.9765 6.04147 0.1 0 0 7 7 -0 -0 0 0 1.63042e-322 4.66338e-310 0 0
80 685 2.6475 4.9765 6.04147 0.1 0 0 7 7 -0 -0 0 0 4.66338e-310 4.91666e-311 0 0
80 694 2.6475 4.9765 6.04147 0.1 0 0 7 7 -0 -0 0 0 6.46238e-321 4.66338e-310 0 0
80 703 2.6475 4.9765 6.04147 0.1 0 0 7 7 -0 -0 0 0 4.66338e-310 1.58101e-322 0 0
80 712 2.6475 4.9765 6.04147 0.1 0 0 7 7 -0 -0 0 0 6.5019e-321 4.66338e-310 0 0
80 721 2.6475 4.9765 6.04147 0.1 0 0 7 7 -0 -0 0 0 9.31556e-312 1.99468e-311 0 0
80 730 2.6475 4.9765 6.04147 0.1 0 0 7 7 -0 -0 0 0 3.16202e-322 4.66441e-310 0 0
80 739 2.6475 4.9765 6.04147 0.1 0 0 7 7 -0 -0 0 0 6.09013e-312 2.22597e-311 0 0
80 748 2.6475 4.9765 6.04147 0.1 0 0 7 7 -0 -0 0 0 3.16202e-322 4.66441e-310 0 0
80 757 2.6475 4.9765 6.04147 0.1 0 0 7 7 -0 -0 0 0 4.66338e-310 1.58101e-322 0 0
80 766 2.6475 4.9765 6.04147 0.1 0 0 7 7 -0 -0 0 0 0 4.66338e-310 0 0
80 775 2.6475 4.9765 6.04147 0.1 0 0 7 7 -0 0.0266735 0 0 6.16068e-310 0 0 0
100 208 2.6475 4.9765 6.04147 0.1 0 0 7 7 -0 -0.0266735 0 0 3.02368e-321 4.66338e-310 0 0
100 217 2.6475 4.9765 6.04147 0.1 0 0 7 7 -0 -0 0 0 6.16068e-310 0 0 0
100 226 2.6475 4.9765 6.04147 0.1 0 0 7 7 -0 -0 0 0 8.8586e-321 4.66338e-310 0 0
100 235 2.6475 4.9765 6.04147 0.1 0 0 7 7 -0 -0 0 0 4.66338e-310 3.69439e-311 0 0
100 244 2.6475 4.9765 6.04147 0.1 0 0 7 7 -0 -0 0 0 3.21143e-322 4.66338e-310 0 0
100 253 2.6475 4.9765 6.04147 0.1 0 0 7 7 -0 -0 0 0 4.66338e-310 2.68772e-321 0 0
100 262 2.6475 4.9765 6.04147 0.1 0 0 7 7 -0 -0 0 0 7.95446e-322 4.66338e-310 0 0
100 271 2.6475 4.9765 6.04147 0.1 0 0 7 7 -0 -0 0 0 1.10768e-311 1.35596e-311 0 0
100 280 2.6475 4.9765 6.04147 0.1 0 0 7 7 -0 -0 0 0 1.58101e-322 4.66441e-310 0 0
100 289 2.6475 4.9765 6.04147 0.1 0 0 7 7 4.93994e-05 2.64962e-05 0 0 4.66338e-310 1.58101e-322 0 0
100 298 2.6475 4.9765 6.04147 0.1 0 0 7 7 0.00162874 0.0257817 0 0 1.58101e-322 4.66441e-310 0 0
108.322 293.447 2.6475 4.9765 6.04147 0.1 0 0 7 15 0.00151458 -0.000569977 0 0 6.16068e-310 7.90505e-321 0 0
116.96 289.562 2.6475 4.9765 6.04147 600 0 795 7 15 -0.00152715 0.00068178 0 0 0.981458 -0.191675 0 0
125.626 285.641 2.6475 4.9765 6.04147 600 0 2200 7 13 0.00193024 -0.000901677 0 0 0.819644 -0.572873 0 0
134.234 281.679 2.6475 4.9765 6.04147 600 0 2317 7 13 -0.00175953 0.000789971 0 0 0.846114 -0.533002 0 0
142.841 277.623 2.6475 4.9765 6.04147 600 0 2434 7 13 0.00150209 -0.000748448 0 0 0.674571 -0.73821 0 0
151.372 273.5 2.6475 4.9765 6.04147 600 0 2434 9 13 -0.00164522 0.000853556 0 0 0.748541 -0.663088 0 0
160.037 269.596 2.6475 4.9765 6.04147 600 0 417 8 10 0.000761764 -0.00139845 0 0 0.712394 -0.701779 0 0
149.238 290.237 2.6475 4.9765 6.04147 600 0 2200 13 14 -0.00028084 -0.000611112 0 0 0.966451 -0.256851 0 0
160.92 279.025 2.6475 4.9765 6.04147 600 0 2434 9 14 -0.000839278 0.00373442 0 0 0.762039 -0.647531 0 0
158.463 288.096 2.6475 4.9765 6.04147 600 0 2434 7 14 0.00238997 -0.00476024 0 0 0.921944 -0.387323 0 0
155.665 297.141 2.6475 4.9765 6.04147 600 0 2317 7 14 -0.00102114 0.0033045 0 0 0.815722 -0.578444 0 0
164.889 295.111 2.6475 4.9765 6.04147 600 0 1263 7 15 0.00217927 0.00199513 0 0 0.960112 -0.279615 0 0
170.575 302.691 2.6475 4.9765 6.04147 600 0 1380 7 13 0.000454129 -0.00185138 0 0 0.933982 -0.35732 0 0
179.184 306.748 2.6475 4.9765 6.04147 600 0 1497 7 13 0.00111455 -0.000233579 0 0 0.946231 -0.323491 0 0
188.341 309.296 2.6475 4.9765 6.04147 600 0 1614 7 13 -0.000869373 -0.000601529 0 0 0.92833 -0.371758 0 0
197.742 310.813 2.6475 4.9765 6.04147 600 0 1731 7 13 0.000893754 -8.27335e-05 0 0 0.98003 -0.198851 0 0
207.201 311.797 2.6475 4.9765 6.04147 600 0 1848 7 13 -0.000495165 -0.00020825 0 0 0.969877 -0.243596 0 0
216.713 312.359 2.6475 4.9765 6.04147 600 0 1965 7 13 0.000966805 -6.28722e-05 0 0 0.947289 -0.320379 0 0
226.24 312.665 2.6475 4.9765 6.04147 600 0 2082 7 13 0.000210783 -2.39038e-06 0 0 0.966397 -0.257053 0 0
235.784 312.955 2.6475 4.9765 6.04147 600 0 2199 7 13 0.00027336 0.000218067 0 0 0.94765 -0.319311 0 0
245.307 313.649 2.6475 4.9765 6.04147 600 0 2316 7 13 -0.000436131 0.000349716 0 0 0.888291 -0.45928 0 0
254.725 315.132 2.6475 4.9765 6.04147 600 0 2433 7 13 -0.00120647 0.00022334 0 0 0.97875 -0.205059 0 0
263.868 317.718 2.6475 4.9765 6.04147 600 0 2433 9 13 -0.00174657 -0.00020632 0 0 0.969047 -0.246874 0 0
268.98 325.686 2.6475 4.9765 6.04147 0.1 0 1822 8 10 -0.0013754 -0.000909912 0 0 0.998097 0.0616658 0 0
259.702 327.722 2.6475 4.9765 6.04147 600 0 2433 9 14 -0.000941019 0.000428941 0 0 0.950643 0.310286 0 0
250.193 327.912 2.6475 4.9765 6.04147 600 0 2433 7 14 -0.000811653 0.000119048 0 0 0.971986 0.235041 0 0
240.672 328.329 2.6475 4.9765 6.04147 600 0 2316 7 14 -0.000163319 0.000132926 0 0 0.960885 0.276948 0 0
231.153 329.01 2.6475 4.9765 6.04147 600 0 2199 7 14 -9.90413e-05 0.000144254 0 0 0.988659 0.150178 0 0
221.667 329.969 2.6475 4.9765 6.04147 600 0 2082 7 14 0.000934944 2.6925e-06 0 0 0.973259 0.229713 0 0
212.206 331.176 2.6475 4.9765 6.04147 600 0 1965 7 14 -0.00069903 0.000180874 0 0 0.989027 0.147735 0 0
202.806 332.57 2.6475 4.9765 6.04147 600 0 1848 7 14 0.00234102 -0.00031696 0 0 0.982496 0.186284 0 0
193.393 334.106 2.6475 4.9765 6.04147 600 0 1731 7 14 -0.0028962 0.000527115 0 0 0.968339 0.249639 0 0
184.064 335.725 2.6475 4.9765 6.04147 600 0 1614 7 14 0.0808369 -0.0146049 0 0 0.990093 0.140415 0 0
173.724 337.597 2.6475 4.9765 6.04147 600 0 1497 7 14 -0.0792384 0.0143643 0 0 0.999952 0.00982906 0 0
165.34 339.157 2.6475 4.9765 6.04147 600 0 1380 7 14 1.66404e-05 1.01223e-05 0 0 0.990238 0.139384 0 0
155.996 340.928 2.6475 4.9765 6.04147 600 0 1263 7 14 -9.78403e-05 2.96961e-05 0 0 0.996843 0.0793945 0 0
146.657 342.728 2.6475 4.9765 6.04147 600 0 1146 7 14 -3.53179e-05 1.60578e-05 0 0 0.998005 0.0631371 0 0
137.322 344.552 2.6475 4.9765 6.04147 600 0 1029 7 14 -3.16604e-05 1.38462e-05 0 0 0.999645 0.0266409 0 0
127.989 346.396 2.6475 4.9765 6.04147 600 0 912 7 14 -2.75105e-05 1.13152e-05 0 0 0.993382 -0.11486 0 0
118.658 348.256 2.6475 4.9765 6.04147 600 0 795 7 14 -1.39204e-05 6.76213e-06 0 0 0.99597 -0.0896829 0 0
109.329 350.125 2.6475 4.9765 6.04147 0.1 0 0 7 15 -9.29267e-06 3.8181e-06 0 0 3.00886e-321 4.66338e-310 0 0
100 352 2.6475 4.9765 6.04147 0.1 0 0 7 7 0.00354874 -0.0273867 0 0 4.2546e-311 1.24702e-320 0 0
100 361 2.6475 4.9765 6.04147 0.1 0 0 7 7 -0 -0 0 0 1.63042e-322 4.66338e-310 0 0
100 370 2.6475 4.9765 6.04147 0.1 0 0 7 7 -0 -0 0 0 4.66338e-310 1.58101e-322 0 0
100 379 2.6475 4.9765 6.04147 0.1 0 0 7 7 -0 -0 0 0 7.96434e-321 0 0 0
100 388 2.6475 4.9765 6.04147 0.1 0 0 7 7 -0 -0 0 0 4.66338e-310 1.89706e-311 0 0
100 397 2.6475 4.9765 6.04147 0.1 0 0 7 7 -0 -0 0 0 3.16202e-322 4.66441e-310 0 0
100 406 2.6475 4.9765 6.04147 0.1 0 0 7 7 -0 -0 0 0 0 4.66338e-310 0 0
100 415 2.6475 4.9765 6.04147 0.1 0 0 7 7 -0 -0 0 0 3.97025e-311 0 0 0
100 424 2.6475 4.9765 6.04147 0.1 0 0 7 7 -0 -0 0 0 4.66338e-310 0 0 0
100 433 2.6475 4.9765 6.04147 0.1 0 0 7 7 -0 -0 0 0 3.16202e-322 4.66441e-310 0 0
100 442 2.6475 4.9765 6.04147 0.1 0 0 7 7 -0 -0 0 0 4.66338e-310 1.58101e-322 0 0
100 451 2.6475 4.9765 6.04147 0.1 0 0 7 7 -0 -0 0 0 1.58101e-322 4.66441e-310 0 0
100 460 2.6475 4.9765 6.04147 0.1 0 0 7 7 -0 -0 0 0 4.66338e-310 4.80632e-311 0 0
100 469 2.6475 4.9765 6.04147 0.1 0 0 7 7 -0 -0 0 0 3.21143e-322 4.66338e-310 0 0
100 478 2.6475 4.9765 6.04147 0.1 0 0 7 7 -0 -0 0 0 1.58101e-322 4.66441e-310 0 0
100 487 2.6475 4.9765 6.04147 0.1 0 0 7 7 -0 -0 0 0 1.16402e-320 2.41895e-320 0 0
100 496 2.6475 4.9765 6.04147 0.1 0 0 7 7 -0 -0 0 0 9.4641e-312 4.19731e-311 0 0
100 505 2.6475 4.9765 6.04147 0.1 0 0 7 7 -0 -0 0 0 3.16202e-322 4.66441e-310 0 0
100 514 2.6475 4.9765 6.04147 0.1 0 0 7 7 -0 -0 0 0 1.58101e-322 4.66441e-310 0 0
100 523 2.6475 4.9765 6.04147 0.1 0 0 7 7 -0 -0 0 0 1.16896e-320 2.76677e-320 0 0
100 532 2.6475 4.9765 6.04147 0.1 0 0 7 7 -0 -0 0 0 3.81959e-312 3.22543e-311 0 0
100 541 2.6475 4.9765 6.04147 0.1 0 0 7 7 -0 -0 0 0 6.32898e-321 4.66338e-310 0 0
100 550 2.6475 4.9765 6.04147 0.1 0 0 7 7 -0 -0 0 0 1.58101e-322 4.66441e-310 0 0
100 559 2.6475 4.9765 6.04147 0.1 0 0 7 7 -0 -0 0 0 1.17094e-320 3.11459e-320 0 0
100 568 2.6475 4.9765 6.04147 0.1 0 0 7 7 -0 -0 0 0 4.66338e-310 5.03125e-311 0 0
100 577 2.6475 4.9765 6.04147 0.1 0 0 7 7 -0 -0 0 0 3.21143e-322 4.66338e-310 0 0
100 586 2.6475 4.9765 6.04147 0.1 0 0 7 7 -0 -0 0 0 1.58101e-322 3.16202e-322 0 0
100 595 2.6475 4.9765 6.04147 0.1 0 0 7 7 -0 -0 0 0 5.32833e-311 3.46241e-320 0 0
100 604 2.6475 4.9765 6.04147 0.1 0 0 7 7 -0 -0 0 0 9.27312e-312 2.30237e-311 0 0
100 613 2.6475 4.9765 6.04147 0.1 0 0 7 7 -0 -0 0 0 1.63042e-322 4.66338e-310 0 0
100 622 2.6475 4.9765 6.04147 0.1 0 0 7 7 -0 -0 0 0 4.66338e-310 3.16202e-322 0 0
100 631 2.6475 4.9765 6.04147 0.1 0 0 7 7 -0 -0 0 0 4.79244e-322 4.66338e-310 0 0
100 640 2.6475 4.9765 6.04147 0.1 0 0 7 7 -0 -0 0 0 4.66338e-310 1.58101e-322 0 0
100 649 2.6475 4.9765 6.04147 0.1 0 0 7 7 2.51941e-11 0.0266735 0 0 2.18871e-321 4.66338e-310 0 0
108.982 651.841 2.6475 4.9765 6.04147 0.1 0 0 7 15 -8.91163e-11 -1.61829e-11 0 0 0 7.90505e-322 0 0
118.326 653.042 2.6475 4.9765 6.04147 600 0 1944 7 13 1.26961e-10 2.28903e-11 0 0 0.986158 0.165806 0 0
127.502 655.178 2.6475 4.9765 6.04147 600 0 1944 7 13 -8.96153e-11 -1.77281e-11 0 0 0.984795 0.173722 0 0
136.861 656.253 2.6475 4.9765 6.04147 600 0 127 7 10 0.00292568 0.0012202 0 0 0.993714 0.111948 1 0
138.558 665.512 2.6475 4.9765 6.04147 600 0 1944 7 14 0.0014829 -0.00128398 0 0 0.977197 0.212334 0 0
147.394 668.745 2.6475 4.9765 6.04147 600 0 1944 7 14 -0.000540598 0.00064218 0 0 0.983057 0.183298 0 0
145.728 659.454 2.6475 4.9765 6.04147 600 0 1008 7 15 -0.00613645 -0.000440046 0 0 0.989739 0.142886 0 0
155.139 661.041 2.6475 4.9765 6.04147 600 0 1125 7 13 0.00721613 0.00110572 0 0 0.980309 0.197468 0 0
164.249 663.341 2.6475 4.9765 6.04147 600 0 1242 7 13 -0.00619328 -0.00155215 0 0 0.980813 0.19495 0 0
173.518 665.633 2.6475 4.9765 6.04147 600 0 1359 7 13 0.00629887 0.00152481 0 0 0.970627 0.24059 0 0
182.685 667.84 2.6475 4.9765 6.04147 600 0 1476 7 13 -0.0046176 -0.00111552 0 0 0.961203 0.275841 0 0
191.982 670 2.6475 4.9765 6.04147 600 0 1593 7 13 0.00441894 0.000982228 0 0 0.999941 0.0108303 0 0
201.213 672.06 2.6475 4.9765 6.04147 600 0 1710 7 13 -0.00355007 -0.000805292 0 0 0.977904 0.209057 0 0
210.544 674.05 2.6475 4.9765 6.04147 600 0 1827 7 13 0.00353322 0.00070157 0 0 0.964822 0.262905 0 0
219.818 675.928 2.6475 4.9765 6.04147 600 0 1944 7 13 -0.00409896 -0.000838583 0 0 0.992948 0.118553 0 0
229.192 677.719 2.6475 4.9765 6.04147 600 0 2061 7 13 0.00439549 0.000777201 0 0 0.998107 0.0615041 0 0
238.48 679.381 2.6475 4.9765 6.04147 600 0 2178 7 13 -0.00619347 -0.00109419 0 0 0.999988 0.00488855 0 0
247.902 680.945 2.6475 4.9765 6.04147 600 0 2295 7 13 0.00634574 0.000982182 0 0 0.962215 0.272293 0 0
257.197 682.363 2.6475 4.9765 6.04147 600 0 2412 7 13 -0.00728919 -0.00108418 0 0 0.987518 0.157509 0 0
266.642 683.673 2.6475 4.9765 6.04147 600 0 2412 9 13 0.00564474 0.000733568 0 0 0.987233 0.159282 0 0
275.987 684.842 2.6475 4.9765 6.04147 0.1 0 1843 8 10 -0.00243787 -0.000320019 0 0 0.993709 0.11199 0 0
99.8038 695.684 2.6475 4.9765 6.04147 600 0 774 7 14 6.245e-17 -2.37657e-16 0 0 0.980034 0.19883 0 0
104.612 703.785 2.6475 4.9765 6.04147 600 0 774 7 14 3.85109e-16 -1.19262e-16 0 0 0.983668 0.179994 0 0
95.1918 703.898 2.6475 4.9765 6.04147 0.1 0 0 7 15 -3.85109e-16 1.19262e-16 0 0 3.16202e-322 4.66441e-310 0 0
100 712 2.6475 4.9765 6.04147 0.1 0 0 7 7 -6.245e-17 -0.0266735 0 0 5.43231e-312 1.01007e-311 0 0
100 721 2.6475 4.9765 6.04147 0.1 0 0 7 7 -0 -0 0 0 7.95446e-322 4.66338e-310 0 0
100 730 2.6475 4.9765 6.04147 0.1 0 0 7 7 -0 -0 0 0 5.87793e-312 1.02705e-311 0 0
100 739 2.6475 4.9765 6.04147 0.1 0 0 7 7 -0 -0 0 0 2.21835e-321 4.66338e-310 0 0
100 748 2.6475 4.9765 6.04147 0.1 0 0 7 7 -0 -0 0 0 6.16068e-310 1.22439e-311 0 0
100 757 2.6475 4.9765 6.04147 0.1 0 0 7 7 -0 -0 0 0 1.58101e-322 4.66441e-310 0 0
100 766 2.6475 4.9765 6.04147 0.1 0 0 7 7 -0 -0 0 0 4.66338e-310 1.58101e-322 0 0
100 775 2.6475 4.9765 6.04147 0.1 0 0 7 7 -0 -0 0 0 6.16068e-310 1.18576e-321 0 0
100 784 2.6475 4.9765 6.04147 0.1 0 0 7 7 -0 -0 0 0 1.63042e-322 4.66338e-310 0 0
100 793 2.6475 4.9765 6.04147 0.1 0 0 7 7 -0 -0 0 0 1.34583e-320 3.16202e-322 0 0
100 802 2.6475 4.9765 6.04147 0.1 0 0 7 7 -0 0.0266735 0 0 9.0167e-321 4.66338e-310 0 0
