591.798 455.989 5.295 9.953 12.0829 0.1 0 75 3 1 -1.86792e-09 -1.34328e-09 0 0 6.16068e-310 0 0 0
597.212 416.765 5.295 9.953 12.0829 0.1 0 161 3 1 7.70539e-11 -2.33274e-09 0 0 6.95292e-310 4.66338e-310 0 0
596.555 436.66 5.295 9.953 12.0829 0.1 0 94 3 1 -3.95571e-11 -1.75105e-09 0 0 6.95292e-310 4.66338e-310 0 0
614.609 428.277 5.295 9.953 12.0829 0.1 0 90 3 1 5.63177e-10 -1.45099e-09 0 0 6.95292e-310 4.66338e-310 0 0
624.345 445.639 5.295 9.953 12.0829 0.1 0 67 3 1 4.08109e-10 -9.08716e-10 0 0 6.95292e-310 4.66338e-310 0 0
611.171 460.562 5.295 9.953 12.0829 0.1 0 52 3 1 -1.28737e-09 -1.50773e-09 0 0 1.58101e-322 4.66441e-310 0 0
639.122 432.302 5.295 9.953 12.0829 0.1 0 75 3 1 1.00583e-09 -9.07787e-10 0 0 6.95292e-310 4.66338e-310 0 0
643.081 452.361 5.295 9.953 12.0829 0.1 0 49 3 1 7.25182e-10 -5.26197e-10 0 0 4.00421e-311 1.26481e-321 0 0
661.112 428.823 5.295 9.953 12.0829 0.1 0 90 3 1 -4.11105e-10 -2.8822e-10 0 0 6.95292e-310 6.16069e-310 0 0
677.411 440.25 5.295 9.953 12.0829 0.1 0 77 3 1 1.31837e-09 -2.28581e-09 0 0 6.95292e-310 4.66338e-310 0 0
662.941 453.919 5.295 9.953 12.0829 0.1 0 51 3 1 4.95419e-10 -2.09123e-09 0 0 4.66338e-310 3.16202e-322 0 0
697.313 440.64 5.295 9.953 12.0829 0.1 0 110 3 1 1.78074e-09 3.49017e-11 0 0 6.95292e-310 4.66338e-310 0 0
685.204 458.968 5.295 9.953 12.0829 0.1 0 64 3 1 2.58016e-11 -2.66437e-11 0 0 7.95446e-322 4.66338e-310 0 0
587.933 475.515 5.295 9.953 12.0829 0.1 0 65 3 1 -3.26275e-09 -6.94581e-10 0 0 1.06076e-320 0 0 0
607.306 480.088 5.295 9.953 12.0829 0.1 0 44 3 1 -2.45747e-09 -9.97367e-10 0 0 1.22133e-320 3.16202e-322 0 0
651.664 470.321 5.295 9.953 12.0829 0.1 0 36 3 1 1.36638e-09 -3.97348e-10 0 0 6.95292e-310 4.66338e-310 0 0
629.643 467.981 5.295 9.953 12.0829 0.1 0 38 3 1 -1.46442e-10 -2.91676e-09 0 0 3.21143e-322 4.66338e-310 0 0
671.356 473.268 5.295 9.953 12.0829 0.1 0 41 3 1 -2.58016e-11 2.66437e-11 0 0 4.66338e-310 3.16202e-322 0 0
704.067 465.382 5.295 9.953 12.0829 0.1 0 82 3 1 9.31511e-10 -2.04701e-09 0 0 6.95292e-310 6.16069e-310 0 0
695.822 483.5 5.295 9.953 12.0829 0.1 0 65 3 1 2.12766e-09 -8.70237e-10 0 0 4.66338e-310 3.16202e-322 0 0
583.536 494.929 5.295 9.953 12.0829 0.1 0 66 3 2 -1.65443e-09 5.93505e-10 0 0 1.58101e-322 4.66441e-310 0 0
602.391 501.31 5.295 9.953 12.0829 0.1 0 43 3 1 -1.96928e-09 4.28357e-09 0 0 6.95292e-310 4.66338e-310 0 0
621.08 494.458 5.295 9.953 12.0829 0.1 0 34 3 1 -2.31151e-09 3.07035e-10 0 0 4.66338e-310 4.74303e-322 0 0
638.905 485.6 5.295 9.953 12.0829 0.1 0 32 3 1 -1.37349e-09 -1.39007e-09 0 0 6.95292e-310 4.66338e-310 0 0
645.306 504.557 5.295 9.953 12.0829 0.1 1 648 0 0 5.53843e-10 -1.40305e-09 0 0 6.37345e-322 4.66338e-310 0 0
658.516 489.011 5.295 9.953 12.0829 0.1 1 941 0 0 -2.17416e-10 5.46788e-10 0 0 6.95292e-310 4.66338e-310 0 0
664.932 507.881 5.295 9.953 12.0829 0.1 1 1140 0 0 6.29701e-10 -1.18875e-09 0 0 6.16068e-310 3.79442e-321 0 0
678.101 492.564 5.295 9.953 12.0829 0.1 0 43 3 1 1.42204e-09 -1.06423e-10 0 0 6.95292e-310 4.66338e-310 0 0
715.727 483.301 5.295 9.953 12.0829 0.1 0 91 3 1 2.75952e-09 -7.26397e-10 0 0 6.95292e-310 4.66338e-310 0 0
713.955 503.128 5.295 9.953 12.0829 0.1 0 98 3 1 3.10168e-09 -3.72838e-10 0 0 6.95292e-310 6.16069e-310 0 0
720.416 521.956 5.295 9.953 12.0829 0.1 0 105 3 1 7.51428e-10 8.18018e-10 0 0 6.16068e-310 0 0 0
550.273 516.801 5.295 9.953 12.0829 0.1 0 157 3 1 -2.80227e-09 1.80936e-09 0 0 6.95292e-310 4.66338e-310 0 0
566.996 506.003 5.295 9.953 12.0829 0.1 0 91 3 1 -3.1089e-09 4.46352e-11 0 0 6.95292e-310 4.66338e-310 0 0
581.36 519.784 5.295 9.953 12.0829 0.1 0 79 3 1 -2.63353e-09 2.89473e-10 0 0 6.95292e-310 4.66338e-310 0 0
601.031 522.826 5.295 9.953 12.0829 0.1 0 51 3 1 -2.37454e-09 3.58402e-09 0 0 6.95292e-310 4.66338e-310 0 0
583.94 539.522 5.295 9.953 12.0829 0.1 0 73 3 1 -4.53812e-10 2.3245e-10 0 0 9.34278e-321 4.66338e-310 0 0
618.996 514.254 5.295 9.953 12.0829 0.1 0 40 3 1 -2.22758e-09 1.549e-09 0 0 6.95292e-310 4.66338e-310 0 0
620.551 534.099 5.295 9.953 12.0829 0.1 0 46 3 1 9.30343e-10 1.88396e-09 0 0 4.66338e-310 3.30395e-311 0 0
637.038 522.664 5.295 9.953 12.0829 0.1 1 1393 0 0 1.7962e-10 -1.05143e-09 0 0 6.95292e-310 4.66338e-310 0 0
643.955 541.329 5.295 9.953 12.0829 0.1 0 42 3 1 5.6829e-10 -2.4557e-10 0 0 2.06025e-321 4.66338e-310 0 0
656.664 525.988 5.295 9.953 12.0829 0.1 0 37 3 1 9.32093e-10 -5.65906e-10 0 0 6.16068e-310 0 0 0
694.091 504.418 5.295 9.953 12.0829 0.1 0 54 3 1 2.44389e-09 5.20635e-10 0 0 6.95292e-310 4.66338e-310 0 0
680.643 520.736 5.295 9.953 12.0829 0.1 0 52 3 1 -0 -0 0 0 6.95292e-310 4.66338e-310 0 0
700.552 523.245 5.295 9.953 12.0829 0.1 0 68 3 1 5.75641e-10 2.13765e-09 0 0 9.40207e-321 4.66338e-310 0 0
603.32 544.066 5.295 9.953 12.0829 0.1 0 64 3 1 -2.49366e-10 5.50287e-10 0 0 6.95292e-310 4.66338e-310 0 0
591.335 561.678 5.295 9.953 12.0829 0.1 0 91 3 1 -9.27627e-10 1.47897e-10 0 0 6.95292e-310 4.66338e-310 0 0
572.342 555.719 5.295 9.953 12.0829 0.1 0 121 3 1 -1.21677e-09 -3.81789e-10 0 0 0 0 0 0
611.123 563.837 5.295 9.953 12.0829 0.1 0 76 3 1 -4.28636e-10 7.83564e-10 0 0 6.95292e-310 4.66338e-310 0 0
608.825 583.609 5.295 9.953 12.0829 0.1 0 122 3 1 -1.45387e-10 1.25104e-09 0 0 0 0 0 0
627.718 552.844 5.295 9.953 12.0829 0.1 0 56 3 1 -2.06958e-11 1.41865e-10 0 0 6.95292e-310 4.66338e-310 0 0
671.989 538.691 5.295 9.953 12.0829 0.1 0 48 3 1 8.55438e-10 7.25274e-10 0 0 6.95292e-310 4.66338e-310 0 0
659.29 554.02 5.295 9.953 12.0829 0.1 0 57 3 1 8.53831e-10 7.89601e-10 0 0 6.95292e-310 4.66338e-310 0 0
656.002 576.79 5.295 9.953 12.0829 0.1 0 89 3 1 -0 -0 0 0 6.95292e-310 4.66338e-310 0 0
692.635 580.356 5.295 9.953 12.0829 0.1 0 126 3 1 1.3157e-10 -4.20953e-11 0 0 6.95292e-310 4.66338e-310 0 0
673.676 586.422 5.295 9.953 12.0829 0.1 0 110 3 1 6.19068e-10 1.95199e-09 0 0 6.95292e-310 4.66338e-310 0 0
663.93 603.778 5.295 9.953 12.0829 0.1 0 171 3 1 -9.46754e-10 1.68605e-09 0 0 0 0 0 0
705.381 542.556 5.295 9.953 12.0829 0.1 0 90 3 1 3.20611e-09 2.2164e-09 0 0 6.95292e-310 4.66338e-310 0 0
687.459 551.217 5.295 9.953 12.0829 0.1 0 74 3 1 1.75494e-09 6.4492e-10 0 0 6.95292e-310 4.66338e-310 0 0
674.76 566.546 5.295 9.953 12.0829 0.1 0 78 3 1 1.46611e-09 1.26748e-09 0 0 0 0 0 0
80 235 2.6475 4.9765 6.04147 0.1 0 0 7 7 -0 -0.0266735 0 0 0 0 0 0
80 244 2.6475 4.9765 6.04147 0.1 0 0 7 7 -0 -0 0 0 4.03179e-313 6.36599e-313 0 0
80 253 2.6475 4.9765 6.04147 0.1 0 0 7 7 -0 -0 0 0 4.66338e-310 3.16202e-322 0 0
80 262 2.6475 4.9765 6.04147 0.1 0 0 7 7 -0 -0 0 0 1.58101e-322 4.66441e-310 0 0
80 271 2.6475 4.9765 6.04147 0.1 0 0 7 7 -0 -0 0 0 0 3.16202e-322 0 0
80 280 2.6475 4.9765 6.04147 0.1 0 0 7 7 -0 -0 0 0 1.26975e-321 4.66338e-310 0 0
80 289 2.6475 4.9765 6.04147 0.1 0 0 7 7 -0 -0 0 0 4.66338e-310 7.38455e-312 0 0
80 298 2.6475 4.9765 6.04147 0.1 0 0 7 7 -0 -0 0 0 3.16202e-322 4.66441e-310 0 0
80 307 2.6475 4.9765 6.04147 0.1 0 0 7 7 -0 -0 0 0 4.66338e-310 1.10671e-321 0 0
80 316 2.6475 4.9765 6.04147 0.1 0 0 7 7 -0 -0 0 0 4.66338e-310 1.58101e-322 0 0
80 325 2.6475 4.9765 6.04147 0.1 0 0 7 7 -0 -0 0 0 1.58101e-322 4.66441e-310 0 0
80 334 2.6475 4.9765 6.04147 0.1 0 0 7 7 -0 -0 0 0 4.66338e-310 3.16202e-322 0 0
80 343 2.6475 4.9765 6.04147 0.1 0 0 7 7 -0 -0 0 0 1.58101e-322 4.66441e-310 0 0
80 352 2.6475 4.9765 6.04147 0.1 0 0 7 7 -0 -0 0 0 4.66338e-310 4.64717e-312 0 0
80 361 2.6475 4.9765 6.04147 0.1 0 0 7 7 -0 -0 0 0 3.16202e-322 4.66441e-310 0 0
80 370 2.6475 4.9765 6.04147 0.1 0 0 7 7 -0 -0 0 0 4.66338e-310 6.32404e-322 0 0
80 379 2.6475 4.9765 6.04147 0.1 0 0 7 7 -0 -0 0 0 1.58101e-322 1.13852e-313 0 0
80 388 2.6475 4.9765 6.04147 0.1 0 0 7 7 -0 -0 0 0 4.66338e-310 0 0 0
80 397 2.6475 4.9765 6.04147 0.1 0 0 7 7 -0 -0 0 0 3.16202e-322 4.66338e-310 0 0
80 406 2.6475 4.9765 6.04147 0.1 0 0 7 7 -0 -0 0 0 0 4.66338e-310 0 0
80 415 2.6475 4.9765 6.04147 0.1 0 0 7 7 -0 -0 0 0 1.35127e-320 0 0 0
80 424 2.6475 4.9765 6.04147 0.1 0 0 7 7 -0 -0 0 0 6.16068e-310 5.77607e-311 0 0
80 433 2.6475 4.9765 6.04147 0.1 0 0 7 7 -0 -0 0 0 3.16202e-322 4.66441e-310 0 0
80 442 2.6475 4.9765 6.04147 0.1 0 0 7 7 -0 -0 0 0 0 3.16202e-322 0 0
80 451 2.6475 4.9765 6.04147 0.1 0 0 7 7 -0 -0 0 0 0 4.66338e-310 0 0
80 460 2.6475 4.9765 6.04147 0.1 0 0 7 7 -0 -0 0 0 -nan 1.26481e-321 0 0
80 469 2.6475 4.9765 6.04147 0.1 0 0 7 7 -0 -0 0 0 6.16068e-310 0 0 0
80 478 2.6475 4.9765 6.04147 0.1 0 0 7 7 -0 -0 0 0 1.58101e-322 4.66441e-310 0 0
80 487 2.6475 4.9765 6.04147 0.1 0 0 7 7 -0 -0 0 0 4.66338e-310 3.16202e-322 0 0
80 496 2.6475 4.9765 6.04147 0.1 0 0 7 7 -0 -0 0 0 3.21143e-322 4.66338e-310 0 0
80 505 2.6475 4.9765 6.04147 0.1 0 0 7 7 -0 -0 0 0 4.66338e-310 1.58101e-322 0 0
80 514 2.6475 4.9765 6.04147 0.1 0 0 7 7 -0 -0 0 0 1.58101e-322 4.66441e-310 0 0
80 523 2.6475 4.9765 6.04147 0.1 0 0 7 7 -0 -0 0 0 4.66338e-310 0 0 0
80 532 2.6475 4.9765 6.04147 0.1 0 0 7 7 -0 -0 0 0 1.58101e-322 4.66441e-310 0 0
80 541 2.6475 4.9765 6.04147 0.1 0 0 7 7 -0 -0 0 0 4.66338e-310 7.27265e-321 0 0
80 550 2.6475 4.9765 6.04147 0.1 0 0 7 7 -0 -0 0 0 0 4.6633e-310 0 0
80 559 2.6475 4.9765 6.04147 0.1 0 0 7 7 -0 -0 0 0 4.66338e-310 4.66338e-310 0 0
80 568 2.6475 4.9765 6.04147 0.1 0 0 7 7 -0 -0 0 0 4.66338e-310 4.66338e-310 0 0
80 577 2.6475 4.9765 6.04147 0.1 0 0 7 7 -0 -0 0 0 4.66338e-310 4.66338e-310 0 0
80 586 2.6475 4.9765 6.04147 0.1 0 0 7 7 -0 -0 0 0 4.66338e-310 4.66338e-310 0 0
80 595 2.6475 4.9765 6.04147 0.1 0 0 7 7 -0 -0 0 0 4.66338e-310 4.66338e-310 0 0
80 604 2.6475 4.9765 6.04147 0.1 0 0 7 7 -0 -0 0 0 4.66338e-310 4.66338e-310 0 0
80 613 2.6475 4.9765 6.04147 0.1 0 0 7 7 -0 -0 0 0 0 0 0 0
80 622 2.6475 4.9765 6.04147 0.1 0 0 7 7 -0 -0 0 0 4.66338e-310 4.66338e-310 0 0
80 631 2.6475 4.9765 6.04147 0.1 0 0 7 7 -0 -0 0 0 6.16068e-310 0 0 0
80 640 2.6475 4.9765 6.04147 0.1 0 0 7 7 -0 -0 0 0 3.16202e-322 4.66441e-310 0 0
80 649 2.6475 4.9765 6.04147 0.1 0 0 7 7 -0 -0 0 0 4.66338e-310 0 0 0
80 658 2.6475 4.9765 6.04147 0.1 0 0 7 7 -0 -0 0 0 6.39321e-321 4.66338e-310 0 0
80 667 2.6475 4.9765 6.04147 0.1 0 0 7 7 -0 -0 0 0 2.75647e-311 4.11063e-321 0 0
80 676 2.6475 4.9765 6.04147 0.1 0 0 7 7 -0 -0 0 0 1.63042e-322 4.66338e-310 0 0
80 685 2.6475 4.9765 6.04147 0.1 0 0 7 7 -0 -0 0 0 4.66338e-310 4.91666e-311 0 0
80 694 2.6475 4.9765 6.04147 0.1 0 0 7 7 -0 -0 0 0 6.46238e-321 4.66338e-310 0 0
80 703 2.6475 4.9765 6.04147 0.1 0 0 7 7 -0 -0 0 0 4.66338e-310 1.58101e-322 0 0
80 712 2.6475 4.9765 6.04147 0.1 0 0 7 7 -0 -0 0 0 6.5019e-321 4.66338e-310 0 0
80 721 2.6475 4.9765 6.04147 0.1 0 0 7 7 -0 -0 0 0 9.31556e-312 1.99468e-311 0 0
80 730 2.6475 4.9765 6.04147 0.1 0 0 7 7 -0 -0 0 0 3.16202e-322 4.66441e-310 0 0
80 739 2.6475 4.9765 6.04147 0.1 0 0 7 7 -0 -0 0 0 6.09013e-312 2.22597e-311 0 0
80 748 2.6475 4.9765 6.04147 0.1 0 0 7 7 -0 -0 0 0 3.16202e-322 4.66441e-310 0 0
80 757 2.6475 4.9765 6.04147 0.1 0 0 7 7 -0 -0 0 0 4.66338e-310 1.58101e-322 0 0
80 766 2.6475 4.9765 6.04147 0.1 0 0 7 7 -0 -0 0 0 0 4.66338e-310 0 0
80 775 2.6475 4.9765 6.04147 0.1 0 0 7 7 -0 0.0266735 0 0 6.16068e-310 0 0 0
100 208 2.6475 4.9765 6.04147 0.1 0 0 7 7 -0 -0.0266735 0 0 3.02368e-321 4.66338e-310 0 0
100 217 2.6475 4.9765 6.04147 0.1 0 0 7 7 -0 -0 0 0 6.16068e-310 0 0 0
100 226 2.6475 4.9765 6.04147 0.1 0 0 7 7 -0 -0 0 0 8.8586e-321 4.66338e-310 0 0
100 235 2.6475 4.9765 6.04147 0.1 0 0 7 7 -0 -0 0 0 4.66338e-310 3.69439e-311 0 0
100 244 2.6475 4.9765 6.04147 0.1 0 0 7 7 -0 -0 0 0 3.21143e-322 4.66338e-310 0 0
100 253 2.6475 4.9765 6.04147 0.1 0 0 7 7 -0 -0 0 0 4.66338e-310 2.68772e-321 0 0
100 262 2.6475 4.9765 6.04147 0.1 0 0 7 7 -0 -0 0 0 7.95446e-322 4.66338e-310 0 0
100 271 2.6475 4.9765 6.04147 0.1 0 0 7 7 -0 -0 0 0 1.10768e-311 1.35596e-311 0 0
100 280 2.6475 4.9765 6.04147 0.1 0 0 7 7 -0 -0 0 0 1.58101e-322 4.66441e-310 0 0
100 289 2.6475 4.9765 6.04147 0.1 0 0 7 7 -0 -0 0 0 4.66338e-310 1.58101e-322 0 0
100 298 2.6475 4.9765 6.04147 0.1 0 0 7 7 0.000221009 0.0267501 0 0 1.58101e-322 4.66441e-310 0 0
109.123 301.162 2.6475 4.9765 6.04147 0.1 0 0 7 15 0.00592622 0.00203841 0 0 6.16068e-310 7.90505e-321 0 0
118.022 304.223 2.6475 4.9765 6.04147 600 0 795 7 13 0.000661396 0.000221048 0 0 0.981458 -0.191675 0 0
126.896 307.268 2.6475 4.9765 6.04147 600 0 912 7 13 -0.00614845 -0.0021208 0 0 0.981477 -0.191578 0 0
136.269 310.335 2.6475 4.9765 6.04147 600 0 1029 7 13 0.00480706 0.00176287 0 0 0.964335 -0.264684 0 0
145.034 313.489 2.6475 4.9765 6.04147 600 0 1146 7 13 -0.00204433 -0.00120187 0 0 0.936447 -0.350808 0 0
154.326 315.656 2.6475 4.9765 6.04147 600 0 1263 7 13 -0.00160527 0.000527579 0 0 0.960112 -0.279615 0 0
162.03 321.107 2.6475 4.9765 6.04147 600 0 1380 7 13 -0.0015098 -0.00144904 0 0 0.933982 -0.35732 0 0
170.641 317.168 2.6475 4.9765 6.04147 600 0 1497 7 13 0.000758887 0.00083215 0 0 0.946231 -0.323491 0 0
178.557 322.251 2.6475 4.9765 6.04147 600 0 1497 9 13 -7.43171e-05 -8.00826e-05 0 0 0.999019 0.044289 0 0
186.649 327.191 2.6475 4.9765 6.04147 0.1 0 822 8 10 0.000787755 0.00018721 0 0 0.989946 -0.141448 0 0
179.513 333.376 2.6475 4.9765 6.04147 600 0 1497 9 14 0.000407508 -0.000495401 0 0 0.999019 0.044289 0 0
171.377 338.182 2.6475 4.9765 6.04147 600 0 1497 7 14 -0.000240978 -0.000799275 0 0 0.999952 0.00982906 0 0
163.529 332.982 2.6475 4.9765 6.04147 600 0 1380 7 14 -0.000482111 0.000945502 0 0 0.990238 0.139384 0 0
154.562 336.182 2.6475 4.9765 6.04147 600 0 1263 7 14 -0.00272011 0.000267528 0 0 0.996843 0.0793945 0 0
145.297 337.874 2.6475 4.9765 6.04147 600 0 1146 7 14 0.000284307 0.000222012 0 0 0.998005 0.0631371 0 0
136.057 340.227 2.6475 4.9765 6.04147 600 0 1029 7 14 -0.000144332 0.000175675 0 0 0.999645 0.0266409 0 0
126.933 342.888 2.6475 4.9765 6.04147 600 0 912 7 14 0.000414497 -1.32776e-05 0 0 0.993382 -0.11486 0 0
117.956 345.788 2.6475 4.9765 6.04147 600 0 795 7 14 0.00244794 -0.000773626 0 0 0.99597 -0.0896829 0 0
108.908 348.886 2.6475 4.9765 6.04147 0.1 0 0 7 15 -0.000628619 0.000226299 0 0 3.00886e-321 4.66338e-310 0 0
100 352 2.6475 4.9765 6.04147 0.1 0 0 7 7 0.00157317 -0.0272235 0 0 4.2546e-311 1.24702e-320 0 0
100 361 2.6475 4.9765 6.04147 0.1 0 0 7 7 -0 -0 0 0 1.63042e-322 4.66338e-310 0 0
100 370 2.6475 4.9765 6.04147 0.1 0 0 7 7 -0 -0 0 0 4.66338e-310 1.58101e-322 0 0
100 379 2.6475 4.9765 6.04147 0.1 0 0 7 7 -0 -0 0 0 7.96434e-321 0 0 0
100 388 2.6475 4.9765 6.04147 0.1 0 0 7 7 -0 -0 0 0 4.66338e-310 1.89706e-311 0 0
100 397 2.6475 4.9765 6.04147 0.1 0 0 7 7 -0 -0 0 0 3.16202e-322 4.66441e-310 0 0
100 406 2.6475 4.9765 6.04147 0.1 0 0 7 7 -0 -0 0 0 0 4.66338e-310 0 0
100 415 2.6475 4.9765 6.04147 0.1 0 0 7 7 -0 -0 0 0 3.97025e-311 0 0 0
100 424 2.6475 4.9765 6.04147 0.1 0 0 7 7 -0 -0 0 0 4.66338e-310 0 0 0
100 433 2.6475 4.9765 6.04147 0.1 0 0 7 7 -0 -0 0 0 3.16202e-322 4.66441e-310 0 0
100 442 2.6475 4.9765 6.04147 0.1 0 0 7 7 -0 -0 0 0 4.66338e-310 1.58101e-322 0 0
100 451 2.6475 4.9765 6.04147 0.1 0 0 7 7 -0 -0 0 0 1.58101e-322 4.66441e-310 0 0
100 460 2.6475 4.9765 6.04147 0.1 0 0 7 7 -0 -0 0 0 4.66338e-310 4.80632e-311 0 0
100 469 2.6475 4.9765 6.04147 0.1 0 0 7 7 -0 -0 0 0 3.21143e-322 4.66338e-310 0 0
100 478 2.6475 4.9765 6.04147 0.1 0 0 7 7 -0 -0 0 0 1.58101e-322 4.66441e-310 0 0
100 487 2.6475 4.9765 6.04147 0.1 0 0 7 7 -0 -0 0 0 1.16402e-320 2.41895e-320 0 0
100 496 2.6475 4.9765 6.04147 0.1 0 0 7 7 -0 -0 0 0 9.4641e-312 4.19731e-311 0 0
100 505 2.6475 4.9765 6.04147 0.1 0 0 7 7 -0 -0 0 0 3.16202e-322 4.66441e-310 0 0
100 514 2.6475 4.9765 6.04147 0.1 0 0 7 7 -0 -0 0 0 1.58101e-322 4.66441e-310 0 0
100 523 2.6475 4.9765 6.04147 0.1 0 0 7 7 -0 -0 0 0 1.16896e-320 2.76677e-320 0 0
100 532 2.6475 4.9765 6.04147 0.1 0 0 7 7 -0 -0 0 0 3.81959e-312 3.22543e-311 0 0
100 541 2.6475 4.9765 6.04147 0.1 0 0 7 7 -0 -0 0 0 6.32898e-321 4.66338e-310 0 0
100 550 2.6475 4.9765 6.04147 0.1 0 0 7 7 -0 -0 0 0 1.58101e-322 4.66441e-310 0 0
100 559 2.6475 4.9765 6.04147 0.1 0 0 7 7 -0 -0 0 0 1.17094e-320 3.11459e-320 0 0
100 568 2.6475 4.9765 6.04147 0.1 0 0 7 7 -0 -0 0 0 4.66338e-310 5.03125e-311 0 0
100 577 2.6475 4.9765 6.04147 0.1 0 0 7 7 -0 -0 0 0 3.21143e-322 4.66338e-310 0 0
100 586 2.6475 4.9765 6.04147 0.1 0 0 7 7 -0 -0 0 0 1.58101e-322 3.16202e-322 0 0
100 595 2.6475 4.9765 6.04147 0.1 0 0 7 7 -0 -0 0 0 5.32833e-311 3.46241e-320 0 0
100 604 2.6475 4.9765 6.04147 0.1 0 0 7 7 -0 -0 0 0 9.27312e-312 2.30237e-311 0 0
100 613 2.6475 4.9765 6.04147 0.1 0 0 7 7 -0 -0 0 0 1.63042e-322 4.66338e-310 0 0
100 622 2.6475 4.9765 6.04147 0.1 0 0 7 7 -0 -0 0 0 4.66338e-310 3.16202e-322 0 0
100 631 2.6475 4.9765 6.04147 0.1 0 0 7 7 -0 -0 0 0 4.79244e-322 4.66338e-310 0 0
100 640 2.6475 4.9765 6.04147 0.1 0 0 7 7 -0 -0 0 0 4.66338e-310 1.58101e-322 0 0
100 649 2.6475 4.9765 6.04147 0.1 0 0 7 7 -0 -0 0 0 2.18871e-321 4.66338e-310 0 0
100 658 2.6475 4.9765 6.04147 0.1 0 0 7 7 0.00227223 0.02723 0 0 0 7.90505e-322 0 0
109.173 660.246 2.6475 4.9765 6.04147 0.1 0 0 7 15 -0.000924959 -0.000227575 0 0 1.58101e-322 4.66441e-310 0 0
118.517 662.527 2.6475 4.9765 6.04147 600 0 774 7 13 0.00341712 0.000817908 0 0 0.992418 0.122905 0 0
127.665 664.728 2.6475 4.9765 6.04147 600 0 891 7 13 -0.000468208 -0.000127713 0 0 0.987695 0.156389 0 0
136.798 666.895 2.6475 4.9765 6.04147 600 0 1008 7 13 -0.00453 -0.00107217 0 0 0.989739 0.142886 0 0
146.406 669.078 2.6475 4.9765 6.04147 600 0 1125 7 13 0.00710803 0.00159309 0 0 0.980309 0.197468 0 0
155.501 671.109 2.6475 4.9765 6.04147 600 0 1242 7 13 -0.00135023 -0.00048571 0 0 0.980813 0.19495 0 0
164.974 672.929 2.6475 4.9765 6.04147 600 0 1359 7 13 0.000358176 0.000177154 0 0 0.970627 0.24059 0 0
174.468 674.888 2.6475 4.9765 6.04147 600 0 1476 7 13 0.00317195 -8.86826e-06 0 0 0.961203 0.275841 0 0
183.902 676.184 2.6475 4.9765 6.04147 600 0 1476 9 13 -0.00372014 -0.000347667 0 0 0.999959 0.00907982 0 0
194.151 677.855 2.6475 4.9765 6.04147 0.1 0 843 8 10 -0.00533398 -0.00087491 0 0 0.980139 0.198312 0 0
99.8038 695.684 2.6475 4.9765 6.04147 600 0 774 7 14 -5.37764e-17 -3.1225e-17 0 0 0.980034 0.19883 0 0
104.612 703.785 2.6475 4.9765 6.04147 600 0 774 7 14 -3.00107e-16 9.40274e-17 0 0 0.983668 0.179994 0 0
95.1918 703.898 2.6475 4.9765 6.04147 0.1 0 0 7 15 3.00107e-16 -9.40274e-17 0 0 3.16202e-322 4.66441e-310 0 0
100 712 2.6475 4.9765 6.04147 0.1 0 0 7 7 5.37764e-17 -0.0266735 0 0 5.43231e-312 1.01007e-311 0 0
100 721 2.6475 4.9765 6.04147 0.1 0 0 7 7 -0 -0 0 0 7.95446e-322 4.66338e-310 0 0
100 730 2.6475 4.9765 6.04147 0.1 0 0 7 7 -0 -0 0 0 5.87793e-312 1.02705e-311 0 0
100 739 2.6475 4.9765 6.04147 0.1 0 0 7 7 -0 -0 0 0 2.21835e-321 4.66338e-310 0 0
100 748 2.6475 4.9765 6.04147 0.1 0 0 7 7 -0 -0 0 0 6.16068e-310 1.22439e-311 0 0
100 757 2.6475 4.9765 6.04147 0.1 0 0 7 7 -0 -0 0 0 1.58101e-322 4.66441e-310 0 0
100 766 2.6475 4.9765 6.04147 0.1 0 0 7 7 -0 -0 0 0 4.66338e-310 1.58101e-322 0 0
100 775 2.6475 4.9765 6.04147 0.1 0 0 7 7 -0 -0 0 0 6.16068e-310 1.18576e-321 0 0
100 784 2.6475 4.9765 6.04147 0.1 0 0 7 7 -0 -0 0 0 1.63042e-322 4.66338e-310 0 0
100 793 2.6475 4.9765 6.04147 0.1 0 0 7 7 -0 -0 0 0 1.34583e-320 3.16202e-322 0 0
100 802 2.6475 4.9765 6.04147 0.1 0 0 7 7 -0 0.0266735 0 0 9.0167e-321 4.66338e-310 0 0
