0 0 30 0 0.05
1 0 12 12 0 128 0 0
2 0 12 11 0 128 0 0
3 0 12 11 0 128 0 0
4 0 12 9 0 128 0 0
5 0 12 6 0 128 0 0
6 0 12 5 0 128 0 0
7 0 11 4 0 128 0 0
8 0 11 3 0 128 0 0
9 0 11 2 0 128 0 0
10 0 13 1 0 128 0 0
11 0 15 1 0 128 0 0
12 0 14 2 0 128 0 0
13 0 18 2 0 128 0 0
14 0 23 3 0 128 0 0
15 0 25 3 0 128 0 0
16 0 28 3 0 128 0 0
17 0 29 4 0 128 0 0
18 0 30 5 0 128 0 0
19 0 32 5 0 128 0 0
20 0 32 5 0 128 0 0
21 0 30 6 0 128 0 0
22 0 30 6 0 128 0 0
23 0 30 5 0 128 0 0
24 0 30 5 0 128 0 0
25 0 32 4 0 128 0 0
26 0 32 3 0 128 0 0
27 0 32 2 0 128 0 0
28 0 32 2 0 128 0 0
29 0 32 2 0 128 0 0
30 0 34 0 0 128 0 0
31 0 33 1 0 128 0 0
32 0 32 2 2 128 0 0
33 0 30 3 3 128 0 0
34 0 31 3 4 128 0 0
35 0 32 3 5 128 0 0
36 0 32 3 7 128 0 0
37 0 30 4 8 128 0 0
38 0 29 4 9 128 0 0
39 0 33 4 9 128 0 0
40 0 32 3 10 128 0 0
41 0 31 2 11 128 0 0
42 0 29 2 12 128 0 0
43 0 27 2 14 128 0 0
44 0 26 2 15 128 0 0
45 0 25 3 15 128 0 0
46 0 23 3 16 128 0 0
47 0 23 3 16 128 0 0
48 0 21 4 17 128 0 0
49 0 22 4 18 128 0 0
50 0 24 4 18 128 0 0
51 0 24 3 20 128 0 0
52 0 22 3 22 128 0 0
53 0 22 3 22 128 0 0
54 0 19 4 23 128 0 0
55 0 20 4 23 128 0 0
56 0 19 4 24 128 0 0
57 0 17 4 25 128 0 0
58 0 16 4 25 128 0 0
59 0 16 4 25 128 0 0
60 0 17 5 25 128 0 0
61 0 17 5 25 128 0 0
62 0 17 5 25 128 0 0
63 0 19 3 25 128 0 0
64 0 19 2 27 128 0 0
65 0 17 2 29 128 0 0
66 0 19 1 30 128 0 0
67 0 18 1 31 128 0 0
68 0 17 1 32 128 0 0
69 0 17 0 32 128 0 0
70 0 17 0 32 128 0 0
71 0 17 0 32 128 0 0
72 0 21 0 32 128 0 0
73 0 22 0 33 128 0 0
74 0 20 1 34 128 0 0
75 0 18 1 36 128 0 0
76 0 17 1 37 128 0 0
77 0 16 1 38 128 0 0
78 0 17 1 39 128 0 0
79 0 15 2 40 128 0 0
80 0 15 2 40 128 0 0
81 0 15 2 40 128 0 0
82 0 14 2 41 128 0 0
83 0 14 1 41 128 0 0
84 0 14 1 41 128 0 0
85 0 14 1 41 128 0 0
86 0 14 1 41 128 0 0
87 0 13 1 42 128 0 0
88 0 13 0 42 128 0 0
89 0 13 0 42 128 0 0
90 0 10 0 45 128 0 0
91 0 7 0 48 128 0 0
92 0 9 0 48 128 0 0
93 0 9 0 48 128 0 0
94 0 8 0 49 128 0 0
95 0 8 0 49 128 0 0
96 0 8 0 49 128 0 0
97 0 10 0 49 128 0 0
98 0 9 0 50 128 0 0
99 0 9 0 50 128 0 0
100 0 9 0 50 128 0 0
101 0 9 0 50 128 0 0
102 0 9 0 50 128 0 0
103 0 9 0 50 128 0 0
104 0 9 0 50 128 0 0
105 0 8 0 51 128 0 0
106 0 8 0 51 128 0 0
107 0 8 0 51 128 0 0
108 0 8 0 51 128 0 0
109 0 8 0 51 128 0 0
110 0 6 0 53 128 0 0
111 0 6 0 53 128 0 0
112 0 6 0 53 128 0 0
113 0 6 0 53 128 0 0
114 0 6 0 53 128 0 0
115 0 6 0 53 128 0 0
116 0 6 0 53 128 0 0
117 0 6 0 53 128 0 0
118 0 6 0 53 128 0 0
119 0 6 0 53 128 0 0
120 0 6 0 53 128 0 0
121 0 5 0 54 128 0 0
122 0 4 0 55 128 0 0
123 0 4 0 55 128 0 0
124 0 4 0 55 128 0 0
125 0 4 0 55 128 0 0
126 0 3 0 56 128 0 0
127 0 3 0 56 128 0 0
128 0 3 0 56 128 0 0
129 0 3 0 56 128 0 0
130 0 3 0 56 128 0 0
131 0 3 0 56 128 0 0
132 0 3 0 56 128 0 0
133 0 3 0 56 128 0 0
134 0 3 0 56 128 0 0
135 0 3 0 56 128 0 0
136 0 3 0 56 128 0 0
137 0 3 0 56 128 0 0
138 0 3 0 56 128 0 0
139 0 3 0 56 128 0 0
140 0 3 0 56 128 0 0
141 0 3 0 56 128 0 0
142 0 3 0 56 128 0 0
143 0 3 0 56 128 0 0
144 0 3 0 56 128 0 0
145 0 3 0 56 128 0 0
146 0 3 0 56 128 0 0
147 0 3 0 56 128 0 0
148 0 3 0 56 128 0 0
149 0 3 0 56 128 0 0
150 0 3 0 56 128 0 0
151 0 3 0 56 128 0 0
152 0 3 0 56 128 0 0
153 0 3 0 56 128 0 0
154 0 3 0 56 128 0 0
155 0 3 0 56 128 0 0
156 0 3 0 56 128 0 0
157 0 2 0 57 128 0 0
158 0 2 0 57 128 0 0
159 0 2 0 57 128 0 0
160 0 2 0 57 128 0 0
161 0 1 0 58 128 0 0
162 0 1 0 58 128 0 0
163 0 1 0 58 128 0 0
164 0 1 0 58 128 0 0
165 0 1 0 58 128 0 0
166 0 1 0 58 128 0 0
167 0 1 0 58 128 0 0
168 0 1 0 58 128 0 0
169 0 1 0 58 128 0 0
170 0 1 0 58 128 0 0
171 0 0 0 59 128 0 0
172 0 0 0 59 128 0 0
173 0 0 0 59 128 0 0
174 0 0 0 59 128 0 0
175 0 0 0 59 128 0 0
176 0 0 0 59 128 0 0
177 0 0 0 59 128 0 0
178 0 0 0 59 128 0 0
179 0 0 0 59 128 0 0
180 0 0 0 59 128 0 0
181 0 0 0 59 128 0 0
182 0 0 0 59 128 0 0
183 0 0 0 59 128 0 0
184 0 0 0 59 128 0 0
185 0 0 0 59 128 0 0
186 0 0 0 59 128 0 0
187 0 0 0 59 128 0 0
188 0 0 0 59 128 0 0
189 0 0 0 59 128 0 0
190 0 0 0 59 128 0 0
191 0 0 0 59 128 0 0
192 0 0 0 59 128 0 0
193 0 0 0 59 128 0 0
194 0 0 0 59 128 0 0
195 0 0 0 59 128 0 0
196 0 0 0 59 128 0 0
197 0 0 0 59 128 0 0
198 0 0 0 59 128 0 0
199 0 0 0 59 128 0 0
200 0 0 0 59 128 0 0
201 0 0 0 59 128 0 0
202 0 0 0 59 128 0 0
203 0 0 0 59 128 0 0
204 0 0 0 59 128 0 0
205 0 0 0 59 128 0 0
206 0 0 0 59 128 0 0
207 0 0 0 59 128 0 0
208 0 0 0 59 128 0 0
209 0 0 0 59 128 0 0
210 0 0 0 59 128 0 0
211 0 0 0 59 128 0 0
212 0 0 0 59 128 0 0
213 0 0 0 59 128 0 0
214 0 0 0 59 128 0 0
215 0 0 0 59 128 0 0
216 0 0 0 59 128 0 0
217 0 0 0 59 128 0 0
218 0 0 0 59 128 0 0
219 0 0 0 59 128 0 0
220 0 0 0 59 128 0 0
221 0 0 0 59 128 0 0
222 0 0 0 59 128 0 0
223 0 0 0 59 128 0 0
224 0 0 0 59 128 0 0
225 0 0 0 59 128 0 0
226 0 0 0 59 128 0 0
227 0 0 0 59 128 0 0
228 0 0 0 59 128 0 0
229 0 0 0 59 128 0 0
230 0 0 0 59 128 0 0
231 0 0 0 59 128 0 0
232 0 0 0 59 128 0 0
233 0 0 0 59 128 0 0
234 0 0 0 59 128 0 0
235 0 0 0 59 128 0 0
236 0 0 0 59 128 0 0
237 0 0 0 59 128 0 0
238 0 0 0 59 128 0 0
239 0 0 0 59 128 0 0
240 0 0 0 59 128 0 0
241 0 0 0 59 128 0 0
242 0 0 0 59 128 0 0
243 0 0 0 59 128 0 0
244 0 0 0 59 128 0 0
245 0 0 0 59 128 0 0
246 0 0 0 59 128 0 0
247 0 0 0 59 128 0 0
248 0 0 0 59 128 0 0
249 0 0 0 59 128 0 0
250 0 0 0 59 128 0 0
251 0 0 0 59 128 0 0
252 0 0 0 59 128 0 0
253 0 0 0 59 128 0 0
254 0 0 0 59 128 0 0
255 0 0 0 59 128 0 0
256 0 0 0 59 128 0 0
257 0 0 0 59 128 0 0
258 0 0 0 59 128 0 0
259 0 0 0 59 128 0 0
260 0 0 0 59 128 0 0
261 0 0 0 59 128 0 0
262 0 0 0 59 128 0 0
263 0 0 0 59 128 0 0
264 0 0 0 59 128 0 0
265 0 0 0 59 128 0 0
266 0 0 0 59 128 0 0
267 0 0 0 59 128 0 0
268 0 0 0 59 128 0 0
269 0 0 0 59 128 0 0
270 0 0 0 59 128 0 0
271 0 0 0 59 128 0 0
272 0 0 0 59 128 0 0
273 0 0 0 59 128 0 0
274 0 0 0 59 128 0 0
275 0 0 0 59 128 0 0
276 0 0 0 59 128 0 0
277 0 0 0 59 128 0 0
278 0 0 0 59 128 0 0
279 0 0 0 59 128 0 0
280 0 0 0 59 128 0 0
281 0 0 0 59 128 0 0
282 0 0 0 59 128 0 0
283 0 0 0 59 128 0 0
284 0 0 0 59 128 0 0
285 0 0 0 59 128 0 0
286 0 0 0 59 128 0 0
287 0 0 0 59 128 0 0
288 0 0 0 59 128 0 0
289 0 0 0 59 128 0 0
290 0 0 0 59 128 0 0
291 0 0 0 59 128 0 0
292 0 0 0 59 128 0 0
293 0 0 0 59 128 0 0
294 0 0 0 59 128 0 0
295 0 0 0 59 128 0 0
296 0 0 0 59 128 0 0
297 0 0 0 59 128 0 0
298 0 0 0 59 128 0 0
299 0 0 0 59 128 0 0
300 0 0 0 59 128 0 0
301 0 0 0 59 128 0 0
302 0 0 0 59 128 0 0
303 0 0 0 59 128 0 0
304 0 0 0 59 128 0 0
305 0 0 0 59 128 0 0
306 0 0 0 59 128 0 0
307 0 0 0 59 128 0 0
308 0 0 0 59 128 0 0
309 0 0 0 59 128 0 0
310 0 0 0 59 128 0 0
311 0 0 0 59 128 0 0
312 0 0 0 59 128 0 0
313 0 0 0 59 128 0 0
314 0 0 0 59 128 0 0
315 0 0 0 59 128 0 0
316 0 0 0 59 128 0 0
317 0 0 0 59 128 0 0
318 0 0 0 59 128 0 0
319 0 0 0 59 128 0 0
320 0 0 0 59 128 0 0
321 0 0 0 59 128 0 0
322 0 0 0 59 128 0 0
323 0 0 0 59 128 0 0
324 0 0 0 59 128 0 0
325 0 0 0 59 128 0 0
326 0 0 0 59 128 0 0
327 0 0 0 59 128 0 0
328 0 0 0 59 128 0 0
329 0 0 0 59 128 0 0
330 0 0 0 59 128 0 0
331 0 0 0 59 128 0 0
332 0 0 0 59 128 0 0
333 0 0 0 59 128 0 0
334 0 0 0 59 128 0 0
335 0 0 0 59 128 0 0
336 0 0 0 59 128 0 0
337 0 0 0 59 128 0 0
338 0 0 0 59 128 0 0
339 0 0 0 59 128 0 0
340 0 0 0 59 128 0 0
341 0 0 0 59 128 0 0
342 0 0 0 59 128 0 0
343 0 0 0 59 128 0 0
344 0 0 0 59 128 0 0
345 0 0 0 59 128 0 0
346 0 0 0 59 128 0 0
347 0 0 0 59 128 0 0
348 0 0 0 59 128 0 0
349 0 0 0 59 128 0 0
350 0 0 0 59 128 0 0
351 0 0 0 59 128 0 0
352 0 0 0 59 128 0 0
353 0 0 0 59 128 0 0
354 0 0 0 59 128 0 0
355 0 0 0 59 128 0 0
356 0 0 0 59 128 0 0
357 0 0 0 59 128 0 0
358 0 0 0 59 128 0 0
359 0 0 0 59 128 0 0
360 0 0 0 59 128 0 0
361 0 0 0 59 128 0 0
362 0 0 0 59 128 0 0
363 0 0 0 59 128 0 0
364 0 0 0 59 128 0 0
365 0 0 0 59 128 0 0
366 0 0 0 59 128 0 0
367 0 0 0 59 128 0 0
368 0 0 0 59 128 0 0
369 0 0 0 59 128 0 0
370 0 0 0 59 128 0 0
371 0 0 0 59 128 0 0
372 0 0 0 59 128 0 0
373 0 0 0 59 128 0 0
374 0 0 0 59 128 0 0
375 0 0 0 59 128 0 0
376 0 0 0 59 128 0 0
377 0 0 0 59 128 0 0
378 0 0 0 59 128 0 0
379 0 0 0 59 128 0 0
380 0 0 0 59 128 0 0
381 0 0 0 59 128 0 0
382 0 0 0 59 128 0 0
383 0 0 0 59 128 0 0
384 0 0 0 59 128 0 0
385 0 0 0 59 128 0 0
386 0 0 0 59 128 0 0
387 0 0 0 59 128 0 0
388 0 0 0 59 128 0 0
389 0 0 0 59 128 0 0
390 0 0 0 59 128 0 0
391 0 0 0 59 128 0 0
392 0 0 0 59 128 0 0
393 0 0 0 59 128 0 0
394 0 0 0 59 128 0 0
395 0 0 0 59 128 0 0
396 0 0 0 59 128 0 0
397 0 0 0 59 128 0 0
398 0 0 0 59 128 0 0
399 0 0 0 59 128 0 0
400 0 0 0 59 128 0 0
401 0 0 0 59 128 0 0
402 0 0 0 59 128 0 0
403 0 0 0 59 128 0 0
404 0 0 0 59 128 0 0
405 0 0 0 59 128 0 0
406 0 0 0 59 128 0 0
407 0 0 0 59 128 0 0
408 0 0 0 59 128 0 0
409 0 0 0 59 128 0 0
410 0 0 0 59 128 0 0
411 0 0 0 59 128 0 0
412 0 0 0 59 128 0 0
413 0 0 0 59 128 0 0
414 0 0 0 59 128 0 0
415 0 0 0 59 128 0 0
416 0 0 0 59 128 0 0
417 0 0 0 59 128 0 0
418 0 0 0 59 128 0 0
419 0 0 0 59 128 0 0
420 0 0 0 59 128 0 0
421 0 0 0 59 128 0 0
422 0 0 0 59 128 0 0
423 0 0 0 59 128 0 0
424 0 0 0 59 128 0 0
425 0 0 0 59 128 0 0
426 0 0 0 59 128 0 0
427 0 0 0 59 128 0 0
428 0 0 0 59 128 0 0
429 0 0 0 59 128 0 0
430 0 0 0 59 128 0 0
431 0 0 0 59 128 0 0
432 0 0 0 59 128 0 0
433 0 0 0 59 128 0 0
434 0 0 0 59 128 0 0
435 0 0 0 59 128 0 0
436 0 0 0 59 128 0 0
437 0 0 0 59 128 0 0
438 0 0 0 59 128 0 0
439 0 0 0 59 128 0 0
440 0 0 0 59 128 0 0
441 0 0 0 59 128 0 0
442 0 0 0 59 128 0 0
443 0 0 0 59 128 0 0
444 0 0 0 59 128 0 0
445 0 0 0 59 128 0 0
446 0 0 0 59 128 0 0
447 0 0 0 59 128 0 0
448 0 0 0 59 128 0 0
449 0 0 0 59 128 0 0
450 0 0 0 59 128 0 0
451 0 0 0 59 128 0 0
452 0 0 0 59 128 0 0
453 0 0 0 59 128 0 0
454 0 0 0 59 128 0 0
455 0 0 0 59 128 0 0
456 0 0 0 59 128 0 0
457 0 0 0 59 128 0 0
458 0 0 0 59 128 0 0
459 0 0 0 59 128 0 0
460 0 0 0 59 128 0 0
461 0 0 0 59 128 0 0
462 0 0 0 59 128 0 0
463 0 0 0 59 128 0 0
464 0 0 0 59 128 0 0
465 0 0 0 59 128 0 0
466 0 0 0 59 128 0 0
467 0 0 0 59 128 0 0
468 0 0 0 59 128 0 0
469 0 0 0 59 128 0 0
470 0 0 0 59 128 0 0
471 0 0 0 59 128 0 0
472 0 0 0 59 128 0 0
473 0 0 0 59 128 0 0
474 0 0 0 59 128 0 0
475 0 0 0 59 128 0 0
476 0 0 0 59 128 0 0
477 0 0 0 59 128 0 0
478 0 0 0 59 128 0 0
479 0 0 0 59 128 0 0
480 0 0 0 59 128 0 0
481 0 0 0 59 128 0 0
482 0 0 0 59 128 0 0
483 0 0 0 59 128 0 0
484 0 0 0 59 128 0 0
485 0 0 0 59 128 0 0
486 0 0 0 59 128 0 0
487 0 0 0 59 128 0 0
488 0 0 0 59 128 0 0
489 0 0 0 59 128 0 0
490 0 0 0 59 128 0 0
491 0 0 0 59 128 0 0
492 0 0 0 59 128 0 0
493 0 0 0 59 128 0 0
494 0 0 0 59 128 0 0
495 0 0 0 59 128 0 0
496 0 0 0 59 128 0 0
497 0 0 0 59 128 0 0
498 0 0 0 59 128 0 0
499 0 0 0 59 128 0 0
500 0 0 0 59 128 0 0
501 0 0 0 59 128 0 0
502 0 0 0 59 128 0 0
503 0 0 0 59 128 0 0
504 0 0 0 59 128 0 0
505 0 0 0 59 128 0 0
506 0 0 0 59 128 0 0
507 0 0 0 59 128 0 0
508 0 0 0 59 128 0 0
509 0 0 0 59 128 0 0
510 0 0 0 59 128 0 0
511 0 0 0 59 128 0 0
512 0 0 0 59 128 0 0
513 0 0 0 59 128 0 0
514 0 0 0 59 128 0 0
515 0 0 0 59 128 0 0
516 0 0 0 59 128 0 0
517 0 0 0 59 128 0 0
518 0 0 0 59 128 0 0
519 0 0 0 59 128 0 0
520 0 0 0 59 128 0 0
521 0 0 0 59 128 0 0
522 0 0 0 59 128 0 0
523 0 0 0 59 128 0 0
524 0 0 0 59 128 0 0
525 0 0 0 59 128 0 0
526 0 0 0 59 128 0 0
527 0 0 0 59 128 0 0
528 0 0 0 59 128 0 0
529 0 0 0 59 128 0 0
530 0 0 0 59 128 0 0
531 0 0 0 59 128 0 0
532 0 0 0 59 128 0 0
533 0 0 0 59 128 0 0
534 0 0 0 59 128 0 0
535 0 0 0 59 128 0 0
536 0 0 0 59 128 0 0
537 0 0 0 59 128 0 0
538 0 0 0 59 128 0 0
539 0 0 0 59 128 0 0
540 0 0 0 59 128 0 0
541 0 0 0 59 128 0 0
542 0 0 0 59 128 0 0
543 0 0 0 59 128 0 0
544 0 0 0 59 128 0 0
545 0 0 0 59 128 0 0
546 0 0 0 59 128 0 0
547 0 0 0 59 128 0 0
548 0 0 0 59 128 0 0
549 0 0 0 59 128 0 0
550 0 0 0 59 128 0 0
551 0 0 0 59 128 0 0
552 0 0 0 59 128 0 0
553 0 0 0 59 128 0 0
554 0 0 0 59 128 0 0
555 0 0 0 59 128 0 0
556 0 0 0 59 128 0 0
557 0 0 0 59 128 0 0
558 0 0 0 59 128 0 0
559 0 0 0 59 128 0 0
560 0 0 0 59 128 0 0
561 0 0 0 59 128 0 0
562 0 0 0 59 128 0 0
563 0 0 0 59 128 0 0
564 0 0 0 59 128 0 0
565 0 0 0 59 128 0 0
566 0 0 0 59 128 0 0
567 0 0 0 59 128 0 0
568 0 0 0 59 128 0 0
569 0 0 0 59 128 0 0
570 0 0 0 59 128 0 0
571 0 0 0 59 128 0 0
572 0 0 0 59 128 0 0
573 0 0 0 59 128 0 0
574 0 0 0 59 128 0 0
575 0 0 0 59 128 0 0
576 0 0 0 59 128 0 0
577 0 0 0 59 128 0 0
578 0 0 0 59 128 0 0
579 0 0 0 59 128 0 0
580 0 0 0 59 128 0 0
581 0 0 0 59 128 0 0
582 0 0 0 59 128 0 0
583 0 0 0 59 128 0 0
584 0 0 0 59 128 0 0
585 0 0 0 59 128 0 0
586 0 0 0 59 128 0 0
587 0 0 0 59 128 0 0
588 0 0 0 59 128 0 0
589 0 0 0 59 128 0 0
590 0 0 0 59 128 0 0
591 0 0 0 59 128 0 0
592 0 0 0 59 128 0 0
593 0 0 0 59 128 0 0
594 0 0 0 59 128 0 0
595 0 0 0 59 128 0 0
596 0 0 0 59 128 0 0
597 0 0 0 59 128 0 0
598 0 0 0 59 128 0 0
599 0 0 0 59 128 0 0
600 0 0 0 59 128 0 0
601 0 0 0 59 128 0 0
602 0 0 0 59 128 0 0
603 0 0 0 59 128 0 0
604 0 0 0 59 128 0 0
605 0 0 0 59 128 0 0
606 0 0 0 59 128 0 0
607 0 0 0 59 128 0 0
608 0 0 0 59 128 0 0
609 0 0 0 59 128 0 0
610 0 0 0 59 128 0 0
611 0 0 0 59 128 0 0
612 0 0 0 59 128 0 0
613 0 0 0 59 128 0 0
614 0 0 0 59 128 0 0
615 0 0 0 59 128 0 0
616 0 0 0 59 128 0 0
617 0 0 0 59 128 0 0
618 0 0 0 59 128 0 0
619 0 0 0 59 128 0 0
620 0 0 0 59 128 0 0
621 0 0 0 59 128 0 0
622 0 0 0 59 128 0 0
623 0 0 0 59 128 0 0
624 0 0 0 59 128 0 0
625 0 0 0 59 128 0 0
626 0 0 0 59 128 0 0
627 0 0 0 59 128 0 0
628 0 0 0 59 128 0 0
629 0 0 0 59 128 0 0
630 0 0 0 59 128 0 0
631 0 0 0 59 128 0 0
632 0 0 0 59 128 0 0
633 0 0 0 59 128 0 0
634 0 0 0 59 128 0 0
635 0 0 0 59 128 0 0
636 0 0 0 59 128 0 0
637 0 0 0 59 128 0 0
638 0 0 0 59 128 0 0
639 0 0 0 59 128 0 0
640 0 0 0 59 128 0 0
641 0 0 0 59 128 0 0
642 0 0 0 59 128 0 0
643 0 0 0 59 128 0 0
644 0 0 0 59 128 0 0
645 0 0 0 59 128 0 0
646 0 0 0 59 128 0 0
647 0 0 0 59 128 0 0
648 1 0 0 58 128 0 0
649 1 0 0 58 128 0 0
650 1 0 0 58 128 0 0
651 1 0 0 58 128 0 0
652 1 0 0 58 128 0 0
653 1 0 0 58 128 0 0
654 1 0 0 58 128 0 0
655 1 0 0 58 128 0 0
656 1 0 0 58 128 0 0
657 1 0 0 58 125 1 2
658 1 0 0 58 125 1 2
659 1 0 0 58 125 1 2
660 1 0 0 58 125 1 2
661 1 0 0 58 125 1 2
662 1 0 0 58 125 1 2
663 1 0 0 58 125 1 2
664 1 0 0 58 125 1 2
665 1 0 0 58 125 1 2
666 1 0 0 58 125 1 2
667 1 0 0 58 125 1 2
668 1 0 0 58 125 1 2
669 1 0 0 58 125 1 2
670 1 0 0 58 125 1 2
671 1 0 0 58 125 1 2
672 1 0 0 58 125 1 2
673 1 0 0 58 125 1 2
674 1 0 0 58 125 1 2
675 1 0 0 58 125 1 2
676 1 0 0 58 125 1 2
677 1 0 0 58 125 1 2
678 1 0 0 58 122 2 4
679 1 0 0 58 122 2 4
680 1 0 0 58 122 2 4
681 1 0 0 58 122 2 4
682 1 0 0 58 122 2 4
683 1 0 0 58 122 2 4
684 1 0 0 58 122 2 4
685 1 0 0 58 122 2 4
686 1 0 0 58 122 2 6
687 1 0 0 58 123 2 5
688 1 0 0 58 123 2 5
689 1 0 0 58 124 2 4
690 1 0 0 58 124 2 4
691 1 0 0 58 124 2 4
692 1 0 0 58 124 2 4
693 1 0 0 58 124 2 4
694 1 0 0 58 124 2 4
695 1 0 0 58 124 2 4
696 1 0 0 58 124 2 4
697 1 0 0 58 124 2 4
698 1 0 0 58 124 2 4
699 1 0 0 58 124 2 4
700 1 0 0 58 124 2 4
701 1 0 0 58 124 2 4
702 1 0 0 58 124 2 4
703 1 0 0 58 124 2 4
704 1 0 0 58 124 2 4
705 1 0 0 58 124 2 4
706 1 0 0 58 124 2 4
707 1 0 0 58 124 2 6
708 1 0 0 58 124 2 6
709 1 0 0 58 124 2 6
710 1 0 0 58 125 2 5
711 1 0 0 58 126 2 4
712 1 0 0 58 126 2 4
713 1 0 0 58 126 2 4
714 1 0 0 58 126 2 4
715 1 0 0 58 126 2 4
716 1 0 0 58 126 2 4
717 1 0 0 58 126 2 4
718 1 0 0 58 126 2 4
719 1 0 0 58 126 2 4
720 1 0 0 58 126 2 4
721 1 0 0 58 126 2 4
722 1 0 0 58 126 2 4
723 1 0 0 58 126 2 4
724 1 0 0 58 126 2 6
725 1 0 0 58 126 2 6
726 1 0 0 58 127 2 5
727 1 0 0 58 127 2 5
728 1 0 0 58 128 2 4
729 1 0 0 58 128 2 4
730 1 0 0 58 128 2 4
731 1 0 0 58 128 2 4
732 1 0 0 58 128 2 4
733 1 0 0 58 128 2 4
734 1 0 0 58 128 2 4
735 1 0 0 58 128 2 4
736 1 0 0 58 128 2 4
737 1 0 0 58 128 2 4
738 1 0 0 58 128 2 4
739 1 0 0 58 128 2 4
740 1 0 0 58 128 2 4
741 1 0 0 58 128 2 4
742 1 0 0 58 128 2 4
743 1 0 0 58 128 2 4
744 1 0 0 58 128 2 4
745 1 0 0 58 128 2 6
746 1 0 0 58 129 2 5
747 1 0 0 58 130 2 4
748 1 0 0 58 130 2 4
749 1 0 0 58 130 2 4
750 1 0 0 58 130 2 4
751 1 0 0 58 130 2 4
752 1 0 0 58 130 2 4
753 1 0 0 58 130 2 4
754 1 0 0 58 130 2 4
755 1 0 0 58 130 2 4
756 1 0 0 58 130 2 4
757 1 0 0 58 130 2 4
758 1 0 0 58 130 2 4
759 1 0 0 58 130 2 4
760 1 0 0 58 130 2 4
761 1 0 0 58 130 2 4
762 1 0 0 58 130 2 6
763 1 0 0 58 131 2 5
764 1 0 0 58 132 2 4
765 1 0 0 58 132 2 4
766 1 0 0 58 132 2 4
767 1 0 0 58 132 2 4
768 1 0 0 58 132 2 4
769 1 0 0 58 132 2 4
770 1 0 0 58 132 2 4
771 1 0 0 58 132 2 4
772 1 0 0 58 132 2 4
773 1 0 0 58 132 2 4
774 1 0 0 58 132 2 4
775 1 0 0 58 132 2 4
776 1 0 0 58 132 2 4
777 1 0 0 58 132 2 4
778 1 0 0 58 132 2 4
779 1 0 0 58 132 2 4
780 1 0 0 58 132 2 4
781 1 0 0 58 132 2 4
782 1 0 0 58 132 2 4
783 1 0 0 58 132 2 6
784 1 0 0 58 132 2 6
785 1 0 0 58 133 2 5
786 1 0 0 58 134 2 4
787 1 0 0 58 134 2 4
788 1 0 0 58 134 2 4
789 1 0 0 58 134 2 4
790 1 0 0 58 134 2 4
791 1 0 0 58 134 2 4
792 1 0 0 58 134 2 4
793 1 0 0 58 134 2 4
794 1 0 0 58 134 2 4
795 1 0 0 58 134 2 4
796 1 0 0 58 134 2 4
797 1 0 0 58 134 2 4
798 1 0 0 58 134 2 4
799 1 0 0 58 134 2 4
800 1 0 0 58 134 2 6
801 1 0 0 58 134 2 6
802 1 0 0 58 134 2 6
803 1 0 0 58 136 2 4
804 1 0 0 58 136 2 4
805 1 0 0 58 136 2 4
806 1 0 0 58 136 2 4
807 1 0 0 58 136 2 4
808 1 0 0 58 136 2 4
809 1 0 0 58 136 2 4
810 1 0 0 58 136 2 4
811 1 0 0 58 136 2 4
812 1 0 0 58 136 2 4
813 1 0 0 58 136 2 4
814 1 0 0 58 136 2 4
815 1 0 0 58 136 2 4
816 1 0 0 58 136 2 4
817 1 0 0 58 136 2 4
818 1 0 0 58 136 2 4
819 1 0 0 58 136 2 4
820 1 0 0 58 136 2 4
821 1 0 0 58 136 2 6
822 1 0 0 58 136 2 6
823 1 0 0 58 136 2 6
824 1 0 0 58 137 2 5
825 1 0 0 58 137 2 5
826 1 0 0 58 138 2 4
827 1 0 0 58 138 2 4
828 1 0 0 58 138 2 4
829 1 0 0 58 138 2 4
830 1 0 0 58 138 2 4
831 1 0 0 58 138 2 4
832 1 0 0 58 138 2 4
833 1 0 0 58 138 2 4
834 1 0 0 58 138 2 4
835 1 0 0 58 138 2 4
836 1 0 0 58 138 2 4
837 1 0 0 58 138 2 4
838 1 0 0 58 138 2 6
839 1 0 0 58 138 2 6
840 1 0 0 58 139 2 5
841 1 0 0 58 139 2 5
842 1 0 0 58 139 2 5
843 1 0 0 58 140 2 4
844 1 0 0 58 140 2 4
845 1 0 0 58 140 2 4
846 1 0 0 58 140 2 4
847 1 0 0 58 140 2 4
848 1 0 0 58 140 2 4
849 1 0 0 58 140 2 4
850 1 0 0 58 140 2 4
851 1 0 0 58 140 2 4
852 1 0 0 58 140 2 4
853 1 0 0 58 140 2 4
854 1 0 0 58 140 2 4
855 1 0 0 58 140 2 4
856 1 0 0 58 140 2 4
857 1 0 0 58 140 2 4
858 1 0 0 58 140 2 4
859 1 0 0 58 140 2 6
860 1 0 0 58 142 2 4
861 1 0 0 58 142 2 4
862 1 0 0 58 142 2 4
863 1 0 0 58 142 2 4
864 1 0 0 58 142 2 4
865 1 0 0 58 142 2 4
866 1 0 0 58 142 2 4
867 1 0 0 58 142 2 4
868 1 0 0 58 142 2 4
869 1 0 0 58 142 2 4
870 1 0 0 58 142 2 4
871 1 0 0 58 142 2 4
872 1 0 0 58 142 2 4
873 1 0 0 58 142 2 4
874 1 0 0 58 142 2 4
875 1 0 0 58 142 2 4
876 1 0 0 58 142 2 6
877 1 0 0 58 143 2 5
878 1 0 0 58 143 2 5
879 1 0 0 58 144 2 4
880 1 0 0 58 144 2 4
881 1 0 0 58 144 2 4
882 1 0 0 58 144 2 4
883 1 0 0 58 144 2 4
884 1 0 0 58 144 2 4
885 1 0 0 58 144 2 4
886 1 0 0 58 144 2 4
887 1 0 0 58 144 2 4
888 1 0 0 58 144 2 4
889 1 0 0 58 144 2 4
890 1 0 0 58 144 2 4
891 1 0 0 58 144 2 4
892 1 0 0 58 144 2 4
893 1 0 0 58 144 2 4
894 1 0 0 58 144 2 4
895 1 0 0 58 144 2 4
896 1 0 0 58 144 2 4
897 1 0 0 58 144 2 6
898 1 0 0 58 144 2 6
899 1 0 0 58 144 2 6
900 1 0 0 58 144 2 6
901 1 0 0 58 145 2 5
902 1 0 0 58 146 2 4
903 1 0 0 58 146 2 4
904 1 0 0 58 146 2 4
905 1 0 0 58 146 2 4
906 1 0 0 58 146 2 4
907 1 0 0 58 146 2 4
908 1 0 0 58 146 2 4
909 1 0 0 58 146 2 4
910 1 0 0 58 146 2 4
911 1 0 0 58 146 2 4
912 1 0 0 58 146 2 4
913 1 0 0 58 146 2 4
914 1 0 0 58 146 2 6
915 1 0 0 58 146 2 6
916 1 0 0 58 147 2 5
917 1 0 0 58 148 2 4
918 1 0 0 58 148 2 4
919 1 0 0 58 148 2 4
920 1 0 0 58 148 2 4
921 1 0 0 58 148 2 4
922 1 0 0 58 148 2 4
923 1 0 0 58 148 2 4
924 1 0 0 58 148 2 4
925 1 0 0 58 148 2 4
926 1 0 0 58 148 2 4
927 1 0 0 58 148 2 4
928 1 0 0 58 148 2 4
929 1 0 0 58 148 2 4
930 1 0 0 58 148 2 4
931 1 0 0 58 148 2 4
932 1 0 0 58 148 2 4
933 1 0 0 58 148 2 4
934 1 0 0 58 148 2 4
935 1 0 0 58 148 2 6
936 1 0 0 58 149 2 5
937 1 0 0 58 149 2 5
938 1 0 0 58 149 2 5
939 1 0 0 58 149 2 5
940 1 0 0 58 150 2 4
941 2 0 0 57 150 2 4
942 2 0 0 57 150 2 4
943 2 0 0 57 150 2 4
944 2 0 0 57 150 2 4
945 2 0 0 57 150 2 4
946 2 0 0 57 150 2 4
947 2 0 0 57 150 2 4
948 2 0 0 57 150 2 4
949 2 0 0 57 150 2 4
950 2 0 0 57 150 2 4
951 2 0 0 57 150 2 4
952 2 0 0 57 150 2 6
953 2 0 0 57 150 2 6
954 2 0 0 57 150 2 6
955 2 0 0 57 152 2 4
956 2 0 0 57 152 2 4
957 2 0 0 57 152 2 4
958 2 0 0 57 152 2 4
959 2 0 0 57 152 2 4
960 2 0 0 57 152 2 4
961 2 0 0 57 152 2 4
962 2 0 0 57 152 2 4
963 2 0 0 57 152 2 4
964 2 0 0 57 152 2 4
965 2 0 0 57 152 2 4
966 2 0 0 57 152 2 4
967 2 0 0 57 152 2 4
968 2 0 0 57 152 2 4
969 2 0 0 57 152 2 4
970 2 0 0 57 152 2 4
971 2 0 0 57 152 2 4
972 2 0 0 57 152 2 4
973 2 0 0 57 152 2 6
974 2 0 0 57 152 2 6
975 2 0 0 57 152 2 6
976 2 0 0 57 154 2 4
977 2 0 0 57 154 2 4
978 2 0 0 57 154 2 4
979 2 0 0 57 154 2 4
980 2 0 0 57 154 2 4
981 2 0 0 57 154 2 4
982 2 0 0 57 154 2 4
983 2 0 0 57 154 2 4
984 2 0 0 57 154 2 4
985 2 0 0 57 154 2 4
986 2 0 0 57 154 2 4
987 2 0 0 57 154 2 4
988 2 0 0 57 154 2 4
989 2 0 0 57 154 2 4
990 2 0 0 57 154 2 6
991 2 0 0 57 154 2 6
992 2 0 0 57 156 2 4
993 2 0 0 57 156 2 4
994 2 0 0 57 156 2 4
995 2 0 0 57 156 2 4
996 2 0 0 57 156 2 4
997 2 0 0 57 156 2 4
998 2 0 0 57 156 2 4
999 2 0 0 57 156 2 4
1000 2 0 0 57 156 2 4
1001 2 0 0 57 156 2 4
1002 2 0 0 57 156 2 4
1003 2 0 0 57 156 2 4
1004 2 0 0 57 156 2 4
1005 2 0 0 57 156 2 4
1006 2 0 0 57 156 2 4
1007 2 0 0 57 156 2 4
1008 2 0 0 57 156 2 4
1009 2 0 0 57 156 2 4
1010 2 0 0 57 156 2 4
1011 2 0 0 57 156 2 6
1012 2 0 0 57 156 2 6
1013 2 0 0 57 156 2 6
1014 2 0 0 57 156 2 6
1015 2 0 0 57 157 2 5
1016 2 0 0 57 158 2 4
1017 2 0 0 57 158 2 4
1018 2 0 0 57 158 2 4
1019 2 0 0 57 158 2 4
1020 2 0 0 57 158 2 4
1021 2 0 0 57 158 2 4
1022 2 0 0 57 158 2 4
1023 2 0 0 57 158 2 4
1024 2 0 0 57 158 2 4
1025 2 0 0 57 158 2 4
1026 2 0 0 57 158 2 4
1027 2 0 0 57 158 2 4
1028 2 0 0 57 158 2 6
1029 2 0 0 57 158 2 6
1030 2 0 0 57 158 2 6
1031 2 0 0 57 159 2 5
1032 2 0 0 57 160 2 4
1033 2 0 0 57 160 2 4
1034 2 0 0 57 160 2 4
1035 2 0 0 57 160 2 4
1036 2 0 0 57 160 2 4
1037 2 0 0 57 160 2 4
1038 2 0 0 57 160 2 4
1039 2 0 0 57 160 2 4
1040 2 0 0 57 160 2 4
1041 2 0 0 57 160 2 4
1042 2 0 0 57 160 2 4
1043 2 0 0 57 160 2 4
1044 2 0 0 57 160 2 4
1045 2 0 0 57 160 2 4
1046 2 0 0 57 160 2 4
1047 2 0 0 57 160 2 4
1048 2 0 0 57 160 2 4
1049 2 0 0 57 160 2 6
1050 2 0 0 57 160 2 6
1051 2 0 0 57 162 2 4
1052 2 0 0 57 162 2 4
1053 2 0 0 57 162 2 4
1054 2 0 0 57 162 2 4
1055 2 0 0 57 162 2 4
1056 2 0 0 57 162 2 4
1057 2 0 0 57 162 2 4
1058 2 0 0 57 162 2 4
1059 2 0 0 57 162 2 4
1060 2 0 0 57 162 2 4
1061 2 0 0 57 162 2 4
1062 2 0 0 57 162 2 4
1063 2 0 0 57 162 2 4
1064 2 0 0 57 162 2 4
1065 2 0 0 57 162 2 4
1066 2 0 0 57 162 2 6
1067 2 0 0 57 162 2 6
1068 2 0 0 57 162 2 6
1069 2 0 0 57 162 2 6
1070 2 0 0 57 163 2 5
1071 2 0 0 57 164 2 4
1072 2 0 0 57 164 2 4
1073 2 0 0 57 164 2 4
1074 2 0 0 57 164 2 4
1075 2 0 0 57 164 2 4
1076 2 0 0 57 164 2 4
1077 2 0 0 57 164 2 4
1078 2 0 0 57 164 2 4
1079 2 0 0 57 164 2 4
1080 2 0 0 57 164 2 4
1081 2 0 0 57 164 2 4
1082 2 0 0 57 164 2 4
1083 2 0 0 57 164 2 4
1084 2 0 0 57 164 2 4
1085 2 0 0 57 164 2 4
1086 2 0 0 57 164 2 4
1087 2 0 0 57 164 2 6
1088 2 0 0 57 164 2 6
1089 2 0 0 57 166 2 4
1090 2 0 0 57 166 2 4
1091 2 0 0 57 166 2 4
1092 2 0 0 57 166 2 4
1093 2 0 0 57 166 2 4
1094 2 0 0 57 166 2 4
1095 2 0 0 57 166 2 4
1096 2 0 0 57 166 2 4
1097 2 0 0 57 166 2 4
1098 2 0 0 57 166 2 4
1099 2 0 0 57 166 2 4
1100 2 0 0 57 166 2 4
1101 2 0 0 57 166 2 4
1102 2 0 0 57 166 2 4
1103 2 0 0 57 166 2 4
1104 2 0 0 57 166 2 6
1105 2 0 0 57 166 2 6
1106 2 0 0 57 166 2 6
1107 2 0 0 57 168 2 4
1108 2 0 0 57 168 2 4
1109 2 0 0 57 168 2 4
1110 2 0 0 57 168 2 4
1111 2 0 0 57 168 2 4
1112 2 0 0 57 168 2 4
1113 2 0 0 57 168 2 4
1114 2 0 0 57 168 2 4
1115 2 0 0 57 168 2 4
1116 2 0 0 57 168 2 4
1117 2 0 0 57 168 2 4
1118 2 0 0 57 168 2 4
1119 2 0 0 57 168 2 4
1120 2 0 0 57 168 2 4
1121 2 0 0 57 168 2 4
1122 2 0 0 57 168 2 4
1123 2 0 0 57 168 2 4
1124 2 0 0 57 168 2 4
1125 2 0 0 57 168 2 6
1126 2 0 0 57 168 2 6
1127 2 0 0 57 168 2 6
1128 2 0 0 57 168 2 6
1129 2 0 0 57 170 2 4
1130 2 0 0 57 170 2 4
1131 2 0 0 57 170 2 4
1132 2 0 0 57 170 2 4
1133 2 0 0 57 170 2 4
1134 2 0 0 57 170 2 4
1135 2 0 0 57 170 2 4
1136 2 0 0 57 170 2 4
1137 2 0 0 57 170 2 4
1138 2 0 0 57 170 2 4
1139 2 0 0 57 170 2 4
1140 3 0 0 56 170 2 4
1141 3 0 0 56 170 2 4
1142 3 0 0 56 170 2 6
1143 3 0 0 56 170 2 6
1144 3 0 0 56 170 2 6
1145 3 0 0 56 170 2 6
1146 3 0 0 56 172 2 4
1147 3 0 0 56 172 2 4
1148 3 0 0 56 172 2 4
1149 3 0 0 56 172 2 4
1150 3 0 0 56 172 2 4
1151 3 0 0 56 172 2 4
1152 3 0 0 56 172 2 4
1153 3 0 0 56 172 2 4
1154 3 0 0 56 172 2 4
1155 3 0 0 56 172 2 4
1156 3 0 0 56 172 2 4
1157 3 0 0 56 172 2 4
1158 3 0 0 56 172 2 4
1159 3 0 0 56 172 2 4
1160 3 0 0 56 172 2 4
1161 3 0 0 56 172 2 4
1162 3 0 0 56 172 2 4
1163 3 0 0 56 172 2 6
1164 3 0 0 56 172 2 6
1165 3 0 0 56 173 2 5
1166 3 0 0 56 173 2 5
1167 3 0 0 56 174 2 4
1168 3 0 0 56 174 2 4
1169 3 0 0 56 174 2 4
1170 3 0 0 56 174 2 4
1171 3 0 0 56 174 2 4
1172 3 0 0 56 174 2 4
1173 3 0 0 56 174 2 4
1174 3 0 0 56 174 2 4
1175 3 0 0 56 174 2 4
1176 3 0 0 56 174 2 4
1177 3 0 0 56 174 2 4
1178 3 0 0 56 174 2 4
1179 3 0 0 56 174 2 4
1180 3 0 0 56 174 2 6
1181 3 0 0 56 174 2 6
1182 3 0 0 56 174 2 6
1183 3 0 0 56 174 2 6
1184 3 0 0 56 175 2 5
1185 3 0 0 56 176 2 4
1186 3 0 0 56 176 2 4
1187 3 0 0 56 176 2 4
1188 3 0 0 56 176 2 4
1189 3 0 0 56 176 2 4
1190 3 0 0 56 176 2 4
1191 3 0 0 56 176 2 4
1192 3 0 0 56 176 2 4
1193 3 0 0 56 176 2 4
1194 3 0 0 56 176 2 4
1195 3 0 0 56 176 2 4
1196 3 0 0 56 176 2 4
1197 3 0 0 56 176 2 4
1198 3 0 0 56 176 2 4
1199 3 0 0 56 176 2 4
1200 3 0 0 56 176 2 4
1201 3 0 0 56 176 2 6
1202 3 0 0 56 176 2 6
1203 3 0 0 56 177 2 5
1204 3 0 0 56 177 2 5
1205 3 0 0 56 177 2 5
1206 3 0 0 56 178 2 4
1207 3 0 0 56 178 2 4
1208 3 0 0 56 178 2 4
1209 3 0 0 56 178 2 4
1210 3 0 0 56 178 2 4
1211 3 0 0 56 178 2 4
1212 3 0 0 56 178 2 4
1213 3 0 0 56 178 2 4
1214 3 0 0 56 178 2 4
1215 3 0 0 56 178 2 4
1216 3 0 0 56 178 2 4
1217 3 0 0 56 178 2 4
1218 3 0 0 56 178 2 6
1219 3 0 0 56 178 2 6
1220 3 0 0 56 179 2 5
1221 3 0 0 56 179 2 5
1222 3 0 0 56 180 2 4
1223 3 0 0 56 180 2 4
1224 3 0 0 56 180 2 4
1225 3 0 0 56 180 2 4
1226 3 0 0 56 180 2 4
1227 3 0 0 56 180 2 4
1228 3 0 0 56 177 3 5
1229 3 0 0 56 177 3 5
1230 3 0 0 56 177 3 5
1231 3 0 0 56 177 3 5
1232 3 0 0 56 177 3 5
1233 3 0 0 56 177 3 5
1234 3 0 0 56 177 3 5
1235 3 0 0 56 177 3 5
1236 3 0 0 56 177 3 5
1237 3 0 0 56 177 3 5
1238 3 0 0 56 177 3 5
1239 3 0 0 56 177 3 7
1240 3 0 0 56 178 3 6
1241 3 0 0 56 178 3 6
1242 3 0 0 56 179 3 5
1243 3 0 0 56 179 3 5
1244 3 0 0 56 179 3 5
1245 3 0 0 56 179 3 5
1246 3 0 0 56 179 3 5
1247 3 0 0 56 179 3 5
1248 3 0 0 56 179 3 5
1249 3 0 0 56 176 4 6
1250 3 0 0 56 176 4 6
1251 3 0 0 56 176 4 6
1252 3 0 0 56 176 4 6
1253 3 0 0 56 176 4 6
1254 3 0 0 56 176 4 6
1255 3 0 0 56 176 4 6
1256 3 0 0 56 176 4 8
1257 3 0 0 56 176 4 9
1258 3 0 0 56 176 4 9
1259 3 0 0 56 177 4 8
1260 3 0 0 56 178 4 7
1261 3 0 0 56 179 4 6
1262 3 0 0 56 179 4 6
1263 3 0 0 56 179 4 6
1264 3 0 0 56 179 4 6
1265 3 0 0 56 179 4 6
1266 3 0 0 56 179 4 7
1267 3 0 0 56 179 4 7
1268 3 0 0 56 179 4 7
1269 3 0 0 56 179 4 7
1270 3 0 0 56 179 4 7
1271 3 0 0 56 179 4 7
1272 3 0 0 56 179 4 7
1273 3 0 0 56 179 4 7
1274 3 0 0 56 179 4 7
1275 3 0 0 56 179 4 7
1276 3 0 0 56 179 4 7
1277 3 0 0 56 179 4 9
1278 3 0 0 56 179 4 10
1279 3 0 0 56 181 4 8
1280 3 0 0 56 181 4 8
1281 3 0 0 56 181 4 8
1282 3 0 0 56 182 4 7
1283 3 0 0 56 182 4 7
1284 3 0 0 56 182 4 7
1285 3 0 0 56 182 4 7
1286 3 0 0 56 182 4 7
1287 3 0 0 56 182 4 8
1288 3 0 0 56 182 4 8
1289 3 0 0 56 182 4 8
1290 3 0 0 56 182 4 8
1291 3 0 0 56 182 4 8
1292 3 0 0 56 182 4 8
1293 3 0 0 56 182 4 8
1294 3 0 0 56 182 4 10
1295 3 0 0 56 182 4 12
1296 3 0 0 56 182 4 12
1297 3 0 0 56 185 4 9
1298 3 0 0 56 186 4 8
1299 3 0 0 56 186 4 8
1300 3 0 0 56 186 4 8
1301 3 0 0 56 186 4 8
1302 3 0 0 56 186 4 8
1303 3 0 0 56 186 4 8
1304 3 0 0 56 186 4 8
1305 3 0 0 56 186 4 8
1306 3 0 0 56 186 4 8
1307 3 0 0 56 186 4 8
1308 3 0 0 56 186 4 8
1309 3 0 0 56 186 4 8
1310 3 0 0 56 186 4 8
1311 3 0 0 56 186 4 8
1312 3 0 0 56 186 4 8
1313 3 0 0 56 186 4 8
1314 3 0 0 56 186 4 8
1315 3 0 0 56 186 4 10
1316 3 0 0 56 186 4 12
1317 3 0 0 56 186 4 12
1318 3 0 0 56 186 4 12
1319 3 0 0 56 188 4 10
1320 3 0 0 56 190 4 8
1321 3 0 0 56 190 4 8
1322 3 0 0 56 190 4 8
1323 3 0 0 56 190 4 8
1324 3 0 0 56 190 4 8
1325 3 0 0 56 190 4 8
1326 3 0 0 56 190 4 8
1327 3 0 0 56 190 4 8
1328 3 0 0 56 190 4 8
1329 3 0 0 56 190 4 8
1330 3 0 0 56 190 4 8
1331 3 0 0 56 190 4 8
1332 3 0 0 56 190 4 10
1333 3 0 0 56 190 4 12
1334 3 0 0 56 193 4 9
1335 3 0 0 56 193 4 9
1336 3 0 0 56 194 4 8
1337 3 0 0 56 194 4 8
1338 3 0 0 56 194 4 8
1339 3 0 0 56 194 4 8
1340 3 0 0 56 194 4 8
1341 3 0 0 56 194 4 8
1342 3 0 0 56 194 4 8
1343 3 0 0 56 194 4 8
1344 3 0 0 56 194 4 8
1345 3 0 0 56 194 4 8
1346 3 0 0 56 194 4 8
1347 3 0 0 56 194 4 8
1348 3 0 0 56 194 4 8
1349 3 0 0 56 194 4 8
1350 3 0 0 56 194 4 8
1351 3 0 0 56 194 4 8
1352 3 0 0 56 194 4 8
1353 3 0 0 56 194 4 10
1354 3 0 0 56 194 4 12
1355 3 0 0 56 196 4 10
1356 3 0 0 56 196 4 10
1357 3 0 0 56 196 4 10
1358 3 0 0 56 198 4 8
1359 3 0 0 56 198 4 8
1360 3 0 0 56 198 4 8
1361 3 0 0 56 198 4 8
1362 3 0 0 56 198 4 8
1363 3 0 0 56 198 4 8
1364 3 0 0 56 198 4 8
1365 3 0 0 56 198 4 8
1366 3 0 0 56 198 4 8
1367 3 0 0 56 198 4 8
1368 3 0 0 56 198 4 8
1369 3 0 0 56 198 4 8
1370 3 0 0 56 198 4 10
1371 3 0 0 56 198 4 12
1372 3 0 0 56 198 4 12
1373 3 0 0 56 198 4 12
1374 3 0 0 56 199 4 11
1375 3 0 0 56 202 4 8
1376 3 0 0 56 202 4 8
1377 3 0 0 56 202 4 8
1378 3 0 0 56 202 4 8
1379 3 0 0 56 202 4 8
1380 3 0 0 56 202 4 8
1381 3 0 0 56 202 4 8
1382 3 0 0 56 202 4 8
1383 3 0 0 56 202 4 8
1384 3 0 0 56 202 4 8
1385 3 0 0 56 202 4 8
1386 3 0 0 56 202 4 8
1387 3 0 0 56 202 4 8
1388 3 0 0 56 202 4 8
1389 3 0 0 56 202 4 8
1390 3 0 0 56 202 4 8
1391 3 0 0 56 202 4 10
1392 3 0 0 56 203 4 11
1393 4 0 0 55 203 4 11
1394 4 0 0 55 204 4 10
1395 4 0 0 55 205 4 9
1396 4 0 0 55 205 4 9
1397 4 0 0 55 206 4 8
1398 4 0 0 55 206 4 8
1399 4 0 0 55 206 4 8
1400 4 0 0 55 206 4 8
1401 4 0 0 55 206 4 8
1402 4 0 0 55 206 4 8
1403 4 0 0 55 206 4 8
1404 4 0 0 55 206 4 8
1405 4 0 0 55 206 4 8
1406 4 0 0 55 206 4 8
1407 4 0 0 55 206 4 8
1408 4 0 0 55 206 4 10
1409 4 0 0 55 206 4 12
1410 4 0 0 55 206 4 12
1411 4 0 0 55 206 4 12
1412 4 0 0 55 207 4 11
1413 4 0 0 55 210 4 8
1414 4 0 0 55 210 4 8
1415 4 0 0 55 210 4 8
1416 4 0 0 55 210 4 8
1417 4 0 0 55 210 4 8
1418 4 0 0 55 210 4 8
1419 4 0 0 55 210 4 8
1420 4 0 0 55 210 4 8
1421 4 0 0 55 210 4 8
1422 4 0 0 55 210 4 8
1423 4 0 0 55 210 4 8
1424 4 0 0 55 210 4 8
1425 4 0 0 55 210 4 8
1426 4 0 0 55 210 4 8
1427 4 0 0 55 210 4 8
1428 4 0 0 55 210 4 8
1429 4 0 0 55 210 4 10
1430 4 0 0 55 210 4 12
1431 4 0 0 55 211 4 11
1432 4 0 0 55 211 4 11
1433 4 0 0 55 212 4 10
1434 4 0 0 55 213 4 9
1435 4 0 0 55 214 4 8
1436 4 0 0 55 214 4 8
1437 4 0 0 55 214 4 8
1438 4 0 0 55 214 4 8
1439 4 0 0 55 214 4 8
1440 4 0 0 55 214 4 8
1441 4 0 0 55 214 4 8
1442 4 0 0 55 214 4 8
1443 4 0 0 55 214 4 8
1444 4 0 0 55 214 4 8
1445 4 0 0 55 214 4 8
1446 4 0 0 55 214 4 10
1447 4 0 0 55 214 4 12
1448 4 0 0 55 214 4 12
1449 4 0 0 55 215 4 11
1450 4 0 0 55 216 4 10
1451 4 0 0 55 218 4 8
1452 4 0 0 55 218 4 8
1453 4 0 0 55 218 4 8
1454 4 0 0 55 218 4 8
1455 4 0 0 55 218 4 8
1456 4 0 0 55 218 4 8
1457 4 0 0 55 218 4 8
1458 4 0 0 55 218 4 8
1459 4 0 0 55 218 4 8
1460 4 0 0 55 218 4 8
1461 4 0 0 55 218 4 8
1462 4 0 0 55 218 4 8
1463 4 0 0 55 218 4 8
1464 4 0 0 55 218 4 8
1465 4 0 0 55 218 4 8
1466 4 0 0 55 218 4 8
1467 4 0 0 55 218 4 10
1468 4 0 0 55 218 4 12
1469 4 0 0 55 218 4 12
1470 4 0 0 55 218 4 12
1471 4 0 0 55 220 4 10
1472 4 0 0 55 221 4 9
1473 4 0 0 55 222 4 8
1474 4 0 0 55 222 4 8
1475 4 0 0 55 222 4 8
1476 4 0 0 55 222 4 8
1477 4 0 0 55 222 4 8
1478 4 0 0 55 222 4 8
1479 4 0 0 55 222 4 8
1480 4 0 0 55 222 4 8
1481 4 0 0 55 222 4 8
1482 4 0 0 55 222 4 8
1483 4 0 0 55 222 4 8
1484 4 0 0 55 222 4 10
1485 4 0 0 55 222 4 12
1486 4 0 0 55 222 4 12
1487 4 0 0 55 222 4 12
1488 4 0 0 55 224 4 10
1489 4 0 0 55 226 4 8
1490 4 0 0 55 226 4 8
1491 4 0 0 55 226 4 8
1492 4 0 0 55 226 4 8
1493 4 0 0 55 226 4 8
1494 4 0 0 55 226 4 8
1495 4 0 0 55 226 4 8
1496 4 0 0 55 226 4 8
1497 4 0 0 55 226 4 8
1498 4 0 0 55 226 4 8
1499 4 0 0 55 226 4 8
1500 4 0 0 55 226 4 8
1501 4 0 0 55 226 4 8
1502 4 0 0 55 226 4 8
1503 4 0 0 55 226 4 8
1504 4 0 0 55 226 4 8
1505 4 0 0 55 226 4 10
1506 4 0 0 55 226 4 12
1507 4 0 0 55 226 4 12
1508 4 0 0 55 226 4 12
1509 4 0 0 55 227 4 11
1510 4 0 0 55 230 4 8
1511 4 0 0 55 230 4 8
1512 4 0 0 55 230 4 8
1513 4 0 0 55 230 4 8
1514 4 0 0 55 230 4 8
1515 4 0 0 55 230 4 8
1516 4 0 0 55 230 4 8
1517 4 0 0 55 230 4 8
1518 4 0 0 55 230 4 8
1519 4 0 0 55 230 4 8
1520 4 0 0 55 230 4 8
1521 4 0 0 55 230 4 8
1522 4 0 0 55 230 4 10
1523 4 0 0 55 230 4 12
1524 4 0 0 55 230 4 12
1525 4 0 0 55 230 4 12
1526 4 0 0 55 231 4 11
1527 4 0 0 55 234 4 8
1528 4 0 0 55 234 4 8
1529 4 0 0 55 234 4 8
1530 4 0 0 55 234 4 8
1531 4 0 0 55 234 4 8
1532 4 0 0 55 234 4 8
1533 4 0 0 55 234 4 8
1534 4 0 0 55 234 4 8
1535 4 0 0 55 234 4 8
1536 4 0 0 55 234 4 8
1537 4 0 0 55 234 4 8
1538 4 0 0 55 234 4 8
1539 4 0 0 55 234 4 8
1540 4 0 0 55 234 4 8
1541 4 0 0 55 234 4 8
1542 4 0 0 55 234 4 8
1543 4 0 0 55 234 4 10
1544 4 0 0 55 234 4 12
1545 4 0 0 55 234 4 12
1546 4 0 0 55 234 4 12
1547 4 0 0 55 235 4 11
1548 4 0 0 55 238 4 8
1549 4 0 0 55 238 4 8
1550 4 0 0 55 238 4 8
1551 4 0 0 55 238 4 8
1552 4 0 0 55 238 4 8
1553 4 0 0 55 238 4 8
1554 4 0 0 55 238 4 8
1555 4 0 0 55 238 4 8
1556 4 0 0 55 238 4 8
1557 4 0 0 55 238 4 8
1558 4 0 0 55 238 4 8
1559 4 0 0 55 238 4 8
1560 4 0 0 55 238 4 10
1561 4 0 0 55 238 4 12
1562 4 0 0 55 238 4 12
1563 4 0 0 55 238 4 12
1564 4 0 0 55 239 4 11
1565 4 0 0 55 241 4 9
1566 4 0 0 55 242 4 8
1567 4 0 0 55 242 4 8
1568 4 0 0 55 242 4 8
1569 4 0 0 55 242 4 8
1570 4 0 0 55 242 4 8
1571 4 0 0 55 242 4 8
1572 4 0 0 55 242 4 8
1573 4 0 0 55 242 4 8
1574 4 0 0 55 242 4 8
1575 4 0 0 55 242 4 8
1576 4 0 0 55 242 4 8
1577 4 0 0 55 242 4 8
1578 4 0 0 55 242 4 8
1579 4 0 0 55 242 4 8
1580 4 0 0 55 242 4 8
1581 4 0 0 55 242 4 10
1582 4 0 0 55 242 4 12
1583 4 0 0 55 242 4 12
1584 4 0 0 55 242 4 12
1585 4 0 0 55 243 4 11
1586 4 0 0 55 245 4 9
1587 4 0 0 55 246 4 8
1588 4 0 0 55 246 4 8
1589 4 0 0 55 246 4 8
1590 4 0 0 55 246 4 8
1591 4 0 0 55 246 4 8
1592 4 0 0 55 246 4 8
1593 4 0 0 55 246 4 8
1594 4 0 0 55 246 4 8
1595 4 0 0 55 246 4 8
1596 4 0 0 55 246 4 8
1597 4 0 0 55 246 4 8
1598 4 0 0 55 246 4 10
1599 4 0 0 55 246 4 12
1600 4 0 0 55 247 4 11
1601 4 0 0 55 247 4 11
1602 4 0 0 55 248 4 10
1603 4 0 0 55 250 4 8
1604 4 0 0 55 250 4 8
1605 4 0 0 55 250 4 8
1606 4 0 0 55 250 4 8
1607 4 0 0 55 250 4 8
1608 4 0 0 55 250 4 8
1609 4 0 0 55 250 4 8
1610 4 0 0 55 250 4 8
1611 4 0 0 55 250 4 8
1612 4 0 0 55 250 4 8
1613 4 0 0 55 250 4 8
1614 4 0 0 55 250 4 8
1615 4 0 0 55 250 4 8
1616 4 0 0 55 250 4 8
1617 4 0 0 55 250 4 8
1618 4 0 0 55 250 4 8
1619 4 0 0 55 250 4 10
1620 5 0 0 54 250 4 12
1621 5 0 0 54 250 4 12
1622 5 0 0 54 250 4 12
1623 5 0 0 54 251 4 11
1624 5 0 0 54 253 4 9
1625 5 0 0 54 254 4 8
1626 5 0 0 54 254 4 8
1627 5 0 0 54 254 4 8
1628 5 0 0 54 254 4 8
1629 5 0 0 54 254 4 8
1630 5 0 0 54 254 4 8
1631 5 0 0 54 254 4 8
1632 5 0 0 54 254 4 8
1633 5 0 0 54 254 4 8
1634 5 0 0 54 254 4 8
1635 5 0 0 54 254 4 8
1636 5 0 0 54 254 4 10
1637 5 0 0 54 254 4 12
1638 5 0 0 54 254 4 12
1639 5 0 0 54 255 4 11
1640 5 0 0 54 256 4 10
1641 5 0 0 54 258 4 8
1642 5 0 0 54 258 4 8
1643 5 0 0 54 258 4 8
1644 5 0 0 54 258 4 8
1645 5 0 0 54 258 4 8
1646 5 0 0 54 258 4 8
1647 5 0 0 54 258 4 8
1648 5 0 0 54 258 4 8
1649 5 0 0 54 258 4 8
1650 5 0 0 54 258 4 8
1651 5 0 0 54 258 4 8
1652 5 0 0 54 258 4 8
1653 5 0 0 54 258 4 8
1654 5 0 0 54 258 4 8
1655 5 0 0 54 258 4 8
1656 5 0 0 54 258 4 8
1657 5 0 0 54 258 4 10
1658 5 0 0 54 258 4 12
1659 5 0 0 54 260 4 10
1660 5 0 0 54 260 4 10
1661 5 0 0 54 261 4 9
1662 5 0 0 54 262 4 8
1663 5 0 0 54 262 4 8
1664 5 0 0 54 262 4 8
1665 5 0 0 54 262 4 8
1666 5 0 0 54 262 4 8
1667 5 0 0 54 262 4 8
1668 5 0 0 54 262 4 8
1669 5 0 0 54 262 4 8
1670 5 0 0 54 262 4 8
1671 5 0 0 54 262 4 8
1672 5 0 0 54 262 4 8
1673 5 0 0 54 262 4 8
1674 5 0 0 54 262 4 10
1675 5 0 0 54 262 4 12
1676 5 0 0 54 262 4 12
1677 5 0 0 54 264 4 10
1678 5 0 0 54 265 4 9
1679 5 0 0 54 266 4 8
1680 5 0 0 54 266 4 8
1681 5 0 0 54 266 4 8
1682 5 0 0 54 266 4 8
1683 5 0 0 54 263 5 9
1684 5 0 0 54 263 5 9
1685 5 0 0 54 263 5 9
1686 5 0 0 54 263 5 9
1687 5 0 0 54 263 5 9
1688 5 0 0 54 263 5 9
1689 5 0 0 54 263 5 9
1690 5 0 0 54 263 5 9
1691 5 0 0 54 263 5 9
1692 5 0 0 54 263 5 9
1693 5 0 0 54 263 5 9
1694 5 0 0 54 263 5 9
1695 5 0 0 54 263 5 11
1696 5 0 0 54 263 5 13
1697 5 0 0 54 263 5 13
1698 5 0 0 54 265 5 11
1699 5 0 0 54 265 5 11
1700 5 0 0 54 267 5 9
1701 5 0 0 54 267 5 9
1702 5 0 0 54 267 5 9
1703 5 0 0 54 267 5 9
1704 5 0 0 54 267 5 9
1705 5 0 0 54 267 5 9
1706 5 0 0 54 267 5 9
1707 5 0 0 54 267 5 9
1708 5 0 0 54 267 5 9
1709 5 0 0 54 267 5 9
1710 5 0 0 54 267 5 9
1711 5 0 0 54 267 5 9
1712 5 0 0 54 267 5 12
1713 5 0 0 54 267 5 14
1714 5 0 0 54 268 5 13
1715 5 0 0 54 268 5 13
1716 5 0 0 54 271 5 10
1717 5 0 0 54 272 5 9
1718 5 0 0 54 269 6 10
1719 5 0 0 54 269 6 10
1720 5 0 0 54 269 6 10
1721 5 0 0 54 269 6 11
1722 5 0 0 54 269 6 11
1723 5 0 0 54 269 6 11
1724 5 0 0 54 269 6 11
1725 5 0 0 54 269 6 11
1726 5 0 0 54 269 6 11
1727 5 0 0 54 269 6 11
1728 5 0 0 54 269 6 11
1729 5 0 0 54 269 6 11
1730 5 0 0 54 269 6 11
1731 5 0 0 54 269 6 11
1732 5 0 0 54 269 6 11
1733 5 0 0 54 269 6 13
1734 5 0 0 54 269 6 15
1735 5 0 0 54 270 6 14
1736 5 0 0 54 270 6 14
1737 5 0 0 54 271 6 13
1738 5 0 0 54 273 6 11
1739 5 0 0 54 273 6 11
1740 5 0 0 54 273 6 11
1741 5 0 0 54 273 6 11
1742 5 0 0 54 273 6 11
1743 5 0 0 54 273 6 11
1744 5 0 0 54 273 6 11
1745 5 0 0 54 273 6 11
1746 5 0 0 54 273 6 11
1747 5 0 0 54 273 6 12
1748 5 0 0 54 273 6 12
1749 5 0 0 54 273 6 12
1750 5 0 0 54 273 6 16
1751 5 0 0 54 274 6 17
1752 5 0 0 54 274 6 17
1753 5 0 0 54 274 6 17
1754 5 0 0 54 275 6 16
1755 5 0 0 54 279 6 12
1756 5 0 0 54 280 6 12
1757 5 0 0 54 280 6 12
1758 5 0 0 54 280 6 12
1759 5 0 0 54 280 6 12
1760 5 0 0 54 280 6 12
1761 5 0 0 54 280 6 12
1762 5 0 0 54 280 6 12
1763 5 0 0 54 280 6 12
1764 5 0 0 54 280 6 12
1765 5 0 0 54 280 6 12
1766 5 0 0 54 280 6 12
1767 5 0 0 54 280 6 12
1768 5 0 0 54 280 6 12
1769 5 0 0 54 280 6 12
1770 5 0 0 54 280 6 12
1771 5 0 0 54 280 6 14
1772 5 0 0 54 280 6 16
1773 5 0 0 54 280 6 16
1774 5 0 0 54 280 6 16
1775 5 0 0 54 282 6 14
1776 5 0 0 54 284 6 12
1777 5 0 0 54 284 6 12
1778 5 0 0 54 284 6 12
1779 5 0 0 54 284 6 12
1780 5 0 0 54 284 6 12
1781 5 0 0 54 284 6 12
1782 5 0 0 54 284 6 12
1783 5 0 0 54 284 6 12
1784 5 0 0 54 284 6 12
1785 5 0 0 54 284 6 14
1786 5 0 0 54 285 6 13
1787 5 0 0 54 285 6 13
1788 5 0 0 54 285 6 17
1789 5 0 0 54 286 6 18
1790 5 0 0 54 287 6 17
1791 5 0 0 54 288 6 16
1792 5 0 0 54 291 6 13
1793 5 0 0 54 292 6 12
1794 5 0 0 54 292 6 12
1795 5 0 0 54 292 6 12
1796 5 0 0 54 292 6 12
1797 5 0 0 54 292 6 12
1798 5 0 0 54 292 6 12
1799 5 0 0 54 292 6 12
1800 5 0 0 54 292 6 12
1801 5 0 0 54 292 6 12
1802 5 0 0 54 292 6 12
1803 5 0 0 54 292 6 12
1804 5 0 0 54 292 6 12
1805 5 0 0 54 292 6 12
1806 5 0 0 54 292 6 12
1807 5 0 0 54 292 6 12
1808 5 0 0 54 292 6 12
1809 5 0 0 54 292 6 14
1810 5 0 0 54 292 6 16
1811 5 0 0 54 292 6 16
1812 5 0 0 54 293 6 15
1813 5 0 0 54 295 6 13
1814 5 0 0 54 296 6 12
1815 5 0 0 54 296 6 12
1816 5 0 0 54 296 6 12
1817 5 0 0 54 296 6 12
1818 5 0 0 54 296 6 12
1819 5 0 0 54 296 6 12
1820 5 0 0 54 296 6 12
1821 5 0 0 54 296 6 12
1822 5 0 0 54 296 6 12
1823 5 0 0 54 296 6 14
1824 5 0 0 54 296 6 14
1825 5 0 0 54 296 6 14
1826 5 0 0 54 296 6 18
1827 5 0 0 54 298 6 18
1828 6 0 0 53 298 6 18
1829 6 0 0 53 298 6 18
1830 6 0 0 53 300 6 16
1831 6 0 0 53 304 6 12
1832 6 0 0 53 304 6 12
1833 6 0 0 53 304 6 12
1834 6 0 0 53 304 6 12
1835 6 0 0 53 304 6 12
1836 6 0 0 53 304 6 12
1837 6 0 0 53 304 6 12
1838 6 0 0 53 304 6 12
1839 6 0 0 53 304 6 12
1840 6 0 0 53 304 6 12
1841 6 0 0 53 304 6 12
1842 6 0 0 53 304 6 12
1843 6 0 0 53 304 6 12
1844 6 0 0 53 304 6 12
1845 6 0 0 53 304 6 12
1846 6 0 0 53 304 6 12
1847 6 0 0 53 304 6 14
1848 6 0 0 53 305 6 15
1849 6 0 0 53 305 6 15
1850 6 0 0 53 306 6 14
1851 6 0 0 53 306 6 14
1852 6 0 0 53 308 6 12
1853 6 0 0 53 308 6 12
1854 6 0 0 53 308 6 12
1855 6 0 0 53 308 6 12
1856 6 0 0 53 308 6 12
1857 6 0 0 53 308 6 12
1858 6 0 0 53 308 6 12
1859 6 0 0 53 308 6 12
1860 6 0 0 53 308 6 12
1861 6 0 0 53 308 6 14
1862 6 0 0 53 308 6 14
1863 6 0 0 53 309 6 13
1864 6 0 0 53 309 6 17
1865 6 0 0 53 309 6 19
1866 6 0 0 53 310 6 18
1867 6 0 0 53 310 6 18
1868 6 0 0 53 312 6 16
1869 6 0 0 53 316 6 12
1870 6 0 0 53 316 6 12
1871 6 0 0 53 316 6 12
1872 6 0 0 53 316 6 12
1873 6 0 0 53 316 6 12
1874 6 0 0 53 316 6 12
1875 6 0 0 53 316 6 12
1876 6 0 0 53 316 6 12
1877 6 0 0 53 316 6 12
1878 6 0 0 53 316 6 12
1879 6 0 0 53 316 6 12
1880 6 0 0 53 316 6 12
1881 6 0 0 53 316 6 12
1882 6 0 0 53 316 6 12
1883 6 0 0 53 316 6 12
1884 6 0 0 53 316 6 12
1885 6 0 0 53 316 6 14
1886 6 0 0 53 316 6 16
1887 6 0 0 53 316 6 16
1888 6 0 0 53 316 6 16
1889 6 0 0 53 318 6 14
1890 6 0 0 53 320 6 12
1891 6 0 0 53 320 6 12
1892 6 0 0 53 320 6 12
1893 6 0 0 53 320 6 12
1894 6 0 0 53 320 6 12
1895 6 0 0 53 320 6 12
1896 6 0 0 53 320 6 12
1897 6 0 0 53 320 6 12
1898 6 0 0 53 320 6 12
1899 6 0 0 53 320 6 14
1900 6 0 0 53 320 6 14
1901 6 0 0 53 320 6 14
1902 6 0 0 53 320 6 18
1903 6 0 0 53 321 6 19
1904 6 0 0 53 322 6 18
1905 6 0 0 53 323 6 17
1906 6 0 0 53 325 6 15
1907 6 0 0 53 326 6 14
1908 6 0 0 53 328 6 12
1909 6 0 0 53 328 6 12
1910 6 0 0 53 328 6 12
1911 6 0 0 53 328 6 12
1912 6 0 0 53 328 6 12
1913 6 0 0 53 328 6 12
1914 6 0 0 53 328 6 12
1915 6 0 0 53 328 6 12
1916 6 0 0 53 328 6 12
1917 6 0 0 53 328 6 12
1918 6 0 0 53 328 6 12
1919 6 0 0 53 328 6 12
1920 6 0 0 53 328 6 12
1921 6 0 0 53 328 6 12
1922 6 0 0 53 328 6 12
1923 6 0 0 53 328 6 14
1924 6 0 0 53 328 6 16
1925 6 0 0 53 328 6 16
1926 6 0 0 53 328 6 16
1927 6 0 0 53 330 6 14
1928 6 0 0 53 332 6 12
1929 6 0 0 53 332 6 12
1930 6 0 0 53 332 6 12
1931 6 0 0 53 332 6 12
1932 6 0 0 53 332 6 12
1933 6 0 0 53 332 6 12
1934 6 0 0 53 332 6 12
1935 6 0 0 53 332 6 12
1936 6 0 0 53 332 6 12
1937 6 0 0 53 332 6 14
1938 6 0 0 53 332 6 14
1939 6 0 0 53 332 6 14
1940 6 0 0 53 332 6 18
1941 6 0 0 53 333 6 19
1942 6 0 0 53 333 6 19
1943 6 0 0 53 334 6 18
1944 6 0 0 53 336 6 16
1945 6 0 0 53 339 6 13
1946 6 0 0 53 340 6 12
1947 6 0 0 53 340 6 12
1948 6 0 0 53 340 6 12
1949 6 0 0 53 340 6 12
1950 6 0 0 53 340 6 12
1951 6 0 0 53 340 6 12
1952 6 0 0 53 340 6 12
1953 6 0 0 53 340 6 12
1954 6 0 0 53 340 6 12
1955 6 0 0 53 340 6 12
1956 6 0 0 53 340 6 12
1957 6 0 0 53 340 6 12
1958 6 0 0 53 340 6 12
1959 6 0 0 53 340 6 12
1960 6 0 0 53 340 6 12
1961 6 0 0 53 340 6 14
1962 6 0 0 53 341 6 15
1963 6 0 0 53 341 6 15
1964 6 0 0 53 341 6 15
1965 6 0 0 53 342 6 14
1966 6 0 0 53 344 6 12
1967 6 0 0 53 344 6 12
1968 6 0 0 53 344 6 12
1969 6 0 0 53 344 6 12
1970 6 0 0 53 344 6 12
1971 6 0 0 53 344 6 12
1972 6 0 0 53 344 6 12
1973 6 0 0 53 344 6 12
1974 6 0 0 53 344 6 12
1975 6 0 0 53 344 6 14
1976 6 0 0 53 344 6 14
1977 6 0 0 53 344 6 14
1978 6 0 0 53 345 6 17
1979 6 0 0 53 345 6 19
1980 6 0 0 53 346 6 18
1981 6 0 0 53 346 6 18
1982 6 0 0 53 348 6 16
1983 6 0 0 53 352 6 12
1984 6 0 0 53 352 6 12
1985 6 0 0 53 352 6 12
1986 6 0 0 53 352 6 12
1987 6 0 0 53 352 6 12
1988 6 0 0 53 352 6 12
1989 6 0 0 53 352 6 12
1990 6 0 0 53 352 6 12
1991 6 0 0 53 352 6 12
1992 6 0 0 53 352 6 12
1993 6 0 0 53 352 6 12
1994 6 0 0 53 352 6 12
1995 6 0 0 53 352 6 12
1996 6 0 0 53 352 6 12
1997 6 0 0 53 352 6 12
1998 6 0 0 53 352 6 12
1999 6 0 0 53 352 6 14
2000 6 0 0 53 352 6 16
2001 6 0 0 53 352 6 16
2002 6 0 0 53 352 6 16
2003 6 0 0 53 354 6 14
2004 6 0 0 53 355 6 13
2005 6 0 0 53 356 6 12
2006 6 0 0 53 356 6 12
2007 6 0 0 53 356 6 12
2008 6 0 0 53 356 6 12
2009 6 0 0 53 356 6 12
2010 6 0 0 53 356 6 12
2011 6 0 0 53 356 6 12
2012 6 0 0 53 356 6 12
2013 6 0 0 53 356 6 14
2014 6 0 0 53 356 6 14
2015 6 0 0 53 356 6 14
2016 6 0 0 53 357 6 17
2017 6 0 0 53 357 6 19
2018 6 0 0 53 358 6 18
2019 6 0 0 53 359 6 17
2020 6 0 0 53 361 6 15
2021 6 0 0 53 364 6 12
2022 6 0 0 53 364 6 12
2023 6 0 0 53 364 6 12
2024 6 0 0 53 364 6 12
2025 6 0 0 53 364 6 12
2026 6 0 0 53 364 6 12
2027 6 0 0 53 364 6 12
2028 6 0 0 53 364 6 12
2029 6 0 0 53 364 6 12
2030 6 0 0 53 364 6 12
2031 6 0 0 53 364 6 12
2032 6 0 0 53 364 6 12
2033 6 0 0 53 364 6 12
2034 6 0 0 53 364 6 12
2035 6 0 0 53 364 6 12
2036 6 0 0 53 364 6 12
2037 6 0 0 53 364 6 14
2038 6 0 0 53 364 6 16
2039 6 0 0 53 364 6 16
2040 6 0 0 53 364 6 16
2041 6 0 0 53 365 6 15
2042 6 0 0 53 368 6 12
2043 6 0 0 53 368 6 12
2044 6 0 0 53 368 6 12
2045 6 0 0 53 368 6 12
2046 6 0 0 53 368 6 12
2047 6 0 0 53 368 6 12
2048 6 0 0 53 368 6 12
2049 6 0 0 53 368 6 12
2050 6 0 0 53 368 6 12
2051 6 0 0 53 368 6 14
2052 6 0 0 53 368 6 14
2053 6 0 0 53 368 6 14
2054 6 0 0 53 368 6 18
2055 6 0 0 53 369 6 19
2056 6 0 0 53 369 6 19
2057 6 0 0 53 370 6 18
2058 6 0 0 53 372 6 16
2059 6 0 0 53 375 6 13
2060 6 0 0 53 376 6 12
2061 6 0 0 53 376 6 12
2062 6 0 0 53 376 6 12
2063 6 0 0 53 376 6 12
2064 6 0 0 53 376 6 12
2065 6 0 0 53 376 6 12
2066 6 0 0 53 376 6 12
2067 6 0 0 53 376 6 12
2068 6 0 0 53 376 6 12
2069 6 0 0 53 376 6 12
2070 6 0 0 53 376 6 12
2071 6 0 0 53 376 6 12
2072 6 0 0 53 376 6 12
2073 6 0 0 53 376 6 12
2074 6 0 0 53 376 6 12
2075 6 0 0 53 376 6 14
2076 6 0 0 53 376 6 16
2077 6 0 0 53 376 6 16
2078 6 0 0 53 377 6 15
2079 6 0 0 53 379 6 13
2080 6 0 0 53 380 6 12
2081 6 0 0 53 380 6 12
2082 6 0 0 53 380 6 12
2083 6 0 0 53 380 6 12
2084 6 0 0 53 380 6 12
2085 6 0 0 53 380 6 12
2086 6 0 0 53 380 6 12
2087 6 0 0 53 380 6 12
2088 6 0 0 53 380 6 12
2089 6 0 0 53 380 6 14
2090 6 0 0 53 380 6 14
2091 6 0 0 53 380 6 14
2092 6 0 0 53 381 6 17
2093 6 0 0 53 381 6 19
2094 6 0 0 53 382 6 18
2095 6 0 0 53 382 6 18
2096 6 0 0 53 385 6 15
2097 6 0 0 53 388 6 12
2098 6 0 0 53 388 6 12
2099 6 0 0 53 388 6 12
2100 6 0 0 53 388 6 12
2101 6 0 0 53 388 6 12
2102 6 0 0 53 388 6 12
2103 6 0 0 53 388 6 12
2104 6 0 0 53 388 6 12
2105 6 0 0 53 388 6 12
2106 6 0 0 53 388 6 12
2107 6 0 0 53 388 6 12
2108 6 0 0 53 388 6 12
2109 6 0 0 53 388 6 12
2110 6 0 0 53 388 6 12
2111 6 0 0 53 388 6 12
2112 6 0 0 53 388 6 12
2113 6 0 0 53 388 6 14
2114 6 0 0 53 388 6 16
2115 6 0 0 53 388 6 16
2116 6 0 0 53 388 6 16
2117 6 0 0 53 392 6 12
2118 6 0 0 53 392 6 12
2119 6 0 0 53 392 6 12
2120 6 0 0 53 392 6 12
2121 6 0 0 53 392 6 12
2122 6 0 0 53 392 6 12
2123 6 0 0 53 392 6 12
2124 6 0 0 53 392 6 12
2125 6 0 0 53 392 6 12
2126 6 0 0 53 392 6 12
2127 6 0 0 53 392 6 14
2128 6 0 0 53 392 6 14
2129 6 0 0 53 392 6 14
2130 6 0 0 53 392 6 18
2131 6 0 0 53 393 6 19
2132 6 0 0 53 393 6 19
2133 6 0 0 53 395 6 17
2134 6 0 0 53 397 6 15
2135 6 0 0 53 400 6 12
2136 6 0 0 53 400 6 12
2137 6 0 0 53 400 6 12
2138 6 0 0 53 400 6 12
2139 6 0 0 53 400 6 12
2140 6 0 0 53 400 6 12
2141 6 0 0 53 400 6 12
2142 6 0 0 53 400 6 12
2143 6 0 0 53 400 6 12
2144 6 0 0 53 400 6 12
2145 6 0 0 53 400 6 12
2146 6 0 0 53 400 6 12
2147 6 0 0 53 400 6 12
2148 6 0 0 53 400 6 12
2149 6 0 0 53 400 6 12
2150 6 0 0 53 400 6 12
2151 6 0 0 53 400 6 14
2152 6 0 0 53 400 6 16
2153 6 0 0 53 400 6 16
2154 6 0 0 53 400 6 16
2155 6 0 0 53 401 6 15
2156 6 0 0 53 404 6 12
2157 6 0 0 53 404 6 12
2158 6 0 0 53 404 6 12
2159 6 0 0 53 404 6 12
2160 6 0 0 53 404 6 12
2161 6 0 0 53 404 6 12
2162 6 0 0 53 404 6 12
2163 6 0 0 53 404 6 12
2164 6 0 0 53 404 6 12
2165 6 0 0 53 404 6 14
2166 6 0 0 53 404 6 14
2167 6 0 0 53 404 6 14
2168 6 0 0 53 404 6 18
2169 6 0 0 53 405 6 19
2170 6 0 0 53 406 6 18
2171 6 0 0 53 406 6 18
2172 6 0 0 53 408 6 16
2173 6 0 0 53 411 6 13
2174 6 0 0 53 412 6 12
2175 6 0 0 53 412 6 12
2176 6 0 0 53 412 6 12
2177 7 0 0 52 412 6 12
2178 7 0 0 52 409 7 13
2179 7 0 0 52 409 7 13
2180 7 0 0 52 409 7 13
2181 7 0 0 52 409 7 13
2182 7 0 0 52 409 7 13
2183 7 0 0 52 409 7 13
2184 7 0 0 52 409 7 13
2185 7 0 0 52 409 7 13
2186 7 0 0 52 409 7 13
2187 7 0 0 52 409 7 13
2188 7 0 0 52 409 7 13
2189 7 0 0 52 409 7 15
2190 7 0 0 52 409 7 17
2191 7 0 0 52 409 7 17
2192 7 0 0 52 409 7 17
2193 7 0 0 52 412 7 14
2194 7 0 0 52 413 7 13
2195 7 0 0 52 413 7 13
2196 7 0 0 52 413 7 13
2197 7 0 0 52 413 7 13
2198 7 0 0 52 413 7 13
2199 7 0 0 52 413 7 13
2200 7 0 0 52 413 7 13
2201 7 0 0 52 413 7 13
2202 7 0 0 52 413 7 13
2203 7 0 0 52 413 7 15
2204 7 0 0 52 413 7 15
2205 7 0 0 52 413 7 15
2206 7 0 0 52 414 7 18
2207 7 0 0 52 414 7 21
2208 7 0 0 52 415 7 20
2209 7 0 0 52 415 7 20
2210 7 0 0 52 417 7 18
2211 7 0 0 52 421 7 14
2212 7 0 0 52 422 7 13
2213 7 0 0 52 422 7 13
2214 7 0 0 52 422 7 13
2215 7 0 0 52 422 7 13
2216 7 0 0 52 422 7 14
2217 7 0 0 52 422 7 14
2218 7 0 0 52 422 7 14
2219 7 0 0 52 422 7 14
2220 7 0 0 52 422 7 14
2221 7 0 0 52 422 7 14
2222 7 0 0 52 422 7 14
2223 7 0 0 52 422 7 14
2224 7 0 0 52 422 7 14
2225 7 0 0 52 422 7 14
2226 7 0 0 52 422 7 14
2227 7 0 0 52 422 7 16
2228 7 0 0 52 422 7 18
2229 7 0 0 52 422 7 18
2230 7 0 0 52 423 7 17
2231 7 0 0 52 425 7 15
2232 7 0 0 52 426 7 14
2233 7 0 0 52 426 7 14
2234 7 0 0 52 426 7 14
2235 7 0 0 52 423 8 15
2236 7 0 0 52 423 8 15
2237 7 0 0 52 423 8 15
2238 7 0 0 52 423 8 15
2239 7 0 0 52 423 8 15
2240 7 0 0 52 423 8 15
2241 7 0 0 52 423 8 17
2242 7 0 0 52 423 8 17
2243 7 0 0 52 423 8 17
2244 7 0 0 52 423 8 21
2245 7 0 0 52 424 8 24
2246 7 0 0 52 425 8 23
2247 7 0 0 52 425 8 23
2248 7 0 0 52 427 8 21
2249 7 0 0 52 430 8 18
2250 7 0 0 52 432 8 16
2251 7 0 0 52 433 8 15
2252 7 0 0 52 433 8 15
2253 7 0 0 52 433 8 15
2254 7 0 0 52 433 8 15
2255 7 0 0 52 433 8 15
2256 7 0 0 52 433 8 15
2257 7 0 0 52 433 8 15
2258 7 0 0 52 433 8 15
2259 7 0 0 52 433 8 15
2260 7 0 0 52 433 8 15
2261 7 0 0 52 433 8 15
2262 7 0 0 52 433 8 15
2263 7 0 0 52 433 8 15
2264 7 0 0 52 433 8 16
2265 7 0 0 52 433 8 18
2266 7 0 0 52 433 8 20
2267 7 0 0 52 433 8 20
2268 7 0 0 52 434 8 19
2269 7 0 0 52 436 8 17
2270 7 0 0 52 438 8 15
2271 7 0 0 52 438 8 15
2272 7 0 0 52 438 8 15
2273 7 0 0 52 438 8 16
2274 7 0 0 52 438 8 16
2275 7 0 0 52 438 8 16
2276 7 0 0 52 438 8 16
2277 7 0 0 52 438 8 16
2278 7 0 0 52 438 8 16
2279 7 0 0 52 438 8 18
2280 7 0 0 52 438 8 18
2281 7 0 0 52 438 8 18
2282 7 0 0 52 438 8 22
2283 7 0 0 52 440 8 24
2284 7 0 0 52 440 8 24
2285 7 0 0 52 441 8 23
2286 7 0 0 52 443 8 21
2287 7 0 0 52 447 8 17
2288 7 0 0 52 448 8 16
2289 7 0 0 52 448 8 16
2290 7 0 0 52 448 8 16
2291 7 0 0 52 448 8 16
2292 7 0 0 52 448 8 16
2293 7 0 0 52 448 8 16
2294 7 0 0 52 448 8 16
2295 7 0 0 52 448 8 16
2296 7 0 0 52 448 8 16
2297 7 0 0 52 448 8 16
2298 7 0 0 52 448 8 16
2299 7 0 0 52 448 8 16
2300 7 0 0 52 448 8 16
2301 7 0 0 52 448 8 16
2302 7 0 0 52 448 8 18
2303 7 0 0 52 448 8 20
2304 7 0 0 52 450 8 20
2305 7 0 0 52 450 8 20
2306 7 0 0 52 453 8 17
2307 7 0 0 52 453 8 17
2308 7 0 0 52 454 8 16
2309 7 0 0 52 454 8 16
2310 7 0 0 52 454 8 16
2311 7 0 0 52 454 8 16
2312 7 0 0 52 454 8 16
2313 7 0 0 52 454 8 16
2314 7 0 0 52 454 8 16
2315 7 0 0 52 454 8 16
2316 7 0 0 52 454 8 16
2317 7 0 0 52 454 8 18
2318 7 0 0 52 454 8 18
2319 7 0 0 52 454 8 18
2320 7 0 0 52 454 8 22
2321 7 0 0 52 455 8 25
2322 7 0 0 52 455 8 25
2323 7 0 0 52 456 8 24
2324 7 0 0 52 458 8 22
2325 7 0 0 52 463 8 17
2326 7 0 0 52 464 8 16
2327 7 0 0 52 464 8 16
2328 7 0 0 52 464 8 16
2329 7 0 0 52 464 8 16
2330 7 0 0 52 464 8 16
2331 7 0 0 52 464 8 16
2332 7 0 0 52 464 8 16
2333 7 0 0 52 464 8 16
2334 7 0 0 52 464 8 16
2335 7 0 0 52 464 8 16
2336 7 0 0 52 464 8 16
2337 7 0 0 52 464 8 16
2338 7 0 0 52 464 8 16
2339 7 0 0 52 464 8 16
2340 7 0 0 52 464 8 18
2341 7 0 0 52 464 8 20
2342 7 0 0 52 464 8 22
2343 7 0 0 52 465 8 21
2344 7 0 0 52 467 8 19
2345 7 0 0 52 469 8 17
2346 7 0 0 52 470 8 16
2347 7 0 0 52 470 8 16
2348 7 0 0 52 470 8 16
2349 7 0 0 52 470 8 16
2350 7 0 0 52 470 8 16
2351 7 0 0 52 470 8 16
2352 7 0 0 52 470 8 16
2353 7 0 0 52 470 8 16
2354 7 0 0 52 470 8 16
2355 7 0 0 52 470 8 18
2356 7 0 0 52 471 8 17
2357 7 0 0 52 471 8 17
2358 7 0 0 52 471 8 21
2359 7 0 0 52 471 8 25
2360 7 0 0 52 471 8 25
2361 7 0 0 52 471 8 25
2362 7 0 0 52 474 8 22
2363 7 0 0 52 479 8 17
2364 7 0 0 52 480 8 16
2365 7 0 0 52 480 8 16
2366 7 0 0 52 480 8 16
2367 7 0 0 52 480 8 16
2368 7 0 0 52 480 8 16
2369 7 0 0 52 480 8 16
2370 7 0 0 52 480 8 16
2371 7 0 0 52 480 8 16
2372 7 0 0 52 480 8 16
2373 7 0 0 52 480 8 16
2374 7 0 0 52 480 8 16
2375 7 0 0 52 480 8 16
2376 7 0 0 52 480 8 16
2377 7 0 0 52 480 8 16
2378 7 0 0 52 480 8 18
2379 7 0 0 52 480 8 20
2380 7 0 0 52 480 8 22
2381 7 0 0 52 480 8 22
2382 7 0 0 52 483 8 19
2383 7 0 0 52 484 8 18
2384 7 0 0 52 486 8 16
2385 7 0 0 52 486 8 16
2386 7 0 0 52 486 8 16
2387 7 0 0 52 486 8 16
2388 7 0 0 52 486 8 16
2389 7 0 0 52 486 8 16
2390 7 0 0 52 486 8 16
2391 7 0 0 52 486 8 16
2392 7 0 0 52 486 8 16
2393 7 0 0 52 486 8 18
2394 7 0 0 52 486 8 18
2395 7 0 0 52 486 8 18
2396 7 0 0 52 486 8 22
2397 7 0 0 52 487 8 25
2398 7 0 0 52 488 8 24
2399 7 0 0 52 490 8 22
2400 7 0 0 52 492 8 20
2401 7 0 0 52 493 8 19
2402 7 0 0 52 495 8 17
2403 7 0 0 52 495 8 17
2404 7 0 0 52 496 8 16
2405 7 0 0 52 496 8 16
2406 7 0 0 52 496 8 16
2407 7 0 0 52 496 8 16
2408 7 0 0 52 496 8 16
2409 7 0 0 52 496 8 16
2410 7 0 0 52 496 8 16
2411 7 0 0 52 496 8 16
2412 7 0 0 52 496 8 16
2413 7 0 0 52 496 8 16
2414 7 0 0 52 496 8 16
2415 7 0 0 52 496 8 16
2416 7 0 0 52 496 8 18
2417 7 0 0 52 496 8 20
2418 7 0 0 52 496 8 22
2419 7 0 0 52 496 8 22
2420 7 0 0 52 498 8 20
2421 7 0 0 52 500 8 18
2422 7 0 0 52 502 8 16
2423 7 0 0 52 502 8 16
2424 7 0 0 52 502 8 16
2425 7 0 0 52 502 8 16
2426 7 0 0 52 502 8 16
2427 7 0 0 52 502 8 16
2428 7 0 0 52 502 8 16
2429 7 0 0 52 502 8 16
2430 7 0 0 52 502 8 16
2431 7 0 0 52 502 8 18
2432 7 0 0 52 502 8 18
2433 7 0 0 52 502 8 18
2434 7 0 0 52 502 8 22
2435 7 0 0 52 503 8 25
2436 7 0 0 52 503 8 25
2437 7 0 0 52 505 8 23
2438 7 0 0 52 507 8 21
2439 7 0 0 52 510 8 18
2440 7 0 0 52 512 8 16
2441 7 0 0 52 512 8 16
2442 7 0 0 52 512 8 16
2443 7 0 0 52 512 8 16
2444 7 0 0 52 512 8 16
2445 7 0 0 52 512 8 16
2446 7 0 0 52 512 8 16
2447 7 0 0 52 512 8 16
2448 7 0 0 52 512 8 16
2449 7 0 0 52 512 8 16
2450 7 0 0 52 512 8 16
2451 7 0 0 52 512 8 16
2452 7 0 0 52 512 8 16
2453 7 0 0 52 512 8 16
2454 7 0 0 52 512 8 18
2455 7 0 0 52 512 8 20
2456 7 0 0 52 513 8 21
2457 7 0 0 52 513 8 21
2458 7 0 0 52 514 8 20
2459 7 0 0 52 516 8 18
2460 7 0 0 52 518 8 16
2461 7 0 0 52 518 8 16
2462 7 0 0 52 518 8 16
2463 7 0 0 52 518 8 16
2464 7 0 0 52 518 8 16
2465 7 0 0 52 518 8 16
2466 7 0 0 52 518 8 16
2467 7 0 0 52 518 8 16
2468 7 0 0 52 518 8 16
2469 7 0 0 52 518 8 18
2470 7 0 0 52 520 8 16
2471 7 0 0 52 520 8 16
2472 7 0 0 52 520 8 20
2473 7 0 0 52 520 8 24
2474 7 0 0 52 523 8 21
2475 7 0 0 52 523 8 21
2476 7 0 0 52 525 8 19
2477 7 0 0 52 527 8 17
2478 7 0 0 52 528 8 16
2479 7 0 0 52 528 8 16
2480 7 0 0 52 525 9 17
2481 7 0 0 52 525 9 17
2482 7 0 0 52 525 9 17
2483 7 0 0 52 525 9 17
2484 7 0 0 52 525 9 17
2485 7 0 0 52 525 9 17
2486 7 0 0 52 525 9 17
2487 7 0 0 52 525 9 17
2488 7 0 0 52 525 9 17
2489 7 0 0 52 525 9 17
2490 7 0 0 52 525 9 17
2491 7 0 0 52 525 9 17
2492 7 0 0 52 525 9 19
2493 7 0 0 52 525 9 21
2494 7 0 0 52 525 9 23
2495 7 0 0 52 525 9 23
2496 7 0 0 52 527 9 21
2497 7 0 0 52 530 9 18
2498 7 0 0 52 531 9 17
2499 7 0 0 52 531 9 17
2500 7 0 0 52 531 9 17
2501 7 0 0 52 531 9 17
2502 7 0 0 52 531 9 17
2503 7 0 0 52 531 9 17
2504 7 0 0 52 531 9 17
2505 7 0 0 52 531 9 17
2506 7 0 0 52 531 9 17
2507 7 0 0 52 531 9 19
2508 7 0 0 52 532 9 18
2509 7 0 0 52 532 9 19
2510 7 0 0 52 532 9 23
2511 7 0 0 52 532 9 27
2512 7 0 0 52 532 9 27
2513 7 0 0 52 533 9 26
2514 7 0 0 52 536 9 23
2515 7 0 0 52 539 9 20
2516 7 0 0 52 541 9 18
2517 7 0 0 52 542 9 17
2518 7 0 0 52 542 9 18
2519 7 0 0 52 542 9 18
2520 7 0 0 52 542 9 18
2521 7 0 0 52 542 9 18
2522 7 0 0 52 542 9 18
2523 7 0 0 52 542 9 18
2524 7 0 0 52 542 9 18
2525 7 0 0 52 542 9 18
2526 7 0 0 52 542 9 18
2527 7 0 0 52 542 9 18
2528 7 0 0 52 542 9 18
2529 7 0 0 52 542 9 18
2530 7 0 0 52 542 9 20
2531 7 0 0 52 542 9 22
2532 7 0 0 52 542 9 24
2533 7 0 0 52 542 9 24
2534 7 0 0 52 544 9 22
2535 7 0 0 52 545 9 21
2536 7 0 0 52 548 9 18
2537 7 0 0 52 548 9 18
2538 7 0 0 52 548 9 18
2539 7 0 0 52 548 9 18
2540 7 0 0 52 548 9 18
2541 7 0 0 52 548 9 18
2542 7 0 0 52 548 9 18
2543 7 0 0 52 548 9 18
2544 7 0 0 52 548 9 18
2545 7 0 0 52 548 9 20
2546 7 0 0 52 548 9 20
2547 7 0 0 52 548 9 22
2548 7 0 0 52 548 9 26
2549 7 0 0 52 554 9 24
2550 7 0 0 52 554 9 24
2551 7 0 0 52 556 9 22
2552 7 0 0 52 556 9 22
2553 7 0 0 52 560 9 18
2554 7 0 0 52 560 9 18
2555 7 0 0 52 560 9 18
2556 7 0 0 52 560 9 18
2557 7 0 0 52 560 9 18
2558 7 0 0 52 560 9 18
2559 7 0 0 52 560 9 18
2560 7 0 0 52 560 9 18
2561 7 0 0 52 560 9 18
2562 7 0 0 52 560 9 18
2563 7 0 0 52 560 9 18
2564 7 0 0 52 560 9 18
2565 7 0 0 52 560 9 18
2566 7 0 0 52 560 9 18
2567 7 0 0 52 560 9 18
2568 7 0 0 52 560 9 20
2569 7 0 0 52 560 9 22
2570 7 0 0 52 560 9 24
2571 7 0 0 52 560 9 24
2572 7 0 0 52 561 9 23
2573 7 0 0 52 564 9 20
2574 7 0 0 52 566 9 18
2575 7 0 0 52 566 9 18
2576 7 0 0 52 566 9 18
2577 7 0 0 52 566 9 18
2578 7 0 0 52 566 9 18
2579 7 0 0 52 566 9 18
2580 7 0 0 52 566 9 18
2581 7 0 0 52 566 9 18
2582 7 0 0 52 566 9 18
2583 7 0 0 52 566 9 20
2584 7 0 0 52 566 9 20
2585 7 0 0 52 566 9 22
2586 7 0 0 52 568 9 24
2587 7 0 0 52 569 9 27
2588 7 0 0 52 570 9 26
2589 7 0 0 52 570 9 26
2590 7 0 0 52 573 9 23
2591 7 0 0 52 575 9 21
2592 7 0 0 52 577 9 19
2593 7 0 0 52 578 9 18
2594 7 0 0 52 578 9 18
2595 7 0 0 52 578 9 18
2596 7 0 0 52 578 9 18
2597 7 0 0 52 578 9 18
2598 7 0 0 52 578 9 18
2599 7 0 0 52 578 9 18
2600 7 0 0 52 578 9 18
2601 7 0 0 52 578 9 18
2602 7 0 0 52 578 9 18
2603 7 0 0 52 578 9 18
2604 7 0 0 52 578 9 18
2605 7 0 0 52 578 9 18
2606 7 0 0 52 578 9 20
2607 7 0 0 52 578 9 22
2608 7 0 0 52 578 9 24
2609 7 0 0 52 578 9 24
2610 7 0 0 52 579 9 23
2611 7 0 0 52 582 9 20
2612 7 0 0 52 584 9 18
2613 7 0 0 52 584 9 18
2614 7 0 0 52 584 9 18
2615 7 0 0 52 584 9 18
2616 7 0 0 52 584 9 18
2617 7 0 0 52 584 9 18
2618 7 0 0 52 584 9 18
2619 7 0 0 52 584 9 18
2620 7 0 0 52 584 9 18
2621 7 0 0 52 584 9 20
2622 7 0 0 52 584 9 20
2623 7 0 0 52 584 9 22
2624 7 0 0 52 584 9 26
2625 7 0 0 52 585 9 29
2626 7 0 0 52 586 9 28
2627 7 0 0 52 587 9 27
2628 7 0 0 52 589 9 25
2629 7 0 0 52 591 9 23
2630 7 0 0 52 594 9 20
2631 7 0 0 52 596 9 18
2632 7 0 0 52 596 9 18
2633 7 0 0 52 596 9 18
2634 7 0 0 52 596 9 18
2635 7 0 0 52 596 9 18
2636 7 0 0 52 596 9 18
2637 7 0 0 52 596 9 18
2638 7 0 0 52 596 9 18
2639 7 0 0 52 596 9 18
2640 7 0 0 52 596 9 18
2641 7 0 0 52 596 9 18
2642 7 0 0 52 596 9 18
2643 7 0 0 52 596 9 18
2644 7 0 0 52 596 9 20
2645 8 0 0 51 596 9 22
2646 8 0 0 51 596 9 24
2647 8 0 0 51 596 9 24
2648 8 0 0 51 598 9 22
2649 8 0 0 51 599 9 21
2650 8 0 0 51 601 9 19
2651 8 0 0 51 599 10 19
2652 8 0 0 51 599 10 19
2653 8 0 0 51 599 10 19
2654 8 0 0 51 599 10 19
2655 8 0 0 51 599 10 19
2656 8 0 0 51 599 10 19
2657 8 0 0 51 599 10 19
2658 8 0 0 51 599 10 19
2659 8 0 0 51 599 10 21
2660 8 0 0 51 599 10 21
2661 8 0 0 51 599 10 23
2662 8 0 0 51 599 10 27
2663 8 0 0 51 600 10 30
2664 8 0 0 51 601 10 29
2665 8 0 0 51 603 10 27
2666 8 0 0 51 605 10 25
2667 8 0 0 51 608 10 22
2668 8 0 0 51 609 10 21
2669 8 0 0 51 610 10 20
2670 8 0 0 51 611 10 19
2671 8 0 0 51 611 10 19
2672 8 0 0 51 611 10 19
2673 8 0 0 51 611 10 19
2674 8 0 0 51 611 10 19
2675 8 0 0 51 611 10 19
2676 8 0 0 51 611 10 19
2677 8 0 0 51 611 10 19
2678 8 0 0 51 611 10 19
2679 8 0 0 51 611 10 19
2680 8 0 0 51 611 10 20
2681 8 0 0 51 611 10 20
2682 8 0 0 51 611 10 22
2683 8 0 0 51 611 10 24
2684 8 0 0 51 614 10 23
2685 8 0 0 51 614 10 23
2686 8 0 0 51 616 10 21
2687 8 0 0 51 616 10 21
2688 8 0 0 51 618 10 19
2689 8 0 0 51 618 10 20
2690 8 0 0 51 618 10 20
2691 8 0 0 51 618 10 20
2692 8 0 0 51 618 10 20
2693 8 0 0 51 618 10 20
2694 8 0 0 51 618 10 20
2695 8 0 0 51 618 10 20
2696 8 0 0 51 618 10 20
2697 8 0 0 51 618 10 22
2698 8 0 0 51 618 10 22
2699 8 0 0 51 618 10 24
2700 8 0 0 51 618 10 28
2701 8 0 0 51 620 10 30
2702 8 0 0 51 620 10 30
2703 8 0 0 51 622 10 28
2704 8 0 0 51 624 10 26
2705 8 0 0 51 626 10 24
2706 8 0 0 51 630 10 20
2707 8 0 0 51 630 10 20
2708 8 0 0 51 630 10 20
2709 8 0 0 51 630 10 20
2710 8 0 0 51 630 10 20
2711 8 0 0 51 630 10 20
2712 8 0 0 51 630 10 20
2713 8 0 0 51 630 10 20
2714 8 0 0 51 630 10 20
2715 8 0 0 51 630 10 20
2716 8 0 0 51 630 10 20
2717 8 0 0 51 630 10 20
2718 8 0 0 51 630 10 22
2719 8 0 0 51 630 10 22
2720 8 0 0 51 630 10 24
2721 8 0 0 51 630 10 26
2722 8 0 0 51 630 10 28
2723 8 0 0 51 631 10 27
2724 8 0 0 51 633 10 25
2725 8 0 0 51 635 10 23
2726 8 0 0 51 637 10 21
2727 8 0 0 51 637 10 21
2728 8 0 0 51 638 10 20
2729 8 0 0 51 638 10 20
2730 8 0 0 51 638 10 20
2731 8 0 0 51 638 10 20
2732 8 0 0 51 638 10 20
2733 8 0 0 51 638 10 20
2734 8 0 0 51 638 10 20
2735 8 0 0 51 638 10 22
2736 8 0 0 51 638 10 22
2737 8 0 0 51 638 10 24
2738 8 0 0 51 639 10 27
2739 8 0 0 51 640 10 30
2740 8 0 0 51 643 10 27
2741 8 0 0 51 644 10 26
2742 8 0 0 51 646 10 24
2743 8 0 0 51 648 10 22
2744 8 0 0 51 648 10 22
2745 8 0 0 51 649 10 21
2746 8 0 0 51 650 10 20
2747 8 0 0 51 650 10 20
2748 8 0 0 51 650 10 20
2749 8 0 0 51 650 10 20
2750 8 0 0 51 650 10 20
2751 8 0 0 51 650 10 20
2752 8 0 0 51 650 10 20
2753 8 0 0 51 650 10 20
2754 8 0 0 51 650 10 20
2755 8 0 0 51 650 10 20
2756 8 0 0 51 650 10 22
2757 8 0 0 51 650 10 22
2758 8 0 0 51 650 10 24
2759 8 0 0 51 652 10 24
2760 8 0 0 51 652 10 26
2761 8 0 0 51 652 10 26
2762 8 0 0 51 653 10 25
2763 8 0 0 51 655 10 23
2764 8 0 0 51 657 10 21
2765 8 0 0 51 657 10 21
2766 8 0 0 51 658 10 20
2767 8 0 0 51 658 10 20
2768 8 0 0 51 658 10 20
2769 8 0 0 51 658 10 20
2770 8 0 0 51 658 10 20
2771 8 0 0 51 658 10 20
2772 8 0 0 51 658 10 20
2773 8 0 0 51 658 10 22
2774 8 0 0 51 658 10 22
2775 8 0 0 51 658 10 24
2776 8 0 0 51 658 10 28
2777 8 0 0 51 659 10 31
2778 8 0 0 51 661 10 29
2779 8 0 0 51 663 10 27
2780 8 0 0 51 665 10 25
2781 8 0 0 51 668 10 22
2782 8 0 0 51 669 10 21
2783 8 0 0 51 670 10 20
2784 8 0 0 51 670 10 20
2785 8 0 0 51 670 10 20
2786 8 0 0 51 670 10 20
2787 8 0 0 51 670 10 20
2788 8 0 0 51 670 10 20
2789 8 0 0 51 670 10 20
2790 8 0 0 51 670 10 20
2791 8 0 0 51 670 10 20
2792 8 0 0 51 670 10 20
2793 8 0 0 51 670 10 20
2794 8 0 0 51 670 10 22
2795 8 0 0 51 670 10 22
2796 8 0 0 51 670 10 24
2797 8 0 0 51 672 10 24
2798 8 0 0 51 673 10 25
2799 8 0 0 51 674 10 24
2800 8 0 0 51 674 10 24
2801 8 0 0 51 676 10 22
2802 8 0 0 51 677 10 21
2803 8 0 0 51 678 10 20
2804 8 0 0 51 678 10 20
2805 8 0 0 51 678 10 20
2806 8 0 0 51 678 10 20
2807 8 0 0 51 678 10 20
2808 8 0 0 51 678 10 20
2809 8 0 0 51 678 10 20
2810 8 0 0 51 678 10 20
2811 8 0 0 51 678 10 22
2812 8 0 0 51 678 10 22
2813 8 0 0 51 678 10 24
2814 8 0 0 51 678 10 28
2815 8 0 0 51 679 10 31
2816 8 0 0 51 680 10 30
2817 8 0 0 51 682 10 28
2818 8 0 0 51 684 10 26
2819 8 0 0 51 687 10 23
2820 8 0 0 51 688 10 22
2821 8 0 0 51 689 10 21
2822 8 0 0 51 690 10 20
2823 8 0 0 51 690 10 20
2824 8 0 0 51 690 10 20
2825 8 0 0 51 690 10 20
2826 8 0 0 51 690 10 20
2827 8 0 0 51 690 10 20
2828 9 0 0 50 690 10 20
2829 9 0 0 50 690 10 20
2830 9 0 0 50 690 10 20
2831 9 0 0 50 690 10 20
2832 9 0 0 50 690 10 22
2833 9 0 0 50 690 10 22
2834 9 0 0 50 690 10 24
2835 9 0 0 50 690 10 26
2836 9 0 0 50 691 10 27
2837 9 0 0 50 692 10 26
2838 9 0 0 50 693 10 25
2839 9 0 0 50 696 10 22
2840 9 0 0 50 698 10 20
2841 9 0 0 50 698 10 20
2842 9 0 0 50 698 10 20
2843 9 0 0 50 698 10 20
2844 9 0 0 50 698 10 20
2845 9 0 0 50 698 10 20
2846 9 0 0 50 698 10 20
2847 9 0 0 50 698 10 20
2848 9 0 0 50 698 10 20
2849 9 0 0 50 698 10 22
2850 9 0 0 50 698 10 22
2851 9 0 0 50 698 10 24
2852 9 0 0 50 698 10 28
2853 9 0 0 50 701 10 29
2854 9 0 0 50 702 10 28
2855 9 0 0 50 704 10 26
2856 9 0 0 50 706 10 24
2857 9 0 0 50 707 10 23
2858 9 0 0 50 708 10 22
2859 9 0 0 50 710 10 20
2860 9 0 0 50 710 10 20
2861 9 0 0 50 710 10 20
2862 9 0 0 50 710 10 20
2863 9 0 0 50 710 10 20
2864 9 0 0 50 710 10 20
2865 9 0 0 50 710 10 20
2866 9 0 0 50 710 10 20
2867 9 0 0 50 710 10 20
2868 9 0 0 50 710 10 20
2869 9 0 0 50 710 10 20
2870 9 0 0 50 710 10 22
2871 9 0 0 50 710 10 22
2872 9 0 0 50 710 10 24
2873 9 0 0 50 710 10 26
2874 9 0 0 50 711 10 27
2875 9 0 0 50 711 10 27
2876 9 0 0 50 714 10 24
2877 9 0 0 50 715 10 23
2878 9 0 0 50 718 10 20
2879 9 0 0 50 718 10 20
2880 9 0 0 50 718 10 20
2881 9 0 0 50 718 10 20
2882 9 0 0 50 715 11 21
2883 9 0 0 50 715 11 21
2884 9 0 0 50 715 11 21
2885 9 0 0 50 715 11 21
2886 9 0 0 50 715 11 21
2887 9 0 0 50 715 11 23
2888 9 0 0 50 715 11 23
2889 9 0 0 50 715 11 25
2890 9 0 0 50 715 11 29
2891 9 0 0 50 716 11 32
2892 9 0 0 50 716 11 32
2893 9 0 0 50 720 11 28
2894 9 0 0 50 723 11 25
2895 9 0 0 50 725 11 23
2896 9 0 0 50 726 11 22
2897 9 0 0 50 726 11 22
2898 9 0 0 50 726 11 22
2899 9 0 0 50 726 11 22
2900 9 0 0 50 726 11 22
2901 9 0 0 50 727 11 21
2902 9 0 0 50 727 11 21
2903 9 0 0 50 727 11 21
2904 9 0 0 50 727 11 21
2905 9 0 0 50 727 11 21
2906 9 0 0 50 727 11 21
2907 9 0 0 50 727 11 21
2908 9 0 0 50 727 11 23
2909 9 0 0 50 727 11 23
2910 9 0 0 50 728 11 24
2911 9 0 0 50 728 11 27
2912 9 0 0 50 728 11 29
2913 9 0 0 50 728 11 29
2914 9 0 0 50 729 11 28
2915 9 0 0 50 733 11 24
2916 9 0 0 50 735 11 22
2917 9 0 0 50 736 11 21
2918 9 0 0 50 736 11 21
2919 9 0 0 50 736 11 21
2920 9 0 0 50 736 11 22
2921 9 0 0 50 733 12 23
2922 9 0 0 50 733 12 23
2923 9 0 0 50 733 12 23
2924 9 0 0 50 733 12 23
2925 9 0 0 50 733 12 25
2926 9 0 0 50 733 12 25
2927 9 0 0 50 733 12 27
2928 9 0 0 50 733 12 31
2929 9 0 0 50 734 12 34
2930 9 0 0 50 735 12 33
2931 9 0 0 50 737 12 31
2932 9 0 0 50 740 12 28
2933 9 0 0 50 741 12 27
2934 9 0 0 50 741 12 27
2935 9 0 0 50 743 12 25
2936 9 0 0 50 743 12 25
2937 9 0 0 50 743 12 25
2938 9 0 0 50 743 12 25
2939 9 0 0 50 745 12 23
2940 9 0 0 50 745 12 23
2941 9 0 0 50 745 12 23
2942 9 0 0 50 745 12 23
2943 9 0 0 50 745 12 23
2944 9 0 0 50 745 12 23
2945 9 0 0 50 745 12 23
2946 9 0 0 50 745 12 25
2947 9 0 0 50 745 12 25
2948 9 0 0 50 745 12 27
2949 9 0 0 50 745 12 31
2950 9 0 0 50 747 12 32
2951 9 0 0 50 747 12 32
2952 9 0 0 50 750 12 29
2953 9 0 0 50 754 12 25
2954 9 0 0 50 756 12 23
2955 9 0 0 50 756 12 23
2956 9 0 0 50 756 12 23
2957 9 0 0 50 756 12 23
2958 9 0 0 50 756 12 23
2959 9 0 0 50 757 12 24
2960 9 0 0 50 759 12 22
2961 9 0 0 50 759 12 22
2962 9 0 0 50 759 12 22
2963 9 0 0 50 759 12 24
2964 9 0 0 50 759 12 24
2965 9 0 0 50 759 12 26
2966 9 0 0 50 759 12 30
2967 9 0 0 50 760 12 33
2968 9 0 0 50 761 12 32
2969 9 0 0 50 763 12 30
2970 9 0 0 50 766 12 27
2971 9 0 0 50 769 12 24
2972 9 0 0 50 771 12 22
2973 9 0 0 50 771 12 22
2974 9 0 0 50 771 12 22
2975 9 0 0 50 771 12 22
2976 9 0 0 50 771 12 22
2977 9 0 0 50 771 12 22
2978 9 0 0 50 771 12 22
2979 9 0 0 50 771 12 22
2980 9 0 0 50 771 12 22
2981 9 0 0 50 771 12 22
2982 9 0 0 50 771 12 22
2983 9 0 0 50 771 12 22
2984 9 0 0 50 771 12 24
2985 9 0 0 50 771 12 24
2986 9 0 0 50 771 12 26
2987 9 0 0 50 771 12 30
2988 9 0 0 50 772 12 31
2989 9 0 0 50 773 12 30
2990 9 0 0 50 774 12 29
2991 9 0 0 50 779 12 24
2992 9 0 0 50 780 12 23
2993 9 0 0 50 781 12 22
2994 9 0 0 50 781 12 22
2995 9 0 0 50 781 12 22
2996 9 0 0 50 781 12 22
2997 9 0 0 50 781 12 22
2998 9 0 0 50 781 12 22
2999 9 0 0 50 781 12 22
3000 9 0 0 50 781 12 22
3001 9 0 0 50 781 12 24
3002 9 0 0 50 781 12 24
3003 9 0 0 50 781 12 26
3004 9 0 0 50 781 12 30
3005 9 0 0 50 782 12 33
3006 9 0 0 50 784 12 31
3007 9 0 0 50 786 12 29
3008 9 0 0 50 789 12 26
3009 9 0 0 50 790 12 25
3010 9 0 0 50 791 12 24
3011 9 0 0 50 792 12 23
3012 9 0 0 50 792 12 23
3013 9 0 0 50 792 12 23
3014 9 0 0 50 792 12 23
3015 9 0 0 50 793 12 22
3016 9 0 0 50 793 12 22
3017 9 0 0 50 793 12 22
3018 9 0 0 50 793 12 22
3019 9 0 0 50 793 12 22
3020 9 0 0 50 793 12 22
3021 9 0 0 50 793 12 22
3022 9 0 0 50 793 12 24
3023 9 0 0 50 793 12 24
3024 9 0 0 50 793 12 26
3025 9 0 0 50 793 12 30
3026 9 0 0 50 794 12 31
3027 9 0 0 50 794 12 31
3028 9 0 0 50 795 12 30
3029 9 0 0 50 801 12 24
3030 9 0 0 50 802 12 23
3031 9 0 0 50 803 12 22
3032 9 0 0 50 803 12 22
3033 9 0 0 50 803 12 22
3034 9 0 0 50 803 12 22
3035 9 0 0 50 803 12 22
3036 9 0 0 50 803 12 22
3037 9 0 0 50 803 12 22
3038 9 0 0 50 803 12 22
3039 9 0 0 50 803 12 24
3040 9 0 0 50 803 12 24
3041 9 0 0 50 803 12 26
3042 9 0 0 50 803 12 30
3043 9 0 0 50 804 12 33
3044 9 0 0 50 804 12 33
3045 9 0 0 50 807 12 30
3046 9 0 0 50 809 12 28
3047 9 0 0 50 812 12 25
3048 9 0 0 50 814 12 23
3049 9 0 0 50 815 12 22
3050 9 0 0 50 815 12 22
3051 9 0 0 50 815 12 22
3052 9 0 0 50 815 12 22
3053 9 0 0 50 815 12 22
3054 9 0 0 50 815 12 22
3055 9 0 0 50 815 12 22
3056 9 0 0 50 815 12 22
3057 9 0 0 50 815 12 22
3058 9 0 0 50 815 12 22
3059 9 0 0 50 815 12 22
3060 9 0 0 50 815 12 24
3061 9 0 0 50 815 12 24
3062 9 0 0 50 816 12 25
3063 9 0 0 50 816 12 29
3064 9 0 0 50 816 12 31
3065 9 0 0 50 816 12 31
3066 9 0 0 50 817 12 30
3067 9 0 0 50 824 12 23
3068 9 0 0 50 825 12 22
3069 9 0 0 50 825 12 22
3070 9 0 0 50 825 12 22
3071 9 0 0 50 825 12 22
3072 9 0 0 50 825 12 22
3073 9 0 0 50 825 12 22
3074 9 0 0 50 825 12 22
3075 9 0 0 50 825 12 22
3076 9 0 0 50 825 12 22
3077 9 0 0 50 825 12 24
3078 9 0 0 50 825 12 24
3079 9 0 0 50 825 12 26
3080 9 0 0 50 825 12 30
3081 9 0 0 50 826 12 33
3082 9 0 0 50 827 12 32
3083 9 0 0 50 829 12 30
3084 9 0 0 50 831 12 28
3085 9 0 0 50 834 12 25
3086 9 0 0 50 835 12 24
3087 9 0 0 50 836 12 23
3088 9 0 0 50 836 12 23
3089 9 0 0 50 836 12 23
3090 9 0 0 50 836 12 23
3091 9 0 0 50 834 13 23
3092 9 0 0 50 834 13 23
3093 9 0 0 50 831 14 24
3094 9 0 0 50 831 14 24
3095 9 0 0 50 832 14 24
3096 9 0 0 50 834 14 22
3097 9 0 0 50 834 14 22
3098 9 0 0 50 834 14 24
3099 9 0 0 50 834 14 24
3100 9 0 0 50 836 14 24
3101 9 0 0 50 836 14 28
3102 9 0 0 50 836 14 30
3103 9 0 0 50 836 14 30
3104 9 0 0 50 837 14 29
3105 9 0 0 50 841 14 25
3106 9 0 0 50 844 14 22
3107 9 0 0 50 844 14 22
3108 9 0 0 50 844 14 22
3109 9 0 0 50 844 14 22
3110 9 0 0 50 844 14 22
3111 9 0 0 50 844 14 22
3112 9 0 0 50 844 14 22
3113 9 0 0 50 844 14 22
3114 9 0 0 50 844 14 22
3115 9 0 0 50 844 14 24
3116 9 0 0 50 844 14 24
3117 9 0 0 50 844 14 24
3118 9 0 0 50 846 14 26
3119 9 0 0 50 846 14 30
3120 9 0 0 50 846 14 31
3121 9 0 0 50 846 14 31
3122 9 0 0 50 850 14 28
3123 9 0 0 50 853 14 25
3124 9 0 0 50 855 14 23
3125 9 0 0 50 855 14 23
3126 9 0 0 50 856 14 22
3127 9 0 0 50 856 14 22
3128 9 0 0 50 856 14 22
3129 9 0 0 50 856 14 23
3130 9 0 0 50 856 14 23
3131 9 0 0 50 856 14 24
3132 9 0 0 50 856 14 24
3133 9 0 0 50 856 14 24
3134 9 0 0 50 856 14 24
3135 9 0 0 50 856 14 24
3136 9 0 0 50 856 14 26
3137 9 0 0 50 856 14 26
3138 9 0 0 50 856 14 28
3139 9 0 0 50 856 14 32
3140 9 0 0 50 857 14 33
3141 9 0 0 50 857 14 33
3142 9 1 0 49 858 14 32
3143 9 1 0 49 864 14 26
3144 9 1 0 49 866 14 24
3145 9 1 0 49 866 14 24
3146 9 1 0 49 866 14 24
3147 9 1 0 49 866 14 24
3148 9 1 0 49 866 14 24
3149 9 1 0 49 866 14 24
3150 9 1 0 49 866 14 24
3151 9 1 0 49 866 14 24
3152 9 1 0 49 866 14 24
3153 9 1 0 49 866 14 26
3154 9 1 0 49 866 14 26
3155 9 1 0 49 866 14 26
3156 9 1 0 49 866 14 30
3157 9 1 0 49 867 14 33
3158 9 1 0 49 867 14 35
3159 9 1 0 49 870 14 33
3160 9 1 0 49 876 14 29
3161 9 1 0 49 879 14 26
3162 9 1 0 49 879 14 26
3163 9 1 0 49 879 14 26
3164 9 1 0 49 882 14 23
3165 9 1 0 49 882 14 23
3166 9 1 0 49 883 14 22
3167 9 1 0 49 883 14 22
3168 9 1 0 49 883 14 22
3169 9 1 0 49 883 14 22
3170 9 1 0 49 883 14 22
3171 9 1 0 49 883 14 22
3172 9 1 0 49 883 14 22
3173 9 1 0 49 883 14 22
3174 9 1 0 49 883 14 24
3175 9 1 0 49 885 14 22
3176 9 1 0 49 885 14 24
3177 9 1 0 49 885 14 28
3178 9 1 0 49 885 14 30
3179 9 1 0 49 886 14 29
3180 9 1 0 49 887 14 28
3181 9 1 0 49 891 14 24
3182 9 1 0 49 893 14 22
3183 9 1 0 49 893 14 22
3184 9 1 0 49 893 14 22
3185 9 1 0 49 893 14 22
3186 9 1 0 49 893 14 22
3187 9 1 0 49 893 14 22
3188 9 1 0 49 893 14 22
3189 9 1 0 49 893 14 22
3190 9 1 0 49 893 14 22
3191 9 1 0 49 893 14 24
3192 9 1 0 49 893 14 24
3193 9 1 0 49 893 14 24
3194 9 1 0 49 895 14 26
3195 9 1 0 49 895 14 30
3196 9 1 0 49 895 14 30
3197 9 1 0 49 895 14 30
3198 9 1 0 49 897 14 30
3199 9 1 0 49 900 14 27
3200 9 1 0 49 902 14 25
3201 9 1 0 49 902 14 25
3202 9 1 0 49 903 14 24
3203 9 1 0 49 903 14 24
3204 9 1 0 49 904 14 23
3205 9 1 0 49 905 14 22
3206 9 1 0 49 905 14 22
3207 9 1 0 49 905 14 22
3208 9 1 0 49 905 14 22
3209 9 1 0 49 905 14 22
3210 9 1 0 49 905 14 22
3211 9 1 0 49 905 14 22
3212 9 1 0 49 905 14 24
3213 9 1 0 49 905 14 24
3214 9 1 0 49 905 14 26
3215 9 0 1 49 905 14 30
3216 9 0 1 49 906 14 31
3217 9 0 1 49 906 14 31
3218 9 0 1 49 907 14 30
3219 9 0 1 49 912 14 25
3220 9 0 1 49 915 14 22
3221 9 0 1 49 915 14 22
3222 9 0 1 49 915 14 22
3223 9 0 1 49 915 14 22
3224 9 0 0 49 915 14 22
3225 9 0 0 49 915 14 22
3226 9 0 0 49 915 14 22
3227 9 0 0 49 915 14 22
3228 9 0 0 49 915 14 22
3229 9 0 0 49 915 14 24
3230 9 0 0 49 915 14 24
3231 9 0 0 49 915 14 24
3232 9 0 0 49 915 14 28
3233 9 2 0 49 916 14 31
3234 9 2 0 49 916 14 31
3235 9 2 0 49 916 14 31
3236 9 2 0 49 919 14 30
3237 9 2 0 49 922 14 27
3238 9 2 0 49 923 14 26
3239 9 2 0 49 923 14 26
3240 9 2 0 49 925 14 24
3241 9 2 0 49 925 14 24
3242 9 2 0 49 926 14 23
3243 9 2 0 49 927 14 22
3244 9 2 0 49 927 14 22
3245 9 2 0 49 927 14 22
3246 9 2 0 49 927 14 22
3247 9 2 0 49 927 14 22
3248 9 2 0 49 927 14 22
3249 9 2 0 49 927 14 22
3250 9 2 0 49 927 14 24
3251 9 2 0 49 929 14 22
3252 9 2 0 49 929 14 24
3253 9 2 0 49 929 14 28
3254 9 2 0 49 929 14 30
3255 9 2 0 49 929 14 30
3256 9 2 0 49 931 14 28
3257 9 2 0 49 933 14 26
3258 9 2 0 49 937 14 22
3259 9 2 0 49 937 14 22
3260 9 2 0 49 937 14 22
3261 9 2 0 49 937 14 22
3262 9 2 0 49 937 14 22
3263 9 2 0 49 937 14 22
3264 9 2 0 49 937 14 22
3265 9 2 0 49 937 14 22
3266 9 2 0 49 937 14 22
3267 9 2 0 49 937 14 24
3268 9 2 0 49 937 14 24
3269 9 2 0 49 937 14 24
3270 9 2 0 49 937 14 28
3271 9 2 0 49 938 14 31
3272 9 2 0 49 940 14 29
3273 9 2 0 49 940 14 29
3274 9 2 0 49 944 14 27
3275 9 2 0 49 946 14 25
3276 9 2 0 49 946 14 25
3277 9 2 0 49 946 14 25
3278 9 2 0 49 949 14 22
3279 9 2 0 49 949 14 22
3280 9 2 0 49 949 14 22
3281 9 2 0 49 949 14 22
3282 9 2 0 49 949 14 22
3283 9 2 0 49 949 14 22
3284 9 2 0 49 949 14 22
3285 9 2 0 49 949 14 22
3286 9 2 0 49 949 14 22
3287 9 2 0 49 949 14 22
3288 9 2 0 49 949 14 24
3289 9 2 0 49 949 14 24
3290 9 2 0 49 949 14 26
3291 9 2 0 49 949 14 30
3292 9 2 0 49 950 14 31
3293 9 2 0 49 950 14 31
3294 9 2 0 49 950 14 31
3295 9 2 0 49 953 14 28
3296 9 2 0 49 958 14 23
3297 9 2 0 49 958 14 23
3298 9 2 0 49 958 14 23
3299 9 2 0 49 958 14 23
3300 9 2 0 49 959 14 22
3301 9 2 0 49 959 14 22
3302 9 2 0 49 959 14 22
3303 9 2 0 49 959 14 22
3304 9 2 0 49 959 14 22
3305 9 2 0 49 959 14 24
3306 9 2 0 49 959 14 24
3307 9 2 0 49 959 14 24
3308 9 2 0 49 961 14 26
3309 9 1 1 49 961 14 30
3310 9 1 1 49 961 14 30
3311 9 1 1 49 961 14 30
3312 9 1 1 49 964 14 29
3313 9 1 1 49 968 14 25
3314 9 1 1 49 969 14 24
3315 9 1 1 49 969 14 24
3316 9 2 1 48 969 14 24
3317 9 2 1 48 970 14 23
3318 9 2 0 48 971 14 22
3319 9 2 0 48 971 14 22
3320 9 2 0 48 971 14 22
3321 9 2 0 48 971 14 22
3322 9 2 0 48 971 14 22
3323 9 2 0 48 971 14 22
3324 9 2 0 48 971 14 22
3325 9 2 0 48 971 14 22
3326 9 2 0 48 971 14 24
3327 9 4 0 48 971 14 24
3328 9 4 0 48 972 14 25
3329 9 3 1 48 972 14 29
3330 9 3 1 48 972 14 31
3331 9 3 1 48 972 14 31
3332 9 3 1 48 974 14 29
3333 9 3 1 48 978 14 25
3334 9 3 1 48 980 14 23
3335 9 3 1 48 980 14 23
3336 9 3 1 48 980 14 23
3337 9 3 1 48 980 14 23
3338 9 3 0 48 981 14 22
3339 9 3 0 48 981 14 22
3340 9 3 0 48 981 14 22
3341 9 3 0 48 981 14 22
3342 9 3 0 48 981 14 22
3343 9 3 0 48 981 14 24
3344 9 3 0 48 981 14 24
3345 9 3 0 48 981 14 24
3346 9 3 0 48 983 14 26
3347 9 5 0 48 984 14 29
3348 9 5 0 48 984 14 29
3349 9 5 0 48 984 14 29
3350 9 5 0 48 986 14 29
3351 9 5 0 48 988 14 27
3352 9 5 0 48 990 14 25
3353 9 5 0 48 990 14 25
3354 9 5 0 48 992 14 23
3355 9 4 1 48 993 14 22
3356 9 4 1 48 993 14 22
3357 9 4 1 48 993 14 22
3358 9 4 1 48 993 14 22
3359 9 3 2 48 993 14 22
3360 9 3 2 48 993 14 22
3361 9 3 2 48 993 14 22
3362 9 3 2 48 993 14 22
3363 9 3 2 48 993 14 22
3364 9 3 1 48 993 14 24
3365 9 3 1 48 994 14 23
3366 9 3 1 48 994 14 25
3367 9 3 1 48 994 14 29
3368 9 2 1 48 994 14 31
3369 9 2 1 48 994 14 31
3370 9 2 1 48 997 14 28
3371 9 2 1 48 999 14 26
3372 9 2 1 48 1002 14 23
3373 9 4 1 48 1002 14 23
3374 9 4 1 48 1002 14 23
3375 9 4 1 48 1003 14 22
3376 9 4 1 48 1003 14 22
3377 9 6 0 48 1003 14 22
3378 9 5 0 49 1003 14 22
3379 9 5 0 49 1003 14 22
3380 9 5 0 49 1003 14 22
3381 9 4 1 49 1003 14 24
3382 9 4 1 49 1003 14 24
3383 9 4 1 49 1003 14 24
3384 9 4 1 49 1003 14 28
3385 9 4 1 49 1004 14 31
3386 9 6 1 49 1004 14 31
3387 9 4 3 49 1005 14 31
3388 9 4 3 49 1008 15 28
3389 9 8 3 45 1010 15 26
3390 9 8 2 45 1011 15 25
3391 9 8 2 45 1013 15 23
3392 9 9 2 44 1014 15 22
3393 9 8 3 44 1015 15 21
3394 9 10 3 42 1015 15 21
3395 9 9 4 42 1015 15 21
3396 9 13 2 38 1015 15 21
3397 9 13 2 38 1015 15 21
3398 9 13 2 38 1015 15 21
3399 9 15 2 38 1015 15 21
3400 9 13 4 38 1015 15 21
3401 9 13 4 38 1015 15 21
3402 9 12 4 38 1015 15 23
3403 9 12 4 38 1015 15 23
3404 9 12 3 38 1015 15 25
3405 9 16 3 38 1015 15 29
3406 9 13 7 37 1016 15 30
3407 9 12 8 37 1016 15 30
3408 9 12 9 36 1018 15 28
3409 9 11 8 36 1022 15 24
3410 9 9 10 36 1024 15 22
3411 9 11 9 36 1025 15 21
3412 9 11 10 35 1025 15 21
3413 9 13 10 35 1025 15 21
3414 9 13 10 35 1025 15 21
3415 9 13 6 35 1025 15 21
3416 9 13 5 35 1025 15 21
3417 9 12 5 35 1025 15 22
3418 9 16 4 35 1025 15 22
3419 9 15 3 35 1007 16 23
3420 9 15 5 35 1008 16 22
3421 9 15 4 35 1009 16 21
3422 9 14 5 35 1009 16 23
3423 9 14 5 35 1009 16 25
3424 9 21 6 35 1010 16 24
3425 9 20 9 35 1010 16 24
3426 9 22 8 35 1011 16 26
3427 9 24 8 35 1012 16 25
3428 9 26 7 36 1013 16 24
3429 9 24 7 36 1013 16 24
3430 9 24 9 36 1015 16 22
3431 9 24 8 36 1015 16 22
3432 9 23 9 36 1015 16 22
3433 9 23 8 36 1015 16 22
3434 9 19 7 38 1015 16 22
3435 9 19 9 38 1015 16 22
3436 9 18 9 39 1015 16 22
3437 9 18 11 39 1015 16 22
3438 9 21 10 39 1015 16 22
3439 9 20 8 40 1015 16 22
3440 9 22 8 40 1015 16 24
3441 9 21 7 41 1015 16 24
3442 9 23 7 41 1015 16 26
3443 9 24 7 44 1015 16 30
3444 9 23 6 44 1016 16 31
3445 9 22 7 44 1016 16 31
3446 9 20 7 44 1017 16 30
3447 9 23 6 45 1020 16 27
3448 9 23 7 48 1023 16 25
3449 9 20 9 49 1024 16 24
3450 9 22 9 49 1003 16 24
3451 9 21 10 49 1003 16 24
3452 9 23 9 50 1004 16 23
3453 9 25 9 51 1004 16 23
3454 9 24 9 52 1004 16 23
3455 9 24 9 54 1005 16 25
3456 9 24 10 55 1009 16 21
3457 9 22 10 56 1009 16 24
3458 9 21 8 56 1009 16 24
3459 9 20 8 57 1009 16 24
3460 9 17 7 60 1007 16 26
3461 9 20 7 60 1009 16 27
3462 9 21 7 60 1009 16 27
3463 9 21 6 60 1009 16 27
3464 9 24 5 60 1010 16 28
3465 9 22 5 62 1013 16 25
3466 9 23 5 62 1014 16 24
3467 9 25 5 64 1011 16 23
3468 9 25 5 64 1012 16 22
3469 9 26 6 64 1013 16 21
3470 9 28 5 64 1013 16 21
3471 9 26 5 67 1013 16 21
3472 9 25 6 69 1003 16 21
3473 9 29 5 69 1003 16 21
3474 9 26 5 71 1003 16 21
3475 9 26 4 73 992 16 21
3476 9 26 4 73 990 16 21
3477 9 26 4 73 990 16 21
3478 9 25 3 74 990 16 23
3479 9 24 5 75 987 17 24
3480 9 25 4 76 985 18 27
3481 9 22 3 79 987 18 30
3482 9 22 3 81 989 18 30
3483 9 24 2 81 989 18 30
3484 9 26 2 81 991 18 28
3485 9 25 2 82 993 18 26
3486 9 25 2 82 996 18 25
3487 9 27 2 82 997 18 24
3488 9 25 0 84 997 18 24
3489 9 24 0 87 997 18 24
3490 9 25 1 87 998 18 23
3491 9 25 1 87 998 18 23
3492 9 26 1 88 998 18 23
3493 9 26 1 88 998 18 23
3494 9 26 0 89 999 18 22
3495 9 25 1 89 999 18 24
3496 9 22 2 91 999 18 24
3497 9 24 2 93 999 18 24
3498 9 23 3 93 999 18 26
3499 9 23 3 93 997 19 26
3500 9 22 3 94 997 19 26
3501 9 22 3 94 997 19 26
3502 9 22 3 94 998 19 27
3503 9 22 3 94 999 19 26
3504 9 21 2 95 1000 19 25
3505 9 21 1 95 1000 19 25
3506 9 20 1 96 1001 19 24
3507 9 19 0 97 1001 19 24
3508 9 19 0 97 1003 19 23
3509 9 16 0 100 1003 19 23
3510 9 16 0 100 1003 19 23
3511 9 14 0 102 1003 19 23
3512 9 12 1 103 1004 19 22
3513 9 13 1 104 1004 19 22
3514 9 15 1 104 1004 19 22
3515 9 13 2 104 1004 19 22
3516 9 15 2 104 1004 19 24
3517 9 14 3 104 1004 19 25
3518 9 13 4 104 1004 19 27
3519 9 13 4 104 1004 19 31
3520 9 12 5 104 1005 19 32
3521 9 12 4 104 1006 19 31
3522 9 12 4 104 1008 19 29
3523 9 11 5 104 1009 19 28
3524 9 11 4 104 1012 19 27
3525 9 11 4 104 1013 19 26
3526 9 11 3 104 1014 19 25
3527 9 9 3 105 1014 19 25
3528 9 9 3 105 1016 19 24
3529 9 8 2 106 1016 19 24
3530 9 9 2 107 1013 20 25
3531 9 8 2 108 1013 20 25
3532 9 7 1 109 1014 20 24
3533 9 9 1 109 1014 20 26
3534 9 7 2 110 1014 20 26
3535 9 9 2 110 1014 20 26
3536 9 9 1 112 1014 20 28
3537 9 9 1 112 1016 20 29
3538 10 11 1 111 1016 20 29
3539 12 11 1 109 1016 20 29
3540 12 11 1 109 1017 20 30
3541 12 12 1 110 1018 20 29
3542 12 11 2 110 1019 20 28
3543 12 11 1 110 1020 20 27
3544 12 10 1 111 1021 20 26
3545 14 11 2 109 1022 20 25
3546 14 11 2 109 1022 20 27
3547 14 10 3 109 1022 20 27
3548 14 9 4 109 1022 20 27
3549 14 9 4 109 1022 20 27
3550 14 8 5 109 1020 21 27
3551 16 8 4 107 1021 21 26
3552 16 10 4 107 1021 21 26
3553 16 6 5 110 1021 21 26
3554 16 6 4 110 1021 21 28
3555 18 6 4 108 1021 21 28
3556 18 5 3 109 1021 21 30
3557 18 5 2 109 1021 21 34
3558 18 5 2 109 1024 21 34
3559 18 5 1 109 1015 21 33
3560 19 6 1 109 1015 21 33
3561 19 4 1 111 1017 21 31
3562 19 3 0 112 1018 21 32
3563 19 5 0 112 1021 21 29
3564 19 5 0 112 1021 21 29
3565 19 7 0 112 1022 21 28
3566 20 9 0 111 1025 21 25
3567 20 9 0 111 1026 21 24
3568 21 11 0 110 1026 21 25
3569 21 11 0 110 1026 21 25
3570 21 11 0 110 1020 21 25
3571 21 12 0 111 1020 21 27
3572 21 12 0 111 1020 21 27
3573 21 11 0 112 1020 21 27
3574 21 10 1 112 1020 21 29
3575 21 10 1 112 1022 21 29
3576 24 10 1 109 1022 21 29
3577 24 9 2 109 1022 21 29
3578 24 9 2 109 1023 21 30
3579 24 9 2 109 1023 21 31
3580 24 9 2 109 1025 21 29
3581 24 9 2 109 1025 21 29
3582 24 9 2 109 1026 21 28
3583 24 9 1 109 1029 21 25
3584 24 9 1 109 1029 21 27
3585 25 9 1 108 1029 21 27
3586 25 9 0 108 1029 21 27
3587 26 8 0 108 1029 21 27
3588 26 8 0 108 1031 21 26
3589 26 7 0 109 1031 21 26
3590 26 7 0 109 1031 21 26
3591 27 7 0 108 1031 21 26
3592 27 9 0 108 1032 21 28
3593 27 9 0 108 1034 21 26
3594 27 8 1 108 1034 21 28
3595 27 10 1 108 1034 21 32
3596 27 9 2 108 1036 21 32
3597 27 8 3 108 1036 21 34
3598 27 8 3 108 1037 21 33
3599 27 8 3 108 1040 21 30
3600 29 8 3 106 1042 21 30
3601 29 8 3 106 1044 21 28
3602 29 8 3 106 1045 21 27
3603 29 7 2 107 1045 21 27
3604 29 7 2 107 1046 21 26
3605 29 6 1 108 1045 21 25
3606 29 6 0 108 1045 21 25
3607 29 6 0 108 1045 21 25
3608 29 6 0 108 1045 21 25
3609 29 6 0 108 1045 21 27
3610 29 6 0 108 1045 21 27
3611 29 6 0 108 1045 21 27
3612 29 8 0 108 1045 21 29
3613 29 7 0 109 1047 21 29
3614 29 8 0 110 1047 21 29
3615 29 10 0 110 1047 21 29
3616 29 10 0 110 1048 21 30
3617 29 10 0 110 1050 21 28
3618 29 10 0 110 1051 21 27
3619 30 10 0 109 1051 21 27
3620 30 10 0 109 1052 21 26
3621 30 10 0 109 1053 21 25
3622 30 9 1 109 1053 21 27
3623 30 9 1 109 1054 21 26
3624 30 8 1 110 1054 21 26
3625 30 8 1 110 1054 21 26
3626 30 8 1 110 1055 21 25
3627 31 8 1 109 1055 21 25
3628 31 8 1 109 1055 21 25
3629 31 8 1 109 1055 21 25
3630 31 8 1 109 1056 21 26
3631 31 8 0 109 1056 21 26
3632 31 8 0 109 1056 21 28
3633 31 8 0 109 1056 21 32
3634 31 8 0 109 1057 21 33
3635 31 7 0 110 1058 21 34
3636 31 7 0 110 1058 21 34
3637 31 7 0 110 1060 21 32
3638 32 7 0 109 1035 21 30
3639 32 7 0 109 1039 21 26
3640 32 8 0 110 1039 21 26
3641 32 7 0 111 1037 22 27
3642 33 7 0 110 1041 22 24
3643 33 6 1 110 1042 22 23
3644 33 6 1 110 1042 22 23
3645 33 6 1 110 1042 22 23
3646 33 6 1 110 1042 22 23
3647 33 6 1 110 1039 23 26
3648 33 6 1 110 1039 23 26
3649 33 6 1 110 1039 23 26
3650 33 6 1 110 1039 23 28
3651 33 6 1 110 1041 23 26
3652 33 6 0 110 1041 23 26
3653 33 6 0 110 1041 23 26
3654 33 6 0 110 1042 23 27
3655 33 6 0 110 1042 23 27
3656 33 6 0 110 1043 23 26
3657 33 6 0 110 1033 23 26
3658 33 6 0 110 1034 23 25
3659 33 6 0 110 1034 23 25
3660 34 6 0 109 1034 23 27
3661 34 8 0 109 1035 23 26
3662 35 8 0 108 1035 23 26
3663 35 8 0 108 1035 23 26
3664 35 8 0 108 1037 23 24
3665 35 8 0 108 1037 23 24
3666 35 7 1 108 1037 23 24
3667 35 5 3 108 1037 23 24
3668 35 4 3 109 1037 23 26
3669 35 4 2 110 1037 23 26
3670 35 4 2 110 1038 23 28
3671 36 4 2 109 1038 23 32
3672 36 4 2 109 1039 23 33
3673 37 4 2 108 1040 23 34
3674 37 4 2 108 1041 23 33
3675 39 4 2 106 1044 23 30
3676 39 4 0 106 1047 23 30
3677 39 4 0 106 1048 23 29
3678 39 4 0 106 1051 23 27
3679 39 4 0 106 1054 23 24
3680 39 5 0 105 1058 23 21
3681 40 6 0 103 1060 23 19
3682 40 6 0 103 1060 23 19
3683 40 8 0 101 1060 23 19
3684 40 9 0 100 1060 23 19
3685 40 13 1 99 1061 23 22
3686 40 13 1 99 1063 23 20
3687 41 13 1 98 1063 23 20
3688 41 14 1 97 1063 23 22
3689 41 17 1 94 1065 23 20
3690 41 19 1 92 1065 23 20
3691 41 19 1 92 1065 23 20
3692 41 19 1 92 1066 23 21
3693 41 19 1 92 1067 23 20
3694 41 19 0 92 1067 23 20
3695 41 20 0 91 1067 23 20
3696 41 21 0 90 1067 23 20
3697 41 21 0 90 1069 23 18
3698 41 20 1 90 1069 23 18
3699 41 19 2 90 1069 23 18
3700 41 19 2 90 1062 23 18
3701 41 19 3 89 1062 23 18
3702 41 19 3 89 1062 23 18
3703 41 21 3 89 1062 23 18
3704 41 21 3 89 1062 23 18
3705 41 20 4 89 1062 23 18
3706 41 20 5 88 1059 24 21
3707 41 19 5 88 1059 24 21
3708 41 19 4 88 1059 24 21
3709 41 18 4 89 1059 24 25
3710 41 18 3 89 1060 24 26
3711 41 17 3 90 1061 24 27
3712 41 17 3 90 1061 24 27
3713 41 17 3 90 1064 24 24
3714 41 17 2 90 1065 24 25
3715 41 17 1 90 1067 24 23
3716 41 18 0 91 1069 24 21
3717 41 19 0 92 1069 24 21
3718 41 19 0 92 1070 24 20
3719 41 19 1 93 1071 24 19
3720 41 18 1 94 1071 24 19
3721 41 18 1 94 1071 24 19
3722 41 18 1 94 1071 24 19
3723 41 20 1 94 1071 24 21
3724 41 22 1 94 1068 24 21
3725 41 24 1 94 1068 24 21
3726 41 22 3 94 1068 24 23
3727 41 22 3 94 1070 24 21
3728 41 22 2 94 1070 24 21
3729 41 20 4 94 1070 24 21
3730 41 19 5 94 1071 24 22
3731 41 18 5 95 1072 24 21
3732 41 17 5 96 1072 24 21
3733 41 17 5 96 1072 24 21
3734 41 17 5 96 1073 24 20
3735 41 16 3 97 1074 24 20
3736 41 16 3 97 1074 24 20
3737 41 18 2 98 1074 24 20
3738 41 17 1 99 1074 24 20
3739 41 17 0 99 1075 24 19
3740 41 16 1 99 1075 24 19
3741 41 15 1 100 1075 24 19
3742 41 14 1 101 1075 24 19
3743 41 13 2 101 1075 24 19
3744 41 17 2 101 1075 24 22
3745 41 15 2 103 1075 24 22
3746 41 15 2 103 1075 24 22
3747 41 16 2 104 1075 24 26
3748 41 17 2 105 1076 24 27
3749 41 18 1 104 1077 24 28
3750 41 17 1 105 1077 24 28
3751 41 16 1 106 1080 24 25
3752 41 16 0 106 1082 24 25
3753 41 15 0 107 1085 24 22
3754 41 15 0 107 1085 24 22
3755 41 13 2 107 1085 24 22
3756 41 13 2 107 1087 24 20
3757 41 13 2 107 1087 24 20
3758 41 13 3 107 1087 24 20
3759 41 13 3 107 1087 24 20
3760 41 13 3 107 1087 24 20
3761 41 15 3 107 1087 24 22
3762 41 14 3 108 1087 24 22
3763 41 13 3 109 1087 24 22
3764 41 12 2 109 1087 24 24
3765 41 11 2 110 1088 24 23
3766 41 10 2 111 1089 24 22
3767 41 9 2 111 1089 24 22
3768 41 9 2 111 1090 24 23
3769 41 9 2 111 1091 24 22
3770 41 9 2 111 1091 24 22
3771 41 9 2 111 1091 24 22
3772 41 9 2 111 1092 24 21
3773 41 14 1 110 1090 25 23
3774 41 13 1 111 1090 25 23
3775 41 13 1 111 1090 25 23
3776 41 15 0 111 1091 25 23
3777 41 14 0 112 1094 25 20
3778 41 14 0 112 1095 25 19
3779 41 14 0 112 1095 25 19
3780 41 14 0 112 1092 26 20
3781 41 14 0 112 1092 26 20
3782 41 16 1 111 1092 26 22
3783 41 13 2 113 1092 26 22
3784 41 13 2 113 1092 26 22
3785 41 15 2 113 1092 26 26
3786 41 14 2 114 1093 26 27
3787 41 14 2 114 1094 26 26
3788 41 14 2 114 1094 26 26
3789 41 14 2 114 1096 26 24
3790 41 13 2 115 1099 26 23
3791 41 13 1 115 1099 26 23
3792 41 13 0 115 1100 26 22
3793 41 13 0 115 1100 26 22
3794 41 13 0 115 1099 26 21
3795 41 13 0 115 1099 26 21
3796 41 13 0 115 1100 26 20
3797 41 13 0 115 1100 26 20
3798 41 13 0 115 1100 26 20
3799 41 13 0 115 1100 26 22
3800 41 14 1 115 1100 26 22
3801 41 16 1 115 1100 26 22
3802 41 16 1 115 1100 26 25
3803 41 16 1 115 1102 26 23
3804 41 13 3 116 1102 26 23
3805 41 12 4 116 1102 26 23
3806 41 12 4 116 1104 26 23
3807 41 12 4 116 1104 26 23
3808 41 12 4 116 1105 26 22
3809 41 12 3 116 1105 26 23
3810 41 12 3 116 1106 26 22
3811 41 11 4 116 1106 26 25
3812 41 11 4 116 1107 26 24
3813 41 11 2 116 1108 26 23
3814 41 11 1 116 1108 26 23
3815 41 11 1 116 1110 26 21
3816 41 11 1 116 1110 26 21
3817 41 11 1 116 1110 26 21
3818 41 13 1 116 1110 26 22
3819 41 13 1 116 1110 26 22
3820 41 13 0 116 1110 26 24
3821 41 13 0 116 1110 26 24
3822 41 17 0 116 1110 26 24
3823 41 19 0 116 1110 26 28
3824 41 18 0 117 1112 26 28
3825 41 16 1 118 1112 26 28
3826 41 16 1 118 1112 26 28
3827 41 16 1 118 1114 26 26
3828 41 16 1 118 1117 26 25
3829 41 18 1 118 1117 26 25
3830 41 18 1 118 1118 26 24
3831 41 17 2 118 1118 26 24
3832 41 16 3 118 1119 26 23
3833 41 16 3 118 1120 26 22
3834 41 16 2 118 1120 26 22
3835 41 13 3 120 1120 26 22
3836 41 12 4 120 1120 26 22
3837 41 11 5 120 1120 26 24
3838 41 11 5 120 1120 26 24
3839 41 10 6 120 1120 26 24
3840 41 10 5 120 1120 26 28
3841 41 10 4 120 1122 26 26
3842 41 10 4 120 1123 26 25
3843 41 12 4 120 1123 26 25
3844 41 12 3 120 1125 26 25
3845 41 12 2 120 1126 26 24
3846 41 12 1 120 1126 26 24
3847 41 12 1 120 1126 26 26
3848 41 12 0 120 1127 26 25
3849 41 14 0 120 1128 26 26
3850 41 14 0 122 1128 26 26
3851 41 13 0 123 1129 26 25
3852 41 13 0 123 1129 26 25
3853 41 13 2 123 1132 26 22
3854 41 15 2 123 1132 26 22
3855 41 16 3 123 1132 26 22
3856 41 16 3 123 1132 26 22
3857 41 17 4 123 1132 26 22
3858 41 17 4 123 1132 26 24
3859 42 16 4 123 1132 26 24
3860 42 16 4 123 1132 26 24
3861 42 15 4 124 1133 26 27
3862 42 15 2 124 1134 26 29
3863 42 14 2 125 1138 26 25
3864 42 16 1 123 1138 26 25
3865 42 16 1 123 1141 26 22
3866 42 17 0 122 1142 26 22
3867 42 16 0 123 1142 26 22
3868 42 16 0 123 1142 26 22
3869 43 15 1 122 1142 26 22
3870 43 15 2 121 1143 26 21
3871 43 19 2 121 1143 26 21
3872 43 18 2 122 1143 26 21
3873 43 19 2 123 1143 26 21
3874 43 19 3 122 1143 26 21
3875 43 20 4 122 1143 26 23
3876 43 19 5 122 1144 26 22
3877 43 18 5 123 1144 26 22
3878 43 18 4 123 1144 26 26
3879 43 19 3 122 1145 26 25
3880 43 18 3 123 1146 26 24
3881 43 19 3 122 1146 26 24
3882 44 19 3 121 1149 26 23
3883 44 18 3 121 1150 26 22
3884 44 18 3 120 1150 26 22
3885 44 18 2 120 1150 26 24
3886 44 18 2 120 1152 26 22
3887 44 19 3 120 1152 26 24
3888 44 21 3 120 1152 26 24
3889 44 20 4 120 1154 26 22
3890 44 19 4 121 1154 26 22
3891 44 18 5 121 1155 26 21
3892 44 20 5 120 1156 26 20
3893 44 22 4 120 1156 26 20
3894 44 21 5 121 1156 26 20
3895 44 21 6 120 1156 26 20
3896 44 21 5 120 1156 26 22
3897 44 21 5 120 1156 26 22
3898 44 21 5 119 1156 26 22
3899 44 21 6 118 1156 26 26
3900 44 21 5 118 1157 26 25
3901 44 23 4 118 1157 26 25
3902 44 25 4 118 1158 26 24
3903 44 24 4 118 1161 26 21
3904 45 24 3 117 1162 26 22
3905 45 27 3 116 1163 26 21
3906 45 28 3 115 1163 26 21
3907 45 30 2 115 1163 26 21
3908 45 30 1 115 1163 26 21
3909 45 32 1 115 1163 26 21
3910 45 29 2 117 1163 26 21
3911 45 28 4 116 1163 26 21
3912 45 29 4 116 1163 26 21
3913 45 30 5 116 1163 26 23
3914 45 29 5 116 1163 26 23
3915 45 29 5 116 1163 26 23
3916 45 29 7 116 1163 26 27
3917 45 30 8 116 1165 26 25
3918 46 28 10 115 1166 26 24
3919 46 28 10 114 1166 26 24
3920 46 27 9 114 1169 26 23
3921 46 29 8 114 1170 26 22
3922 46 29 7 114 1170 26 22
3923 46 29 7 114 1170 26 24
3924 46 29 7 114 1170 26 24
3925 46 26 8 114 1172 26 25
3926 46 26 7 114 1176 26 21
3927 46 26 5 114 1177 26 20
3928 46 27 5 114 1180 26 18
3929 46 31 4 114 1182 26 16
3930 46 31 5 115 1182 26 16
3931 46 31 6 116 1182 26 16
3932 46 30 7 116 1182 26 16
3933 46 30 8 115 1182 26 16
3934 46 33 6 115 1182 26 18
3935 46 34 7 115 1182 26 18
3936 46 36 9 115 1182 26 18
3937 46 38 8 115 1182 26 22
3938 46 38 10 115 1183 26 21
3939 46 38 9 115 1183 26 21
3940 46 38 8 115 1184 26 20
3941 46 37 8 115 1186 26 18
3942 46 34 10 115 1183 26 16
3943 46 39 10 115 1183 26 16
3944 46 38 9 116 1183 26 16
3945 46 36 9 116 1183 26 16
3946 46 35 12 116 1183 26 16
3947 46 33 12 116 1183 26 16
3948 46 33 12 118 1183 26 16
3949 46 31 16 118 1183 26 16
3950 46 33 15 118 1183 26 16
3951 46 34 13 118 1183 26 18
3952 46 33 15 118 1180 26 18
3953 46 34 16 118 1179 26 18
3954 46 35 15 120 1179 26 22
3955 46 33 13 121 1180 26 21
3956 46 35 13 121 1181 26 20
3957 46 32 16 121 1173 26 20
3958 46 31 13 121 1176 26 19
3959 46 30 16 121 1116 26 16
3960 46 36 15 121 1116 26 16
3961 46 34 16 121 1116 26 18
3962 46 34 15 121 1118 26 16
3963 46 38 14 121 1118 26 16
3964 46 40 15 123 1118 26 16
3965 46 43 14 123 1102 26 15
3966 46 38 12 127 1102 26 14
3967 46 45 11 128 1102 26 14
3968 46 42 9 130 1079 26 14
3969 46 41 11 131 1079 26 14
3970 46 45 8 132 1079 26 14
3971 46 45 10 132 1079 26 14
3972 47 44 12 132 1079 26 16
3973 47 42 13 133 1072 26 16
3974 47 43 13 135 1072 26 16
3975 47 45 15 136 1072 26 18
3976 47 46 15 137 1073 26 17
3977 47 51 14 138 1073 26 17
3978 47 50 12 139 1074 26 16
3979 47 56 13 139 1075 26 15
3980 47 54 11 141 1063 26 14
3981 47 52 9 143 1063 26 14
3982 47 56 6 143 1063 26 14
3983 47 53 6 147 1063 26 14
3984 47 54 4 147 1063 26 14
3985 47 49 7 149 1063 26 14
3986 47 50 7 150 1056 26 14
3987 47 53 8 150 1056 26 14
3988 47 52 7 152 1056 26 14
3989 47 52 9 154 1056 26 16
3990 47 52 12 155 1056 26 16
3991 47 56 11 158 1055 27 17
3992 47 56 10 160 1056 27 20
3993 47 60 12 160 1057 27 19
3994 47 54 9 166 1058 27 18
3995 47 53 9 167 1058 27 18
3996 48 50 10 167 1060 27 18
3997 48 51 11 168 1062 27 16
3998 48 48 11 169 1062 27 16
3999 48 45 9 171 1062 27 18
4000 48 41 10 174 1063 27 17
