591.799 455.989 5.295 9.953 12.0829 0.1 0 75 3 1 -4.4261e-09 -3.17245e-09 0 0 0 0 0 0
597.212 416.766 5.295 9.953 12.0829 0.1 0 161 3 1 1.81735e-10 -5.5022e-09 0 0 4.94066e-324 1.25562e-314 0 0
596.555 436.661 5.295 9.953 12.0829 0.1 0 94 3 1 -9.31175e-11 -4.12975e-09 0 0 4.94066e-324 1.25562e-314 0 0
614.609 428.277 5.295 9.953 12.0829 0.1 0 90 3 1 1.33265e-09 -3.4131e-09 0 0 4.94066e-324 1.25562e-314 0 0
624.345 445.639 5.295 9.953 12.0829 0.1 0 67 3 1 9.53725e-10 -2.13194e-09 0 0 4.94066e-324 1.25562e-314 0 0
611.172 460.562 5.295 9.953 12.0829 0.1 0 52 3 1 -3.04959e-09 -3.56564e-09 0 0 1.11171e-315 6.9212e-310 0 0
639.122 432.302 5.295 9.953 12.0829 0.1 0 75 3 1 2.35371e-09 -2.12432e-09 0 0 4.94066e-324 1.25562e-314 0 0
643.081 452.361 5.295 9.953 12.0829 0.1 0 49 3 1 1.70285e-09 -1.24311e-09 0 0 0 0 0 0
661.112 428.823 5.295 9.953 12.0829 0.1 0 90 3 1 -9.61078e-10 -6.73871e-10 0 0 4.94066e-324 1.25562e-314 0 0
677.41 440.251 5.295 9.953 12.0829 0.1 0 77 3 1 3.08627e-09 -5.35088e-09 0 0 4.94066e-324 1.25562e-314 0 0
662.94 453.919 5.295 9.953 12.0829 0.1 0 51 3 1 1.16186e-09 -4.89724e-09 0 0 0 0 0 0
697.312 440.64 5.295 9.953 12.0829 0.1 0 110 3 1 4.16646e-09 8.14707e-11 0 0 4.94066e-324 1.25562e-314 0 0
685.204 458.968 5.295 9.953 12.0829 0.1 0 64 3 1 6.12107e-11 -6.32086e-11 0 0 0 0 0 0
587.934 475.516 5.295 9.953 12.0829 0.1 0 65 3 1 -7.67471e-09 -1.63383e-09 0 0 4.65695e-310 3.16202e-322 0 0
607.307 480.088 5.295 9.953 12.0829 0.1 0 44 3 1 -5.77693e-09 -2.36696e-09 0 0 4.65695e-310 3.16202e-322 0 0
651.663 470.322 5.295 9.953 12.0829 0.1 0 36 3 1 3.20328e-09 -9.335e-10 0 0 4.94066e-324 1.25562e-314 0 0
629.643 467.982 5.295 9.953 12.0829 0.1 0 38 3 1 -3.2492e-10 -6.92289e-09 0 0 4.94066e-324 4.65806e-310 0 0
671.356 473.267 5.295 9.953 12.0829 0.1 0 41 3 1 -6.12107e-11 6.32086e-11 0 0 8.74496e-322 4.65695e-310 0 0
704.067 465.383 5.295 9.953 12.0829 0.1 0 82 3 1 2.20186e-09 -4.83823e-09 0 0 4.94066e-324 1.25562e-314 0 0
695.822 483.5 5.295 9.953 12.0829 0.1 0 65 3 1 5.02891e-09 -2.05682e-09 0 0 4.73629e-311 4.74266e-311 0 0
583.537 494.929 5.295 9.953 12.0829 0.1 0 66 3 2 -3.90106e-09 1.40029e-09 0 0 4.65695e-310 0 0 0
602.392 501.308 5.295 9.953 12.0829 0.1 0 43 3 1 -4.64172e-09 1.00986e-08 0 0 4.94066e-324 1.25562e-314 0 0
621.081 494.458 5.295 9.953 12.0829 0.1 0 34 3 1 -5.45103e-09 7.15168e-10 0 0 4.94066e-324 4.65806e-310 0 0
638.905 485.601 5.295 9.953 12.0829 0.1 0 32 3 1 -3.24653e-09 -3.29001e-09 0 0 4.94066e-324 1.25562e-314 0 0
645.306 504.557 5.295 9.953 12.0829 0.1 1 648 0 0 1.3113e-09 -3.3236e-09 0 0 4.65695e-310 4.65695e-310 0 0
658.516 489.01 5.295 9.953 12.0829 0.1 1 941 0 0 -5.1389e-10 1.28825e-09 0 0 4.94066e-324 1.25562e-314 0 0
664.932 507.882 5.295 9.953 12.0829 0.1 0 36 3 1 1.48903e-09 -2.80868e-09 0 0 5.30711e-311 5.31136e-311 0 0
678.1 492.564 5.295 9.953 12.0829 0.1 0 43 3 1 3.3607e-09 -2.52465e-10 0 0 4.94066e-324 1.25562e-314 0 0
715.726 483.301 5.295 9.953 12.0829 0.1 0 91 3 1 6.52228e-09 -1.71714e-09 0 0 4.94066e-324 1.25562e-314 0 0
713.954 503.128 5.295 9.953 12.0829 0.1 0 98 3 1 7.33148e-09 -8.81261e-10 0 0 4.94066e-324 1.25562e-314 0 0
720.416 521.955 5.295 9.953 12.0829 0.1 0 105 3 1 1.77708e-09 1.93377e-09 0 0 4.65695e-310 4.65695e-310 0 0
550.274 516.8 5.295 9.953 12.0829 0.1 0 157 3 1 -6.6097e-09 4.26744e-09 0 0 4.94066e-324 1.25562e-314 0 0
566.997 506.003 5.295 9.953 12.0829 0.1 0 91 3 1 -7.33204e-09 1.0575e-10 0 0 4.94066e-324 1.25562e-314 0 0
581.361 519.784 5.295 9.953 12.0829 0.1 0 79 3 1 -6.21788e-09 6.90181e-10 0 0 4.94066e-324 1.25562e-314 0 0
601.032 522.825 5.295 9.953 12.0829 0.1 0 51 3 1 -5.60409e-09 8.4584e-09 0 0 4.94066e-324 1.25562e-314 0 0
583.94 539.522 5.295 9.953 12.0829 0.1 0 73 3 1 -1.05429e-09 5.44212e-10 0 0 0 4.65695e-310 0 0
618.997 514.253 5.295 9.953 12.0829 0.1 0 40 3 1 -5.26531e-09 3.63599e-09 0 0 4.94066e-324 1.25562e-314 0 0
620.55 534.098 5.295 9.953 12.0829 0.1 0 46 3 1 2.17038e-09 4.41114e-09 0 0 3.21143e-322 4.65695e-310 0 0
637.038 522.664 5.295 9.953 12.0829 0.1 0 35 3 1 4.18215e-10 -2.49337e-09 0 0 4.94066e-324 1.25562e-314 0 0
643.955 541.329 5.295 9.953 12.0829 0.1 0 42 3 1 1.34607e-09 -5.87773e-10 0 0 4.65695e-310 5.02276e-311 0 0
656.663 525.988 5.295 9.953 12.0829 0.1 0 37 3 1 2.19624e-09 -1.33864e-09 0 0 4.65695e-310 4.65695e-310 0 0
694.09 504.418 5.295 9.953 12.0829 0.1 0 54 3 1 5.77652e-09 1.2295e-09 0 0 4.94066e-324 1.25562e-314 0 0
680.643 520.736 5.295 9.953 12.0829 0.1 0 52 3 1 -0 -0 0 0 4.94066e-324 1.25562e-314 0 0
700.552 523.245 5.295 9.953 12.0829 0.1 0 68 3 1 1.36106e-09 5.05226e-09 0 0 6.9211e-310 4.65695e-310 0 0
603.32 544.065 5.295 9.953 12.0829 0.1 0 64 3 1 -5.85171e-10 1.2823e-09 0 0 4.94066e-324 1.25562e-314 0 0
591.335 561.678 5.295 9.953 12.0829 0.1 0 91 3 1 -2.1979e-09 3.50664e-10 0 0 4.94066e-324 1.25562e-314 0 0
572.343 555.719 5.295 9.953 12.0829 0.1 0 121 3 1 -2.884e-09 -9.04893e-10 0 0 4.65695e-310 4.65695e-310 0 0
611.123 563.836 5.295 9.953 12.0829 0.1 0 76 3 1 -1.01425e-09 1.85611e-09 0 0 4.94066e-324 1.25562e-314 0 0
608.826 583.609 5.295 9.953 12.0829 0.1 0 122 3 1 -3.44527e-10 2.96444e-09 0 0 4.65695e-310 5.3538e-311 0 0
627.718 552.844 5.295 9.953 12.0829 0.1 0 56 3 1 -4.69737e-11 3.34716e-10 0 0 4.94066e-324 1.25562e-314 0 0
671.989 538.691 5.295 9.953 12.0829 0.1 0 48 3 1 2.01703e-09 1.71404e-09 0 0 4.94066e-324 1.25562e-314 0 0
659.29 554.02 5.295 9.953 12.0829 0.1 0 57 3 1 2.02209e-09 1.86549e-09 0 0 4.94066e-324 1.25562e-314 0 0
656.002 576.79 5.295 9.953 12.0829 0.1 0 89 3 1 -0 -0 0 0 4.94066e-324 1.25562e-314 0 0
692.635 580.356 5.295 9.953 12.0829 0.1 0 126 3 1 3.1256e-10 -9.99885e-11 0 0 4.94066e-324 1.25562e-314 0 0
673.676 586.421 5.295 9.953 12.0829 0.1 0 110 3 1 1.46601e-09 4.62296e-09 0 0 4.94066e-324 1.25562e-314 0 0
663.93 603.778 5.295 9.953 12.0829 0.1 0 171 3 1 -2.24297e-09 3.99472e-09 0 0 4.65695e-310 0 0 0
705.38 542.555 5.295 9.953 12.0829 0.1 0 90 3 1 7.58647e-09 5.23756e-09 0 0 4.94066e-324 1.25562e-314 0 0
687.458 551.217 5.295 9.953 12.0829 0.1 0 74 3 1 4.15032e-09 1.51917e-09 0 0 4.94066e-324 1.25562e-314 0 0
674.759 566.545 5.295 9.953 12.0829 0.1 0 78 3 1 3.47164e-09 2.99995e-09 0 0 4.65695e-310 0 0 0
80 235 2.6475 4.9765 6.04147 0.1 0 0 7 7 -0 -0.0266735 0 0 1.63042e-322 7.11455e-322 0 0
80 244 2.6475 4.9765 6.04147 0.1 0 0 7 7 -0 -0 0 0 0 0 0 0
80 253 2.6475 4.9765 6.04147 0.1 0 0 7 7 -0 -0 0 0 0 0 0 0
80 262 2.6475 4.9765 6.04147 0.1 0 0 7 7 -0 -0 0 0 0 0 0 0
80 271 2.6475 4.9765 6.04147 0.1 0 0 7 7 -0 -0 0 0 0 0 0 0
80 280 2.6475 4.9765 6.04147 0.1 0 0 7 7 -0 -0 0 0 0 0 0 0
80 289 2.6475 4.9765 6.04147 0.1 0 0 7 7 -0 -0 0 0 0 0 0 0
80 298 2.6475 4.9765 6.04147 0.1 0 0 7 7 -0 -0 0 0 0 0 0 0
80 307 2.6475 4.9765 6.04147 0.1 0 0 7 7 -0 -0 0 0 0 0 0 0
80 316 2.6475 4.9765 6.04147 0.1 0 0 7 7 -0 -0 0 0 0 0 0 0
80 325 2.6475 4.9765 6.04147 0.1 0 0 7 7 -0 -0 0 0 0 0 0 0
80 334 2.6475 4.9765 6.04147 0.1 0 0 7 7 -0 -0 0 0 0 0 0 0
80 343 2.6475 4.9765 6.04147 0.1 0 0 7 7 -0 -0 0 0 0 0 0 0
80 352 2.6475 4.9765 6.04147 0.1 0 0 7 7 -0 -0 0 0 0 0 0 0
80 361 2.6475 4.9765 6.04147 0.1 0 0 7 7 -0 -0 0 0 0 0 0 0
80 370 2.6475 4.9765 6.04147 0.1 0 0 7 7 -0 -0 0 0 0 0 0 0
80 379 2.6475 4.9765 6.04147 0.1 0 0 7 7 -0 -0 0 0 0 0 0 0
80 388 2.6475 4.9765 6.04147 0.1 0 0 7 7 -0 -0 0 0 0 0 0 0
80 397 2.6475 4.9765 6.04147 0.1 0 0 7 7 -0 -0 0 0 0 0 0 0
80 406 2.6475 4.9765 6.04147 0.1 0 0 7 7 -0 -0 0 0 4.65695e-310 6.32404e-322 0 0
80 415 2.6475 4.9765 6.04147 0.1 0 0 7 7 -0 -0 0 0 4.65695e-310 4.65806e-310 0 0
80 424 2.6475 4.9765 6.04147 0.1 0 0 7 7 -0 -0 0 0 4.65695e-310 4.65695e-310 0 0
80 433 2.6475 4.9765 6.04147 0.1 0 0 7 7 -0 -0 0 0 4.74303e-322 4.65806e-310 0 0
80 442 2.6475 4.9765 6.04147 0.1 0 0 7 7 -0 -0 0 0 0 0 0 0
80 451 2.6475 4.9765 6.04147 0.1 0 0 7 7 -0 -0 0 0 0 4.98018e-321 0 0
80 460 2.6475 4.9765 6.04147 0.1 0 0 7 7 -0 -0 0 0 4.65695e-310 6.32404e-322 0 0
80 469 2.6475 4.9765 6.04147 0.1 0 0 7 7 -0 -0 0 0 4.65695e-310 4.65695e-310 0 0
80 478 2.6475 4.9765 6.04147 0.1 0 0 7 7 -0 -0 0 0 4.65695e-310 4.65695e-310 0 0
80 487 2.6475 4.9765 6.04147 0.1 0 0 7 7 -0 -0 0 0 2.37152e-322 4.65806e-310 0 0
80 496 2.6475 4.9765 6.04147 0.1 0 0 7 7 -0 -0 0 0 4.65695e-310 4.65695e-310 0 0
80 505 2.6475 4.9765 6.04147 0.1 0 0 7 7 -0 -0 0 0 4.65695e-310 4.65695e-310 0 0
80 514 2.6475 4.9765 6.04147 0.1 0 0 7 7 -0 -0 0 0 6.77129e-311 4.65695e-310 0 0
80 523 2.6475 4.9765 6.04147 0.1 0 0 7 7 -0 -0 0 0 4.65695e-310 0 0 0
80 532 2.6475 4.9765 6.04147 0.1 0 0 7 7 -0 -0 0 0 2.37152e-322 4.65806e-310 0 0
80 541 2.6475 4.9765 6.04147 0.1 0 0 7 7 -0 -0 0 0 4.65695e-310 6.32404e-322 0 0
80 550 2.6475 4.9765 6.04147 0.1 0 0 7 7 -0 -0 0 0 1.63042e-322 4.65695e-310 0 0
80 559 2.6475 4.9765 6.04147 0.1 0 0 7 7 -0 -0 0 0 4.74303e-322 4.65806e-310 0 0
80 568 2.6475 4.9765 6.04147 0.1 0 0 7 7 -0 -0 0 0 0 4.65695e-310 0 0
80 577 2.6475 4.9765 6.04147 0.1 0 0 7 7 -0 -0 0 0 4.65695e-310 5.81002e-311 0 0
80 586 2.6475 4.9765 6.04147 0.1 0 0 7 7 -0 -0 0 0 0 4.65695e-310 0 0
80 595 2.6475 4.9765 6.04147 0.1 0 0 7 7 -0 -0 0 0 4.65695e-310 0 0 0
80 604 2.6475 4.9765 6.04147 0.1 0 0 7 7 -0 -0 0 0 4.74303e-322 4.65806e-310 0 0
80 613 2.6475 4.9765 6.04147 0.1 0 0 7 7 -0 -0 0 0 1.02301e-310 4.65695e-310 0 0
80 622 2.6475 4.9765 6.04147 0.1 0 0 7 7 -0 -0 0 0 0 4.65695e-310 0 0
80 631 2.6475 4.9765 6.04147 0.1 0 0 7 7 -0 -0 0 0 4.65695e-310 1.58101e-322 0 0
80 640 2.6475 4.9765 6.04147 0.1 0 0 7 7 -0 -0 0 0 2.19662e-320 1.02766e-321 0 0
80 649 2.6475 4.9765 6.04147 0.1 0 0 7 7 -0 -0 0 0 6.37345e-322 4.65695e-310 0 0
80 658 2.6475 4.9765 6.04147 0.1 0 0 7 7 -0 -0 0 0 4.65695e-310 4.65695e-310 0 0
80 667 2.6475 4.9765 6.04147 0.1 0 0 7 7 -0 -0 0 0 1.58101e-322 4.65806e-310 0 0
80 676 2.6475 4.9765 6.04147 0.1 0 0 7 7 -0 -0 0 0 1.90215e-321 4.65695e-310 0 0
80 685 2.6475 4.9765 6.04147 0.1 0 0 7 7 -0 -0 0 0 6.92121e-310 1.58101e-322 0 0
80 694 2.6475 4.9765 6.04147 0.1 0 0 7 7 -0 -0 0 0 1.63042e-322 4.65695e-310 0 0
80 703 2.6475 4.9765 6.04147 0.1 0 0 7 7 -0 -0 0 0 4.65695e-310 4.65695e-310 0 0
80 712 2.6475 4.9765 6.04147 0.1 0 0 7 7 -0 -0 0 0 4.37131e-311 4.37768e-311 0 0
80 721 2.6475 4.9765 6.04147 0.1 0 0 7 7 -0 -0 0 0 4.65695e-310 7.79833e-311 0 0
80 730 2.6475 4.9765 6.04147 0.1 0 0 7 7 -0 -0 0 0 2.42092e-322 4.65695e-310 0 0
80 739 2.6475 4.9765 6.04147 0.1 0 0 7 7 -0 -0 0 0 0 2.37152e-321 0 0
80 748 2.6475 4.9765 6.04147 0.1 0 0 7 7 -0 -0 0 0 7.21054e-311 8.66199e-311 0 0
80 757 2.6475 4.9765 6.04147 0.1 0 0 7 7 -0 -0 0 0 2.37152e-322 4.65806e-310 0 0
80 766 2.6475 4.9765 6.04147 0.1 0 0 7 7 -0 -0 0 0 0 2.37152e-322 0 0
80 775 2.6475 4.9765 6.04147 0.1 0 0 7 7 -0 0.0266735 0 0 6.9211e-310 4.65695e-310 0 0
100 208 2.6475 4.9765 6.04147 0.1 0 0 7 7 -0 -0.0266735 0 0 4.79244e-322 4.65695e-310 0 0
100 217 2.6475 4.9765 6.04147 0.1 0 0 7 7 -0 -0 0 0 0 2.37152e-322 0 0
100 226 2.6475 4.9765 6.04147 0.1 0 0 7 7 -0 -0 0 0 4.65695e-310 7.90019e-311 0 0
100 235 2.6475 4.9765 6.04147 0.1 0 0 7 7 -0 -0 0 0 5.89915e-311 5.90551e-311 0 0
100 244 2.6475 4.9765 6.04147 0.1 0 0 7 7 -0 -0 0 0 2.37152e-322 4.65806e-310 0 0
100 253 2.6475 4.9765 6.04147 0.1 0 0 7 7 -0 -0 0 0 4.65695e-310 2.13436e-321 0 0
100 262 2.6475 4.9765 6.04147 0.1 0 0 7 7 -0 -0 0 0 4.65695e-310 4.65695e-310 0 0
100 271 2.6475 4.9765 6.04147 0.1 0 0 7 7 -0 -0 0 0 1.665e-321 4.65695e-310 0 0
100 280 2.6475 4.9765 6.04147 0.1 0 0 7 7 -0 -0 0 0 6.9211e-310 4.65695e-310 0 0
100 289 2.6475 4.9765 6.04147 0.1 0 0 7 7 -0 -0 0 0 4.65695e-310 0 0 0
100 298 2.6475 4.9765 6.04147 0.1 0 0 7 7 0.0047498 0.0325008 0 0 4.65695e-310 7.11455e-322 0 0
106.023 305.138 2.6475 4.9765 6.04147 0.1 0 0 7 15 -0.00450047 -0.0196367 0 0 5.97554e-311 5.97978e-311 0 0
106.073 314.924 2.6475 4.9765 6.04147 600 0 678 7 13 0.00753756 0.0149563 0 0 0.999167 -0.0408176 0 0
115.938 316.153 2.6475 4.9765 6.04147 600 0 716 7 13 2.7095e-06 0.00129605 0 0 0.994191 -0.107634 0 0
125.117 318.99 2.6475 4.9765 6.04147 600 0 754 7 13 -0.00408914 -0.00234249 0 0 0.986595 -0.163186 0 0
134.771 319.296 2.6475 4.9765 6.04147 600 0 792 7 13 0.00376384 0.00036067 0 0 0.982629 -0.18558 0 0
144.317 319.876 2.6475 4.9765 6.04147 600 0 830 7 13 -0.00151406 -0.000492235 0 0 0.928108 -0.37231 0 0
153.836 319.836 2.6475 4.9765 6.04147 600 0 868 7 13 -0.00565499 7.26113e-05 0 0 0.94956 -0.313585 0 0
163.418 321.125 2.6475 4.9765 6.04147 600 0 906 7 13 0.00812109 -0.00117701 0 0 0.908744 -0.417355 0 0
172.521 319.762 2.6475 4.9765 6.04147 600 0 944 7 13 -0.0214091 -0.00472402 0 0 0.941444 -0.337171 0 0
181.618 323.824 2.6475 4.9765 6.04147 600 0 982 9 13 0.0201894 0.0117582 0 0 0.984479 -0.175502 0 0
188.584 329.793 2.6475 4.9765 6.04147 0.1 0 322 8 10 -0.0140138 -0.00176152 0 0 0.984479 -0.175502 0 0
180.6 334.555 2.6475 4.9765 6.04147 600 0 982 9 14 0.00954075 -0.00454718 0 0 0.999875 0.0158257 0 0
171.154 336.689 2.6475 4.9765 6.04147 600 0 944 7 14 -0.00794823 -0.000112979 0 0 0.973906 0.226952 0 0
161.871 335.444 2.6475 4.9765 6.04147 600 0 906 7 14 0.0035267 0.000697969 0 0 0.990753 0.135679 0 0
152.266 335.394 2.6475 4.9765 6.04147 600 0 868 7 14 -0.00430422 7.97078e-05 0 0 0.997629 0.0688263 0 0
142.927 335.499 2.6475 4.9765 6.04147 600 0 830 7 14 0.0101343 -0.000396164 0 0 0.995883 0.090644 0 0
133.204 336.27 2.6475 4.9765 6.04147 600 0 792 7 14 -0.0132474 0.00103462 0 0 0.99926 0.0384585 0 0
124.456 336.369 2.6475 4.9765 6.04147 600 0 754 7 14 0.0432494 -0.035611 0 0 0.997652 -0.0684859 0 0
116.835 343.869 2.6475 4.9765 6.04147 600 0 716 7 14 -0.0407054 0.0329278 0 0 0.99799 -0.0633766 0 0
109.219 337.126 2.6475 4.9765 6.04147 600 0 678 7 14 0.00337328 0.00743298 0 0 0.988511 -0.151151 0 0
108.308 346.903 2.6475 4.9765 6.04147 0.1 0 0 7 15 0.0458147 -0.0312336 0 0 6.95284e-310 0 0 0
100 352 2.6475 4.9765 6.04147 0.1 0 0 7 7 -0.0425265 -0.000900393 0 0 4.74303e-322 4.65806e-310 0 0
100 361 2.6475 4.9765 6.04147 0.1 0 0 7 7 -0 -0 0 0 8.74496e-322 4.65695e-310 0 0
100 370 2.6475 4.9765 6.04147 0.1 0 0 7 7 -0 -0 0 0 2.37152e-322 4.65806e-310 0 0
100 379 2.6475 4.9765 6.04147 0.1 0 0 7 7 -0 -0 0 0 4.65695e-310 4.65695e-310 0 0
100 388 2.6475 4.9765 6.04147 0.1 0 0 7 7 -0 -0 0 0 3.79936e-321 4.65695e-310 0 0
100 397 2.6475 4.9765 6.04147 0.1 0 0 7 7 -0 -0 0 0 4.65695e-310 0 0 0
100 406 2.6475 4.9765 6.04147 0.1 0 0 7 7 -0 -0 0 0 4.65695e-310 7.11455e-322 0 0
100 415 2.6475 4.9765 6.04147 0.1 0 0 7 7 -0 -0 0 0 4.65695e-310 1.58101e-322 0 0
100 424 2.6475 4.9765 6.04147 0.1 0 0 7 7 -0 -0 0 0 4.65695e-310 3.95253e-322 0 0
100 433 2.6475 4.9765 6.04147 0.1 0 0 7 7 -0 -0 0 0 4.65695e-310 1.58101e-322 0 0
100 442 2.6475 4.9765 6.04147 0.1 0 0 7 7 -0 -0 0 0 4.65695e-310 4.74303e-322 0 0
100 451 2.6475 4.9765 6.04147 0.1 0 0 7 7 -0 -0 0 0 4.65695e-310 0 0 0
100 460 2.6475 4.9765 6.04147 0.1 0 0 7 7 -0 -0 0 0 4.65695e-310 3.16202e-322 0 0
100 469 2.6475 4.9765 6.04147 0.1 0 0 7 7 -0 -0 0 0 0 2.37152e-322 0 0
100 478 2.6475 4.9765 6.04147 0.1 0 0 7 7 -0 -0 0 0 4.65695e-310 1.10671e-321 0 0
100 487 2.6475 4.9765 6.04147 0.1 0 0 7 7 -0 -0 0 0 0 4.65693e-310 0 0
100 496 2.6475 4.9765 6.04147 0.1 0 0 7 7 -0 -0 0 0 4.65695e-310 1.58101e-322 0 0
100 505 2.6475 4.9765 6.04147 0.1 0 0 7 7 -0 -0 0 0 4.65695e-310 4.65695e-310 0 0
100 514 2.6475 4.9765 6.04147 0.1 0 0 7 7 -0 -0 0 0 4.65695e-310 7.11455e-322 0 0
100 523 2.6475 4.9765 6.04147 0.1 0 0 7 7 -0 -0 0 0 1.58101e-322 4.65806e-310 0 0
100 532 2.6475 4.9765 6.04147 0.1 0 0 7 7 -0 -0 0 0 4.65695e-310 4.74303e-322 0 0
100 541 2.6475 4.9765 6.04147 0.1 0 0 7 7 -0 -0 0 0 0 2.37152e-322 0 0
100 550 2.6475 4.9765 6.04147 0.1 0 0 7 7 -0 -0 0 0 4.65695e-310 0 0 0
100 559 2.6475 4.9765 6.04147 0.1 0 0 7 7 -0 -0 0 0 2.42092e-322 4.65695e-310 0 0
100 568 2.6475 4.9765 6.04147 0.1 0 0 7 7 -0 -0 0 0 4.65695e-310 0 0 0
100 577 2.6475 4.9765 6.04147 0.1 0 0 7 7 -0 -0 0 0 6.37345e-322 4.65695e-310 0 0
100 586 2.6475 4.9765 6.04147 0.1 0 0 7 7 -0 -0 0 0 2.42092e-322 4.65695e-310 0 0
100 595 2.6475 4.9765 6.04147 0.1 0 0 7 7 -0 -0 0 0 4.65695e-310 0 0 0
100 604 2.6475 4.9765 6.04147 0.1 0 0 7 7 -0 -0 0 0 0 7.11455e-322 0 0
100 613 2.6475 4.9765 6.04147 0.1 0 0 7 7 -0 -0 0 0 3.16202e-322 4.65806e-310 0 0
100 622 2.6475 4.9765 6.04147 0.1 0 0 7 7 -0 -0 0 0 4.65695e-310 1.58101e-322 0 0
100 631 2.6475 4.9765 6.04147 0.1 0 0 7 7 -0 -0 0 0 2.42092e-322 4.65695e-310 0 0
100 640 2.6475 4.9765 6.04147 0.1 0 0 7 7 -0 -0 0 0 4.65695e-310 4.65695e-310 0 0
100 649 2.6475 4.9765 6.04147 0.1 0 0 7 7 -0 -0 0 0 4.65695e-310 3.16202e-322 0 0
100 658 2.6475 4.9765 6.04147 0.1 0 0 7 7 0.00219378 0.0293096 0 0 2.1393e-321 4.65695e-310 0 0
106.015 665.241 2.6475 4.9765 6.04147 0.1 0 0 7 15 -0.00378792 -0.00385206 0 0 4.65695e-310 4.65695e-310 0 0
113.645 671.108 2.6475 4.9765 6.04147 600 0 657 7 13 0.00596122 0.00625566 0 0 0.987509 0.157564 0 0
119.673 678.118 2.6475 4.9765 6.04147 600 0 695 7 13 -0.00929229 -0.00839276 0 0 0.995898 0.0904838 0 0
127.748 683.592 2.6475 4.9765 6.04147 600 0 733 7 13 0.0124742 0.00511645 0 0 0.999809 0.0195353 0 0
136.663 685.637 2.6475 4.9765 6.04147 600 0 771 7 13 -0.0158229 -0.00357688 0 0 0.996186 0.0872576 0 0
146.275 687.748 2.6475 4.9765 6.04147 600 0 809 7 13 0.0162444 0.00368312 0 0 0.999742 0.0227238 0 0
155.123 689.83 2.6475 4.9765 6.04147 600 0 847 7 13 -0.0170047 -0.00377752 0 0 0.98842 0.151744 0 0
164.737 691.883 2.6475 4.9765 6.04147 600 0 885 7 13 0.014966 0.0042992 0 0 0.994374 -0.105928 0 0
173.217 695.378 2.6475 4.9765 6.04147 600 0 923 7 13 -0.00926509 -0.00119364 0 0 0.997939 0.064173 0 0
182.259 692.256 2.6475 4.9765 6.04147 600 0 961 7 13 0.00456469 0.000875213 0 0 0.999482 -0.032196 0 0
186.993 700.344 2.6475 4.9765 6.04147 600 0 999 9 13 -0.00150776 -0.00262713 0 0 0.998508 0.0546036 0 0
193.141 707.623 2.6475 4.9765 6.04147 0.1 0 343 8 10 0.00405991 0.00135854 0 0 0.966638 0.256146 0 0
184.235 710.964 2.6475 4.9765 6.04147 600 0 999 9 14 -0.00250258 0.00111234 0 0 0.869273 0.494332 0 0
175.469 714.318 2.6475 4.9765 6.04147 600 0 961 7 14 0.00162344 -0.000855653 0 0 0.894128 0.447811 0 0
169.787 706.784 2.6475 4.9765 6.04147 600 0 923 7 14 -0.000680779 0.000153937 0 0 0.933399 0.35884 0 0
160.343 706.457 2.6475 4.9765 6.04147 600 0 885 7 14 -0.00120905 -0.000441286 0 0 0.945027 0.326991 0 0
151.155 704.334 2.6475 4.9765 6.04147 600 0 847 7 14 0.00110411 0.000229436 0 0 0.909383 0.41596 0 0
141.957 701.954 2.6475 4.9765 6.04147 600 0 809 7 14 -0.0021533 -0.000158733 0 0 0.933493 0.358596 0 0
132.645 700.749 2.6475 4.9765 6.04147 600 0 771 7 14 0.0040042 0.000673705 0 0 0.961519 0.274738 0 0
123.477 698.109 2.6475 4.9765 6.04147 600 0 733 7 14 -0.00480088 0.00249882 0 0 0.973796 0.227423 0 0
116.032 703.635 2.6475 4.9765 6.04147 600 0 695 7 14 0.0130007 0.000371645 0 0 0.971828 0.235692 0 0
109.91 696.239 2.6475 4.9765 6.04147 600 0 657 7 14 -0.00157363 -0.00862103 0 0 0.999994 -0.0033773 0 0
106.42 705.263 2.6475 4.9765 6.04147 0.1 0 0 7 15 -0.0110432 0.00911073 0 0 9.19036e-311 3.16202e-322 0 0
100 712 2.6475 4.9765 6.04147 0.1 0 0 7 7 0.00348723 -0.0303095 0 0 8.74496e-322 4.65695e-310 0 0
100 721 2.6475 4.9765 6.04147 0.1 0 0 7 7 -0 -0 0 0 3.16202e-322 4.65806e-310 0 0
100 730 2.6475 4.9765 6.04147 0.1 0 0 7 7 -0 -0 0 0 0 4.65695e-310 0 0
100 739 2.6475 4.9765 6.04147 0.1 0 0 7 7 -0 -0 0 0 4.65695e-310 4.65695e-310 0 0
100 748 2.6475 4.9765 6.04147 0.1 0 0 7 7 -0 -0 0 0 1.89474e-320 0 0 0
100 757 2.6475 4.9765 6.04147 0.1 0 0 7 7 -0 -0 0 0 4.65695e-310 4.65695e-310 0 0
100 766 2.6475 4.9765 6.04147 0.1 0 0 7 7 -0 -0 0 0 6.9211e-310 4.65695e-310 0 0
100 775 2.6475 4.9765 6.04147 0.1 0 0 7 7 -0 -0 0 0 4.65695e-310 1.58101e-322 0 0
100 784 2.6475 4.9765 6.04147 0.1 0 0 7 7 -0 -0 0 0 1.11165e-321 4.65695e-310 0 0
100 793 2.6475 4.9765 6.04147 0.1 0 0 7 7 -0 -0 0 0 2.37152e-322 4.65806e-310 0 0
100 802 2.6475 4.9765 6.04147 0.1 0 0 7 7 -0 0.0266735 0 0 3.16202e-322 4.65806e-310 0 0
