591.798 455.989 5.295 9.953 12.0829 0.1 0 75 3 1 -1.87742e-09 -1.3501e-09 0 0 1.17884e-320 0 0 0
597.212 416.766 5.295 9.953 12.0829 0.1 0 161 3 1 7.74442e-11 -2.34456e-09 0 0 6.95325e-310 5.26596e-310 0 0
596.555 436.66 5.295 9.953 12.0829 0.1 0 94 3 1 -3.97571e-11 -1.75992e-09 0 0 6.95325e-310 5.26596e-310 0 0
614.609 428.277 5.295 9.953 12.0829 0.1 0 90 3 1 5.66037e-10 -1.45832e-09 0 0 6.95325e-310 5.26596e-310 0 0
624.345 445.639 5.295 9.953 12.0829 0.1 0 67 3 1 4.10161e-10 -9.13299e-10 0 0 6.95325e-310 5.26596e-310 0 0
611.171 460.562 5.295 9.953 12.0829 0.1 0 52 3 1 -1.29392e-09 -1.51539e-09 0 0 3.21143e-322 5.26596e-310 0 0
639.122 432.302 5.295 9.953 12.0829 0.1 0 75 3 1 1.01089e-09 -9.12356e-10 0 0 6.95325e-310 5.26596e-310 0 0
643.081 452.361 5.295 9.953 12.0829 0.1 0 49 3 1 7.28841e-10 -5.28865e-10 0 0 1.58101e-322 5.26722e-310 0 0
661.112 428.823 5.295 9.953 12.0829 0.1 0 90 3 1 -4.13172e-10 -2.89668e-10 0 0 6.95325e-310 6.4951e-310 0 0
677.411 440.25 5.295 9.953 12.0829 0.1 0 77 3 1 1.32501e-09 -2.29732e-09 0 0 6.95325e-310 5.26596e-310 0 0
662.941 453.919 5.295 9.953 12.0829 0.1 0 51 3 1 4.97917e-10 -2.10176e-09 0 0 1.58101e-322 5.26722e-310 0 0
697.313 440.64 5.295 9.953 12.0829 0.1 0 110 3 1 1.7897e-09 3.50768e-11 0 0 6.95325e-310 5.26596e-310 0 0
685.204 458.968 5.295 9.953 12.0829 0.1 0 64 3 1 2.5933e-11 -2.67794e-11 0 0 0 0 0 0
587.933 475.515 5.295 9.953 12.0829 0.1 0 65 3 1 -3.27924e-09 -6.98093e-10 0 0 0 0 0 0
607.306 480.088 5.295 9.953 12.0829 0.1 0 44 3 1 -2.46988e-09 -1.00245e-09 0 0 0 0 0 0
651.664 470.321 5.295 9.953 12.0829 0.1 0 36 3 1 1.37326e-09 -3.99354e-10 0 0 6.95325e-310 5.26596e-310 0 0
629.643 467.981 5.295 9.953 12.0829 0.1 0 38 3 1 -1.47146e-10 -2.93161e-09 0 0 0 0 0 0
671.356 473.268 5.295 9.953 12.0829 0.1 0 41 3 1 -2.5933e-11 2.67794e-11 0 0 0 0 0 0
704.067 465.382 5.295 9.953 12.0829 0.1 0 82 3 1 9.3624e-10 -2.0574e-09 0 0 6.95325e-310 6.4951e-310 0 0
695.822 483.5 5.295 9.953 12.0829 0.1 0 65 3 1 2.13846e-09 -8.74654e-10 0 0 1.58101e-322 5.26722e-310 0 0
583.536 494.929 5.295 9.953 12.0829 0.1 0 66 3 2 -1.6628e-09 5.9651e-10 0 0 9.34278e-321 4.60074e-320 0 0
602.391 501.31 5.295 9.953 12.0829 0.1 0 43 3 1 -1.97925e-09 4.30526e-09 0 0 6.95325e-310 5.26596e-310 0 0
621.08 494.458 5.295 9.953 12.0829 0.1 0 34 3 1 -2.32322e-09 3.08574e-10 0 0 5.26596e-310 3.30395e-311 0 0
638.905 485.6 5.295 9.953 12.0829 0.1 0 32 3 1 -1.38046e-09 -1.39713e-09 0 0 6.95325e-310 5.26596e-310 0 0
645.306 504.557 5.295 9.953 12.0829 0.1 1 648 0 0 5.56657e-10 -1.41019e-09 0 0 2.06025e-321 5.26596e-310 0 0
658.516 489.011 5.295 9.953 12.0829 0.1 1 941 0 0 -2.18519e-10 5.49553e-10 0 0 6.95325e-310 5.26596e-310 0 0
664.932 507.881 5.295 9.953 12.0829 0.1 1 1140 0 0 6.32898e-10 -1.19478e-09 0 0 1.58101e-322 5.26722e-310 0 0
678.101 492.564 5.295 9.953 12.0829 0.1 0 43 3 1 1.42925e-09 -1.06965e-10 0 0 6.95325e-310 5.26596e-310 0 0
715.727 483.301 5.295 9.953 12.0829 0.1 0 91 3 1 2.77353e-09 -7.30084e-10 0 0 6.95325e-310 5.26596e-310 0 0
713.955 503.128 5.295 9.953 12.0829 0.1 0 98 3 1 3.11742e-09 -3.74731e-10 0 0 6.95325e-310 6.4951e-310 0 0
720.416 521.956 5.295 9.953 12.0829 0.1 0 105 3 1 7.55244e-10 8.2217e-10 0 0 9.40207e-321 4.94856e-320 0 0
550.273 516.801 5.295 9.953 12.0829 0.1 0 157 3 1 -2.81646e-09 1.81853e-09 0 0 6.95325e-310 5.26596e-310 0 0
566.996 506.003 5.295 9.953 12.0829 0.1 0 91 3 1 -3.12464e-09 4.48614e-11 0 0 6.95325e-310 5.26596e-310 0 0
581.36 519.784 5.295 9.953 12.0829 0.1 0 79 3 1 -2.64688e-09 2.90951e-10 0 0 6.95325e-310 5.26596e-310 0 0
601.031 522.826 5.295 9.953 12.0829 0.1 0 51 3 1 -2.38657e-09 3.60218e-09 0 0 6.95325e-310 5.26596e-310 0 0
583.94 539.522 5.295 9.953 12.0829 0.1 0 73 3 1 -4.56086e-10 2.33622e-10 0 0 0 0 0 0
618.996 514.254 5.295 9.953 12.0829 0.1 0 40 3 1 -2.23888e-09 1.55682e-09 0 0 6.95325e-310 5.26596e-310 0 0
620.551 534.099 5.295 9.953 12.0829 0.1 0 46 3 1 9.35018e-10 1.89345e-09 0 0 0 0 0 0
637.038 522.664 5.295 9.953 12.0829 0.1 1 1393 0 0 1.80522e-10 -1.05678e-09 0 0 6.95325e-310 5.26596e-310 0 0
643.955 541.329 5.295 9.953 12.0829 0.1 0 42 3 1 5.71179e-10 -2.4683e-10 0 0 0 0 0 0
656.664 525.988 5.295 9.953 12.0829 0.1 0 37 3 1 9.36809e-10 -5.68779e-10 0 0 0 0 0 0
694.091 504.418 5.295 9.953 12.0829 0.1 0 54 3 1 2.4563e-09 5.23275e-10 0 0 6.95325e-310 5.26596e-310 0 0
680.643 520.736 5.295 9.953 12.0829 0.1 0 52 3 1 -0 -0 0 0 6.95325e-310 5.26596e-310 0 0
700.552 523.245 5.295 9.953 12.0829 0.1 0 68 3 1 5.78563e-10 2.1485e-09 0 0 0 0 0 0
603.32 544.066 5.295 9.953 12.0829 0.1 0 64 3 1 -2.50623e-10 5.5305e-10 0 0 6.95325e-310 5.26596e-310 0 0
591.335 561.678 5.295 9.953 12.0829 0.1 0 91 3 1 -9.32345e-10 1.4865e-10 0 0 6.95325e-310 5.26596e-310 0 0
572.342 555.719 5.295 9.953 12.0829 0.1 0 121 3 1 -1.22296e-09 -3.83731e-10 0 0 0 0 0 0
611.123 563.837 5.295 9.953 12.0829 0.1 0 76 3 1 -4.30814e-10 7.87548e-10 0 0 6.95325e-310 5.26596e-310 0 0
608.825 583.609 5.295 9.953 12.0829 0.1 0 122 3 1 -1.46127e-10 1.2574e-09 0 0 5.26596e-310 4.74303e-322 0 0
627.718 552.844 5.295 9.953 12.0829 0.1 0 56 3 1 -2.07971e-11 1.42583e-10 0 0 6.95325e-310 5.26596e-310 0 0
671.989 538.691 5.295 9.953 12.0829 0.1 0 48 3 1 8.59767e-10 7.28954e-10 0 0 6.95325e-310 5.26596e-310 0 0
659.29 554.02 5.295 9.953 12.0829 0.1 0 57 3 1 8.58173e-10 7.93606e-10 0 0 6.95325e-310 5.26596e-310 0 0
656.002 576.79 5.295 9.953 12.0829 0.1 0 89 3 1 -0 -0 0 0 6.95325e-310 5.26596e-310 0 0
692.635 580.356 5.295 9.953 12.0829 0.1 0 126 3 1 1.32241e-10 -4.231e-11 0 0 6.95325e-310 5.26596e-310 0 0
673.676 586.422 5.295 9.953 12.0829 0.1 0 110 3 1 6.22215e-10 1.96192e-09 0 0 6.95325e-310 5.26596e-310 0 0
663.93 603.778 5.295 9.953 12.0829 0.1 0 171 3 1 -9.51568e-10 1.69462e-09 0 0 0 0 0 0
705.381 542.556 5.295 9.953 12.0829 0.1 0 90 3 1 3.2224e-09 2.22765e-09 0 0 6.95325e-310 5.26596e-310 0 0
687.459 551.217 5.295 9.953 12.0829 0.1 0 74 3 1 1.76385e-09 6.4818e-10 0 0 6.95325e-310 5.26596e-310 0 0
674.76 566.546 5.295 9.953 12.0829 0.1 0 78 3 1 1.47356e-09 1.27392e-09 0 0 0 0 0 0
80 235 2.6475 4.9765 6.04147 0.1 0 0 7 7 -0 -0.0266735 0 0 0 0 0 0
80 244 2.6475 4.9765 6.04147 0.1 0 0 7 7 -0 -0 0 0 0 0 0 0
80 253 2.6475 4.9765 6.04147 0.1 0 0 7 7 -0 -0 0 0 0 0 0 0
80 262 2.6475 4.9765 6.04147 0.1 0 0 7 7 -0 -0 0 0 1.0228e-311 2.23022e-311 0 0
80 271 2.6475 4.9765 6.04147 0.1 0 0 7 7 -0 -0 0 0 3.21143e-322 5.26596e-310 0 0
80 280 2.6475 4.9765 6.04147 0.1 0 0 7 7 -0 -0 0 0 6.4951e-310 0 0 0
80 289 2.6475 4.9765 6.04147 0.1 0 0 7 7 -0 -0 0 0 1.58101e-322 5.26722e-310 0 0
80 298 2.6475 4.9765 6.04147 0.1 0 0 7 7 -0 -0 0 0 5.6148e-311 1.30829e-320 0 0
80 307 2.6475 4.9765 6.04147 0.1 0 0 7 7 -0 -0 0 0 1.58101e-322 5.26722e-310 0 0
80 316 2.6475 4.9765 6.04147 0.1 0 0 7 7 -0 -0 0 0 5.26596e-310 1.58101e-322 0 0
80 325 2.6475 4.9765 6.04147 0.1 0 0 7 7 -0 -0 0 0 1.58101e-322 5.26722e-310 0 0
80 334 2.6475 4.9765 6.04147 0.1 0 0 7 7 -0 -0 0 0 1.82067e-311 1.89721e-321 0 0
80 343 2.6475 4.9765 6.04147 0.1 0 0 7 7 -0 -0 0 0 1.63042e-322 5.26596e-310 0 0
80 352 2.6475 4.9765 6.04147 0.1 0 0 7 7 -0 -0 0 0 5.26596e-310 3.63632e-321 0 0
80 361 2.6475 4.9765 6.04147 0.1 0 0 7 7 -0 -0 0 0 0 3.10236e-311 0 0
80 370 2.6475 4.9765 6.04147 0.1 0 0 7 7 -0 -0 0 0 3.16202e-322 5.26722e-310 0 0
80 379 2.6475 4.9765 6.04147 0.1 0 0 7 7 -0 -0 0 0 5.26596e-310 1.58101e-322 0 0
80 388 2.6475 4.9765 6.04147 0.1 0 0 7 7 -0 -0 0 0 3.21143e-322 5.26596e-310 0 0
80 397 2.6475 4.9765 6.04147 0.1 0 0 7 7 -0 -0 0 0 5.26596e-310 1.58101e-322 0 0
80 406 2.6475 4.9765 6.04147 0.1 0 0 7 7 -0 -0 0 0 1.26975e-321 5.26596e-310 0 0
80 415 2.6475 4.9765 6.04147 0.1 0 0 7 7 -0 -0 0 0 6.4951e-310 0 0 0
80 424 2.6475 4.9765 6.04147 0.1 0 0 7 7 -0 -0 0 0 1.58101e-322 5.26722e-310 0 0
80 433 2.6475 4.9765 6.04147 0.1 0 0 7 7 -0 -0 0 0 5.26596e-310 1.58101e-322 0 0
80 442 2.6475 4.9765 6.04147 0.1 0 0 7 7 -0 -0 0 0 5.26596e-310 0 0 0
80 451 2.6475 4.9765 6.04147 0.1 0 0 7 7 -0 -0 0 0 0 5.26596e-310 0 0
80 460 2.6475 4.9765 6.04147 0.1 0 0 7 7 -0 -0 0 0 1.35078e-320 5.26596e-310 0 0
80 469 2.6475 4.9765 6.04147 0.1 0 0 7 7 -0 -0 0 0 5.23072e-311 5.7591e-311 0 0
80 478 2.6475 4.9765 6.04147 0.1 0 0 7 7 -0 -0 0 0 3.16202e-322 5.26722e-310 0 0
80 487 2.6475 4.9765 6.04147 0.1 0 0 7 7 -0 -0 0 0 0 6.32404e-321 0 0
80 496 2.6475 4.9765 6.04147 0.1 0 0 7 7 -0 -0 0 0 1.35325e-320 0 0 0
80 505 2.6475 4.9765 6.04147 0.1 0 0 7 7 -0 -0 0 0 0 5.26596e-310 0 0
80 514 2.6475 4.9765 6.04147 0.1 0 0 7 7 -0 -0 0 0 -nan 1.26481e-321 0 0
80 523 2.6475 4.9765 6.04147 0.1 0 0 7 7 -0 -0 0 0 5.26596e-310 0 0 0
80 532 2.6475 4.9765 6.04147 0.1 0 0 7 7 -0 -0 0 0 1.58101e-322 5.26596e-310 0 0
80 541 2.6475 4.9765 6.04147 0.1 0 0 7 7 -0 -0 0 0 5.26596e-310 5.26596e-310 0 0
80 550 2.6475 4.9765 6.04147 0.1 0 0 7 7 -0 -0 0 0 1.58101e-322 5.26722e-310 0 0
80 559 2.6475 4.9765 6.04147 0.1 0 0 7 7 -0 -0 0 0 5.26596e-310 3.19364e-320 0 0
80 568 2.6475 4.9765 6.04147 0.1 0 0 7 7 -0 -0 0 0 1.58101e-322 5.26722e-310 0 0
80 577 2.6475 4.9765 6.04147 0.1 0 0 7 7 -0 -0 0 0 5.26596e-310 3.36755e-320 0 0
80 586 2.6475 4.9765 6.04147 0.1 0 0 7 7 -0 -0 0 0 0 5.26596e-310 0 0
80 595 2.6475 4.9765 6.04147 0.1 0 0 7 7 -0 -0 0 0 -nan 1.26481e-321 0 0
80 604 2.6475 4.9765 6.04147 0.1 0 0 7 7 -0 -0 0 0 5.26596e-310 5.26596e-310 0 0
80 613 2.6475 4.9765 6.04147 0.1 0 0 7 7 -0 -0 0 0 5.26596e-310 5.26596e-310 0 0
80 622 2.6475 4.9765 6.04147 0.1 0 0 7 7 -0 -0 0 0 5.26596e-310 5.26596e-310 0 0
80 631 2.6475 4.9765 6.04147 0.1 0 0 7 7 -0 -0 0 0 5.26596e-310 5.26596e-310 0 0
80 640 2.6475 4.9765 6.04147 0.1 0 0 7 7 -0 -0 0 0 5.26596e-310 5.26596e-310 0 0
80 649 2.6475 4.9765 6.04147 0.1 0 0 7 7 -0 -0 0 0 5.26596e-310 5.26596e-310 0 0
80 658 2.6475 4.9765 6.04147 0.1 0 0 7 7 -0 -0 0 0 5.26596e-310 5.26596e-310 0 0
80 667 2.6475 4.9765 6.04147 0.1 0 0 7 7 -0 -0 0 0 5.26596e-310 5.26596e-310 0 0
80 676 2.6475 4.9765 6.04147 0.1 0 0 7 7 -0 -0 0 0 5.26596e-310 5.26596e-310 0 0
80 685 2.6475 4.9765 6.04147 0.1 0 0 7 7 -0 -0 0 0 5.26596e-310 5.26596e-310 0 0
80 694 2.6475 4.9765 6.04147 0.1 0 0 7 7 -0 -0 0 0 5.26596e-310 5.26596e-310 0 0
80 703 2.6475 4.9765 6.04147 0.1 0 0 7 7 -0 -0 0 0 5.26596e-310 5.26596e-310 0 0
80 712 2.6475 4.9765 6.04147 0.1 0 0 7 7 -0 -0 0 0 5.26596e-310 1.58101e-322 0 0
80 721 2.6475 4.9765 6.04147 0.1 0 0 7 7 -0 -0 0 0 1.63042e-322 5.26596e-310 0 0
80 730 2.6475 4.9765 6.04147 0.1 0 0 7 7 -0 -0 0 0 5.26596e-310 1.42291e-321 0 0
80 739 2.6475 4.9765 6.04147 0.1 0 0 7 7 -0 -0 0 0 5.26596e-310 6.32404e-322 0 0
80 748 2.6475 4.9765 6.04147 0.1 0 0 7 7 -0 -0 0 0 1.58101e-322 5.26722e-310 0 0
80 757 2.6475 4.9765 6.04147 0.1 0 0 7 7 -0 -0 0 0 9.48532e-312 1.15437e-311 0 0
80 766 2.6475 4.9765 6.04147 0.1 0 0 7 7 -0 -0 0 0 1.26975e-321 5.26596e-310 0 0
80 775 2.6475 4.9765 6.04147 0.1 0 0 7 7 -0 0.0266735 0 0 5.26596e-310 1.58101e-322 0 0
100 208 2.6475 4.9765 6.04147 0.1 0 0 7 7 -0 -0.0266735 0 0 0 5.26596e-310 0 0
100 217 2.6475 4.9765 6.04147 0.1 0 0 7 7 -0 -0 0 0 5.26596e-310 3.16202e-322 0 0
100 226 2.6475 4.9765 6.04147 0.1 0 0 7 7 -0 -0 0 0 1.63042e-322 5.26596e-310 0 0
100 235 2.6475 4.9765 6.04147 0.1 0 0 7 7 -0 -0 0 0 3.73471e-312 1.3411e-311 0 0
100 244 2.6475 4.9765 6.04147 0.1 0 0 7 7 -0 -0 0 0 1.58101e-322 5.26722e-310 0 0
100 253 2.6475 4.9765 6.04147 0.1 0 0 7 7 -0 -0 0 0 5.26596e-310 5.26596e-310 0 0
100 262 2.6475 4.9765 6.04147 0.1 0 0 7 7 -0 -0 0 0 3.21143e-322 5.26596e-310 0 0
100 271 2.6475 4.9765 6.04147 0.1 0 0 7 7 -0 -0 0 0 5.26596e-310 0 0 0
100 280 2.6475 4.9765 6.04147 0.1 0 0 7 7 -0 -0 0 0 1.63042e-322 5.26596e-310 0 0
100 289 2.6475 4.9765 6.04147 0.1 0 0 7 7 -0 -0 0 0 1.08858e-311 1.31139e-311 0 0
100 298 2.6475 4.9765 6.04147 0.1 0 0 7 7 0.0025164 0.0275352 0 0 3.16202e-322 5.26722e-310 0 0
108.937 301.05 2.6475 4.9765 6.04147 0.1 0 0 7 15 -0.00168288 -0.00105075 0 0 9.84606e-312 2.29741e-321 0 0
111.609 310.128 2.6475 4.9765 6.04147 600 0 678 7 13 -0.000396038 0.000952525 0 0 0.99985 -0.0173034 0 0
118.251 303.378 2.6475 4.9765 6.04147 600 0 716 7 13 0.00456479 0.00182868 0 0 0.995295 -0.0968929 0 0
120.772 312.361 2.6475 4.9765 6.04147 600 0 754 7 13 0.00104026 -0.00288023 0 0 0.991323 -0.131445 0 0
127.286 305.696 2.6475 4.9765 6.04147 600 0 792 7 13 -0.00506009 0.000396843 0 0 0.962336 -0.271861 0 0
136.833 306.715 2.6475 4.9765 6.04147 600 0 830 7 13 0.00190773 -0.00047217 0 0 0.989631 -0.143636 0 0
146.18 305.54 2.6475 4.9765 6.04147 600 0 868 7 15 -0.00129382 -5.67404e-05 0 0 0.940332 -0.340258 0 0
155.372 303.122 2.6475 4.9765 6.04147 600 0 1325 7 13 0.000549979 -0.000500219 0 0 0.797573 -0.603222 0 0
164.064 299.394 2.6475 4.9765 6.04147 600 0 1363 7 13 -0.000336673 -0.000155053 0 0 0.884467 -0.466603 0 0
172.221 294.546 2.6475 4.9765 6.04147 600 0 1401 7 13 0.000282173 -0.000529883 0 0 0.706006 -0.708206 0 0
179.719 288.806 2.6475 4.9765 6.04147 600 0 1439 7 13 -0.000964707 0.00100409 0 0 0.586773 -0.809751 0 0
188.078 284.34 2.6475 4.9765 6.04147 600 0 1477 9 13 -0.000117152 0.000252466 0 0 0.679466 -0.733707 0 0
197.395 282.748 2.6475 4.9765 6.04147 600 0 175 8 10 0.000253741 0.00174174 0 0 0.694582 -0.719414 0 0
195.721 292.092 2.6475 4.9765 6.04147 600 0 1477 9 14 -0.0017821 0.00109443 0 0 0.789237 -0.614088 0 0
190.722 300.135 2.6475 4.9765 6.04147 600 0 1439 7 14 -0.000117705 -0.00181372 0 0 0.759383 -0.650644 0 0
183.441 306.229 2.6475 4.9765 6.04147 600 0 1401 7 14 0.00145076 -0.000734364 0 0 0.906335 -0.42256 0 0
174.749 309.932 2.6475 4.9765 6.04147 600 0 1363 7 14 0.00178645 0.000176329 0 0 0.80296 -0.596033 0 0
182.271 315.595 2.6475 4.9765 6.04147 600 0 1020 7 15 0.00110197 -0.00101498 0 0 0.91843 -0.395584 0 0
191.312 318.431 2.6475 4.9765 6.04147 600 0 1058 7 13 0.00145622 -0.000906292 0 0 0.975005 -0.222185 0 0
200.739 317.43 2.6475 4.9765 6.04147 600 0 1096 7 13 0.000509153 0.000109626 0 0 0.963801 -0.266624 0 0
210.222 316.812 2.6475 4.9765 6.04147 600 0 1134 7 13 -0.000220323 -0.000157189 0 0 0.933745 -0.35794 0 0
219.671 315.747 2.6475 4.9765 6.04147 600 0 1172 7 13 -0.000372966 2.89086e-05 0 0 0.957636 -0.287982 0 0
229.111 314.64 2.6475 4.9765 6.04147 600 0 1210 7 13 -0.000229756 -1.48782e-06 0 0 0.923135 -0.384475 0 0
238.53 313.443 2.6475 4.9765 6.04147 600 0 1248 7 13 -0.000265981 3.20769e-05 0 0 0.9523 -0.305162 0 0
247.946 312.241 2.6475 4.9765 6.04147 600 0 1286 7 13 -0.000106293 1.61735e-05 0 0 0.968564 -0.248763 0 0
257.351 311.052 2.6475 4.9765 6.04147 600 0 1324 7 13 -0.000310938 0.000142711 0 0 0.94302 -0.332737 0 0
266.801 310.292 2.6475 4.9765 6.04147 600 0 1362 7 13 -0.000147936 0.000131173 0 0 0.952524 -0.304465 0 0
276.265 310.066 2.6475 4.9765 6.04147 600 0 1400 7 13 -0.000398709 -0.000150386 0 0 0.918852 -0.394603 0 0
285.667 308.971 2.6475 4.9765 6.04147 600 0 1438 7 13 -0.000171312 0.000387308 0 0 0.879085 -0.476665 0 0
295.05 310.13 2.6475 4.9765 6.04147 600 0 1476 9 13 -0.00029262 -0.000102961 0 0 0.976644 -0.214866 0 0
302.983 315.28 2.6475 4.9765 6.04147 0.1 0 822 8 10 -0.000285731 3.28935e-05 0 0 0.977062 -0.212955 0 0
295.405 320.98 2.6475 4.9765 6.04147 600 0 1476 9 14 -0.000380766 -7.32352e-05 0 0 0.977898 0.209084 0 0
286.293 323.598 2.6475 4.9765 6.04147 600 0 1438 7 14 -0.000385103 -0.000376192 0 0 0.934976 0.35471 0 0
276.862 324.652 2.6475 4.9765 6.04147 600 0 1400 7 14 -0.000290396 -0.000173651 0 0 0.977651 0.210235 0 0
267.375 325.07 2.6475 4.9765 6.04147 600 0 1362 7 14 -0.000174283 3.9806e-05 0 0 0.994116 0.108324 0 0
257.888 325.583 2.6475 4.9765 6.04147 600 0 1324 7 14 -6.71792e-05 0.000245368 0 0 0.971693 0.236248 0 0
248.459 326.779 2.6475 4.9765 6.04147 600 0 1286 7 14 1.25089e-06 9.31869e-05 0 0 0.990719 0.135929 0 0
239.067 328.237 2.6475 4.9765 6.04147 600 0 1248 7 14 4.46953e-05 -5.98929e-05 0 0 0.986217 0.165457 0 0
229.654 329.548 2.6475 4.9765 6.04147 600 0 1210 7 14 8.26898e-05 -6.38555e-05 0 0 0.995718 0.0924462 0 0
220.223 330.705 2.6475 4.9765 6.04147 600 0 1172 7 14 0.00012119 -4.7055e-05 0 0 0.989442 0.14493 0 0
210.783 331.763 2.6475 4.9765 6.04147 600 0 1134 7 14 0.000105328 -5.07815e-05 0 0 0.996638 0.0819261 0 0
201.335 332.696 2.6475 4.9765 6.04147 600 0 1096 7 14 0.000190582 -6.5853e-05 0 0 0.993212 0.116318 0 0
191.873 333.468 2.6475 4.9765 6.04147 600 0 1058 7 14 6.83021e-05 -4.67054e-05 0 0 0.979819 0.199885 0 0
182.419 334.094 2.6475 4.9765 6.04147 600 0 1020 7 14 0.00065064 -6.48096e-05 0 0 0.998959 0.045611 0 0
172.942 334.62 2.6475 4.9765 6.04147 600 0 982 7 14 -0.000268498 2.19095e-05 0 0 0.970766 0.240027 0 0
163.489 335.173 2.6475 4.9765 6.04147 600 0 944 7 14 0.00011649 1.00994e-06 0 0 0.98863 0.150371 0 0
154.021 335.763 2.6475 4.9765 6.04147 600 0 906 7 14 -0.000351435 0.000159344 0 0 0.995945 0.0899601 0 0
144.664 336.852 2.6475 4.9765 6.04147 600 0 868 7 14 0.00240682 -0.000282048 0 0 0.99358 0.113132 0 0
135.166 337.864 2.6475 4.9765 6.04147 600 0 830 7 14 -0.00303339 0.00131183 0 0 0.997248 -0.0741445 0 0
126.514 341.499 2.6475 4.9765 6.04147 600 0 792 7 14 0.00195644 -0.000809889 0 0 0.991377 0.131042 0 0
119.061 335.688 2.6475 4.9765 6.04147 600 0 754 7 14 8.77349e-05 -0.000607438 0 0 0.999867 -0.0163074 0 0
117.507 345.015 2.6475 4.9765 6.04147 600 0 716 7 14 -0.00771145 0.00027562 0 0 0.998108 -0.0614929 0 0
110.307 339.204 2.6475 4.9765 6.04147 600 0 678 7 14 0.0020378 0.00600809 0 0 0.986902 -0.161322 0 0
108.884 348.31 2.6475 4.9765 6.04147 0.1 0 0 7 15 0.00766015 -0.0065482 0 0 5.26596e-310 1.58101e-322 0 0
100 352 2.6475 4.9765 6.04147 0.1 0 0 7 7 -0.000880427 -0.0263157 0 0 4.79244e-322 5.26596e-310 0 0
100 361 2.6475 4.9765 6.04147 0.1 0 0 7 7 -0 -0 0 0 5.26596e-310 4.9973e-311 0 0
100 370 2.6475 4.9765 6.04147 0.1 0 0 7 7 -0 -0 0 0 1.58101e-322 5.26722e-310 0 0
100 379 2.6475 4.9765 6.04147 0.1 0 0 7 7 -0 -0 0 0 5.26596e-310 1.58101e-322 0 0
100 388 2.6475 4.9765 6.04147 0.1 0 0 7 7 -0 -0 0 0 3.21143e-322 5.26596e-310 0 0
100 397 2.6475 4.9765 6.04147 0.1 0 0 7 7 -0 -0 0 0 3.16177e-311 5.38563e-311 0 0
100 406 2.6475 4.9765 6.04147 0.1 0 0 7 7 -0 -0 0 0 1.58101e-322 5.26722e-310 0 0
100 415 2.6475 4.9765 6.04147 0.1 0 0 7 7 -0 -0 0 0 1.061e-311 2.71828e-311 0 0
100 424 2.6475 4.9765 6.04147 0.1 0 0 7 7 -0 -0 0 0 1.58101e-322 5.26722e-310 0 0
100 433 2.6475 4.9765 6.04147 0.1 0 0 7 7 -0 -0 0 0 1.12449e-320 0 0 0
100 442 2.6475 4.9765 6.04147 0.1 0 0 7 7 -0 -0 0 0 1.58101e-322 5.26722e-310 0 0
100 451 2.6475 4.9765 6.04147 0.1 0 0 7 7 -0 -0 0 0 1.12466e-311 4.24399e-311 0 0
100 460 2.6475 4.9765 6.04147 0.1 0 0 7 7 -0 -0 0 0 4.79244e-322 5.26596e-310 0 0
100 469 2.6475 4.9765 6.04147 0.1 0 0 7 7 -0 -0 0 0 5.26596e-310 0 0 0
100 478 2.6475 4.9765 6.04147 0.1 0 0 7 7 -0 -0 0 0 3.16202e-322 5.26722e-310 0 0
100 487 2.6475 4.9765 6.04147 0.1 0 0 7 7 -0 -0 0 0 6.4951e-310 3.15965e-311 0 0
100 496 2.6475 4.9765 6.04147 0.1 0 0 7 7 -0 -0 0 0 1.63042e-322 5.26596e-310 0 0
100 505 2.6475 4.9765 6.04147 0.1 0 0 7 7 -0 -0 0 0 5.26596e-310 6.48214e-321 0 0
100 514 2.6475 4.9765 6.04147 0.1 0 0 7 7 -0 -0 0 0 5.26596e-310 5.26596e-310 0 0
100 523 2.6475 4.9765 6.04147 0.1 0 0 7 7 -0 -0 0 0 5.26596e-310 5.26596e-310 0 0
100 532 2.6475 4.9765 6.04147 0.1 0 0 7 7 -0 -0 0 0 5.26596e-310 5.26596e-310 0 0
100 541 2.6475 4.9765 6.04147 0.1 0 0 7 7 -0 -0 0 0 5.26596e-310 5.26596e-310 0 0
100 550 2.6475 4.9765 6.04147 0.1 0 0 7 7 -0 -0 0 0 5.26596e-310 5.26596e-310 0 0
100 559 2.6475 4.9765 6.04147 0.1 0 0 7 7 -0 -0 0 0 5.26596e-310 5.26596e-310 0 0
100 568 2.6475 4.9765 6.04147 0.1 0 0 7 7 -0 -0 0 0 5.26596e-310 5.26596e-310 0 0
100 577 2.6475 4.9765 6.04147 0.1 0 0 7 7 -0 -0 0 0 5.26596e-310 5.26596e-310 0 0
100 586 2.6475 4.9765 6.04147 0.1 0 0 7 7 -0 -0 0 0 5.26596e-310 5.26596e-310 0 0
100 595 2.6475 4.9765 6.04147 0.1 0 0 7 7 -0 -0 0 0 5.26596e-310 5.26596e-310 0 0
100 604 2.6475 4.9765 6.04147 0.1 0 0 7 7 -0 -0 0 0 5.26596e-310 5.26596e-310 0 0
100 613 2.6475 4.9765 6.04147 0.1 0 0 7 7 -0 -0 0 0 5.26596e-310 5.26596e-310 0 0
100 622 2.6475 4.9765 6.04147 0.1 0 0 7 7 -0 -0 0 0 5.26596e-310 5.26596e-310 0 0
100 631 2.6475 4.9765 6.04147 0.1 0 0 7 7 -0 -0 0 0 5.26596e-310 5.26596e-310 0 0
100 640 2.6475 4.9765 6.04147 0.1 0 0 7 7 -0 -0 0 0 5.26596e-310 5.26596e-310 0 0
100 649 2.6475 4.9765 6.04147 0.1 0 0 7 7 -0 -0 0 0 5.26596e-310 5.26596e-310 0 0
100 658 2.6475 4.9765 6.04147 0.1 0 0 7 7 0.00112467 0.0272261 0 0 5.26596e-310 5.26596e-310 0 0
108.484 662.168 2.6475 4.9765 6.04147 0.1 0 0 7 15 8.90391e-05 5.73259e-06 0 0 5.26596e-310 5.26596e-310 0 0
117.066 666.115 2.6475 4.9765 6.04147 600 0 657 7 13 -0.000203141 -0.000166239 0 0 0.98833 0.15233 0 0
125.884 669.535 2.6475 4.9765 6.04147 600 0 695 7 13 0.00029286 -2.56912e-05 0 0 0.997366 0.0725363 0 0
134.968 672.089 2.6475 4.9765 6.04147 600 0 733 7 13 -0.000448806 -0.000231703 0 0 0.999861 0.0166484 0 0
144.316 673.562 2.6475 4.9765 6.04147 600 0 771 7 15 0.000499856 -0.000102486 0 0 0.996508 0.0834961 0 0
153.74 673.787 2.6475 4.9765 6.04147 600 0 1221 7 13 -0.000697181 -0.000102207 0 0 0.931623 -0.363426 0 0
163.154 672.785 2.6475 4.9765 6.04147 600 0 1259 7 13 0.000644423 -0.000214864 0 0 0.927048 -0.374943 0 0
172.355 670.772 2.6475 4.9765 6.04147 600 0 1297 7 13 -0.000817307 0.000141668 0 0 0.852935 -0.522016 0 0
181.435 668.089 2.6475 4.9765 6.04147 600 0 1335 7 13 0.000643048 -0.000279682 0 0 0.784238 -0.620461 0 0
190.251 664.784 2.6475 4.9765 6.04147 600 0 1373 7 13 -0.000725075 0.000325738 0 0 0.862753 -0.505625 0 0
199.446 662.551 2.6475 4.9765 6.04147 600 0 1411 7 13 0.000482831 -0.000582861 0 0 0.793198 -0.608963 0 0
206.918 656.824 2.6475 4.9765 6.04147 600 0 1449 7 13 -0.000410763 0.000652617 0 0 0.859217 -0.511611 0 0
216.407 656.274 2.6475 4.9765 6.04147 600 0 1487 9 13 0.00275385 0.000364582 0 0 0.827787 -0.561042 0 0
225.635 658.012 2.6475 4.9765 6.04147 600 0 279 8 10 -0.00266445 0.00103261 0 0 0.893806 -0.448453 0 0
220.868 666.183 2.6475 4.9765 6.04147 600 0 1487 9 14 -0.000584997 0.000879017 0 0 0.893806 -0.448453 0 0
215.321 673.832 2.6475 4.9765 6.04147 600 0 1449 7 14 -0.00101419 -0.00279766 0 0 0.947318 -0.320294 0 0
205.83 674.098 2.6475 4.9765 6.04147 600 0 1411 7 14 -0.000734064 0.00180619 0 0 0.935477 -0.353386 0 0
197.264 678.257 2.6475 4.9765 6.04147 600 0 1373 7 14 -0.00105173 0.000144868 0 0 0.912967 -0.408033 0 0
188.499 681.889 2.6475 4.9765 6.04147 600 0 1335 7 14 0.00222731 -0.000967424 0 0 0.967173 -0.25412 0 0
179.569 685.502 2.6475 4.9765 6.04147 600 0 1297 7 14 -0.00233359 0.00412744 0 0 0.924486 -0.381217 0 0
170.767 688.54 2.6475 4.9765 6.04147 600 0 1259 7 14 0.00715317 0.00108503 0 0 0.999108 0.0422247 0 0
177.78 694.615 2.6475 4.9765 6.04147 600 0 923 7 15 -0.000839411 -0.00587465 0 0 0.994725 -0.102579 0 0
186.968 697.258 2.6475 4.9765 6.04147 600 0 961 7 13 0.00198718 0.000925591 0 0 0.999261 -0.0384371 0 0
195.694 700.634 2.6475 4.9765 6.04147 600 0 999 7 13 -0.00439396 -0.00158547 0 0 0.999391 0.0348811 0 0
204.939 703.197 2.6475 4.9765 6.04147 600 0 1037 7 13 0.00378694 0.00101956 0 0 0.999696 -0.0246691 0 0
214.09 705.636 2.6475 4.9765 6.04147 600 0 1075 7 13 0.0028474 0.000776746 0 0 0.986957 -0.160981 0 0
223.283 708.117 2.6475 4.9765 6.04147 600 0 1113 7 13 0.000113772 9.08345e-05 0 0 0.99296 0.11845 0 0
232.218 710.619 2.6475 4.9765 6.04147 600 0 1151 7 13 -0.0129714 -0.00365906 0 0 0.999982 0.00607091 0 0
241.697 713.305 2.6475 4.9765 6.04147 600 0 1189 7 13 0.0113532 0.0031556 0 0 0.997204 -0.0747238 0 0
250.472 715.655 2.6475 4.9765 6.04147 600 0 1227 7 13 -0.00747987 -0.00198677 0 0 0.991972 -0.126459 0 0
259.841 718.117 2.6475 4.9765 6.04147 600 0 1265 7 13 0.00681872 0.00181961 0 0 0.999253 0.0386469 0 0
268.746 720.529 2.6475 4.9765 6.04147 600 0 1303 7 13 -0.00520449 -0.0014656 0 0 0.999068 -0.0431748 0 0
277.943 723.306 2.6475 4.9765 6.04147 600 0 1341 7 13 0.00427639 0.00130553 0 0 0.996071 -0.0885638 0 0
286.83 726.033 2.6475 4.9765 6.04147 600 0 1379 7 13 -0.0035556 -0.00136261 0 0 0.978868 -0.204495 0 0
295.148 730.686 2.6475 4.9765 6.04147 600 0 1417 7 13 0.00219008 0.00056244 0 0 0.994071 -0.10873 0 0
304.516 730.417 2.6475 4.9765 6.04147 600 0 1455 7 13 -0.00112932 4.01921e-05 0 0 0.984765 -0.173893 0 0
310.179 738.018 2.6475 4.9765 6.04147 600 0 1493 9 13 0.00119194 0.00140791 0 0 0.998938 0.0460767 0 0
315.135 746.021 2.6475 4.9765 6.04147 0.1 0 843 8 10 -0.000634129 -0.000403294 0 0 0.964566 0.263842 0 0
305.922 748.003 2.6475 4.9765 6.04147 600 0 1493 9 14 0.0013167 -2.25029e-06 0 0 0.893227 0.449606 0 0
296.673 749.989 2.6475 4.9765 6.04147 600 0 1455 7 14 -0.000290265 -0.00107827 0 0 0.906361 0.422505 0 0
291.588 742.026 2.6475 4.9765 6.04147 600 0 1417 7 14 -0.0022733 0.000279198 0 0 0.939561 0.342381 0 0
282.412 739.713 2.6475 4.9765 6.04147 600 0 1379 7 14 -0.000574924 -0.000416457 0 0 0.870421 0.492309 0 0
273.336 736.749 2.6475 4.9765 6.04147 600 0 1341 7 14 -0.0019847 -0.000441742 0 0 0.884262 0.46699 0 0
264.228 734.11 2.6475 4.9765 6.04147 600 0 1303 7 14 0.0022123 0.00071548 0 0 0.889587 0.456766 0 0
254.958 731.639 2.6475 4.9765 6.04147 600 0 1265 7 14 -0.00136673 -0.000268128 0 0 0.938862 0.344294 0 0
245.709 729.363 2.6475 4.9765 6.04147 600 0 1227 7 14 -0.000260707 -0.000164815 0 0 0.839748 0.542977 0 0
236.542 726.923 2.6475 4.9765 6.04147 600 0 1189 7 14 0.00283134 0.000726444 0 0 0.875023 0.484082 0 0
227.236 724.322 2.6475 4.9765 6.04147 600 0 1151 7 14 -0.00512338 -0.00134417 0 0 0.915329 0.402708 0 0
218.465 721.97 2.6475 4.9765 6.04147 600 0 1113 7 14 0.0404352 0.0105507 0 0 0.819297 0.57337 0 0
207.94 719.236 2.6475 4.9765 6.04147 600 0 1075 7 14 -0.0420527 -0.0109411 0 0 0.871906 0.489673 0 0
200.27 717.226 2.6475 4.9765 6.04147 600 0 1037 7 14 0.03522 0.00949204 0 0 0.900954 0.433915 0 0
190.094 714.461 2.6475 4.9765 6.04147 600 0 999 7 14 -0.0299335 -0.00815463 0 0 0.847668 0.530527 0 0
181.784 712.154 2.6475 4.9765 6.04147 600 0 961 7 14 0.00744019 0.00201143 0 0 0.891665 0.452695 0 0
172.426 709.681 2.6475 4.9765 6.04147 600 0 923 7 14 -0.00704748 -0.00179924 0 0 0.933 0.359875 0 0
163.398 707.482 2.6475 4.9765 6.04147 600 0 885 7 14 0.00183228 0.000481215 0 0 0.944289 0.329116 0 0
154.079 705.46 2.6475 4.9765 6.04147 600 0 847 7 14 -0.0016621 -0.000318087 0 0 0.914728 0.40407 0 0
144.905 703.601 2.6475 4.9765 6.04147 600 0 809 7 14 0.00416764 0.000757971 0 0 0.933565 0.358409 0 0
135.412 702.343 2.6475 4.9765 6.04147 600 0 771 7 14 -0.00373101 -0.000284486 0 0 0.964619 0.263646 0 0
126.049 701.914 2.6475 4.9765 6.04147 600 0 733 7 14 0.0010493 0.00111642 0 0 0.974373 0.224938 0 0
117.992 707.124 2.6475 4.9765 6.04147 600 0 695 7 14 -0.00956912 -0.00456519 0 0 0.971807 0.235777 0 0
112.49 699.795 2.6475 4.9765 6.04147 600 0 657 7 14 0.000831252 0.0101881 0 0 0.999985 0.00541996 0 0
108.913 708.169 2.6475 4.9765 6.04147 0.1 0 0 7 15 0.0133651 -0.00796198 0 0 5.26596e-310 5.26596e-310 0 0
100 712 2.6475 4.9765 6.04147 0.1 0 0 7 7 -0.00317235 -0.025329 0 0 5.26596e-310 5.26596e-310 0 0
100 721 2.6475 4.9765 6.04147 0.1 0 0 7 7 -0 -0 0 0 1.16896e-320 0 0 0
100 730 2.6475 4.9765 6.04147 0.1 0 0 7 7 -0 -0 0 0 3.81959e-312 3.22543e-311 0 0
100 739 2.6475 4.9765 6.04147 0.1 0 0 7 7 -0 -0 0 0 6.88233e-321 5.26596e-310 0 0
100 748 2.6475 4.9765 6.04147 0.1 0 0 7 7 -0 -0 0 0 0 5.26596e-310 0 0
100 757 2.6475 4.9765 6.04147 0.1 0 0 7 7 -0 -0 0 0 1.17094e-320 0 0 0
100 766 2.6475 4.9765 6.04147 0.1 0 0 7 7 -0 -0 0 0 5.26596e-310 5.03125e-311 0 0
100 775 2.6475 4.9765 6.04147 0.1 0 0 7 7 -0 -0 0 0 3.21143e-322 5.26596e-310 0 0
100 784 2.6475 4.9765 6.04147 0.1 0 0 7 7 -0 -0 0 0 2.53456e-321 3.16202e-322 0 0
100 793 2.6475 4.9765 6.04147 0.1 0 0 7 7 -0 -0 0 0 5.32833e-311 0 0 0
100 802 2.6475 4.9765 6.04147 0.1 0 0 7 7 -0 0.0266735 0 0 5.26596e-310 5.05459e-311 0 0
