583.274 456.879 5.295 9.953 12.0829 0.1 0 75 3 1 -0.000117674 -2.36413e-05 0 0 1.17884e-320 0 0 0
606.004 403.978 5.295 9.953 12.0829 0.1 0 161 3 1 -0 -0 0 0 6.95325e-310 5.26596e-310 0 0
602.611 452.583 5.295 9.953 12.0829 0.1 0 94 3 1 -0.000108925 -4.44518e-05 0 0 6.95325e-310 5.26596e-310 0 0
633.828 406.529 5.295 9.953 12.0829 0.1 0 90 3 1 -0 -0 0 0 6.95325e-310 5.26596e-310 0 0
622.318 454.188 5.295 9.953 12.0829 0.1 0 67 3 1 -7.9301e-05 9.34925e-06 0 0 6.95325e-310 5.26596e-310 0 0
614.508 472.316 5.295 9.953 12.0829 0.1 0 52 3 1 5.73065e-05 0.000123849 0 0 3.21143e-322 5.26596e-310 0 0
660.473 436.885 5.295 9.953 12.0829 0.1 0 75 3 1 -3.09085e-05 -3.64765e-05 0 0 6.95325e-310 5.26596e-310 0 0
645.817 452.927 5.295 9.953 12.0829 0.1 0 49 3 1 -0 -0 0 0 1.58101e-322 5.26722e-310 0 0
671.177 420.15 5.295 9.953 12.0829 0.1 0 90 3 1 1.15528e-05 -1.8063e-05 0 0 6.95325e-310 6.4951e-310 0 0
680.197 439.512 5.295 9.953 12.0829 0.1 0 77 3 1 -8.55049e-06 -5.02992e-06 0 0 6.95325e-310 5.26596e-310 0 0
666.863 455.666 5.295 9.953 12.0829 0.1 0 51 3 1 -3.37621e-06 -3.14713e-05 0 0 1.58101e-322 5.26722e-310 0 0
700.037 440.799 5.295 9.953 12.0829 0.1 0 110 3 1 7.83153e-06 5.0806e-07 0 0 6.95325e-310 5.26596e-310 0 0
686.545 458.358 5.295 9.953 12.0829 0.1 0 64 3 1 6.47583e-06 -8.32987e-07 0 0 0 0 0 0
583.46 476.721 5.295 9.953 12.0829 0.1 0 65 3 1 -0.000105763 -1.02644e-05 0 0 0 0 0 0
600.71 486.456 5.295 9.953 12.0829 0.1 0 44 3 1 -9.4081e-05 8.18453e-06 0 0 0 0 0 0
654.525 471.222 5.295 9.953 12.0829 0.1 1 2887 0 0 2.0526e-05 7.12318e-06 0 0 6.95325e-310 5.26596e-310 0 0
634.747 469.6 5.295 9.953 12.0829 0.1 0 38 3 1 9.45821e-06 -3.12955e-05 0 0 0 0 0 0
674.318 474.049 5.295 9.953 12.0829 0.1 0 41 3 1 1.16159e-06 -2.10895e-05 0 0 0 0 0 0
705.143 465.35 5.295 9.953 12.0829 0.1 0 82 3 1 1.68609e-05 6.33802e-06 0 0 6.95325e-310 6.4951e-310 0 0
696.355 483.211 5.295 9.953 12.0829 0.1 0 65 3 1 1.00812e-05 -7.18668e-06 0 0 1.58101e-322 5.26722e-310 0 0
583.204 496.68 5.295 9.953 12.0829 0.1 0 66 3 2 -0 -0 0 0 9.34278e-321 4.60074e-320 0 0
600.873 506.219 5.295 9.953 12.0829 0.1 0 43 3 1 -3.19983e-05 3.4336e-05 0 0 6.95325e-310 5.26596e-310 0 0
620.132 493.762 5.295 9.953 12.0829 0.1 0 34 3 1 -1.62028e-05 1.50732e-06 0 0 5.26596e-310 3.30395e-311 0 0
639.384 488.848 5.295 9.953 12.0829 0.1 1 1620 0 0 -1.33279e-05 -8.38768e-06 0 0 6.95325e-310 5.26596e-310 0 0
647.331 506.977 5.295 9.953 12.0829 0.1 1 648 0 0 1.99836e-05 -5.207e-06 0 0 2.06025e-321 5.26596e-310 0 0
659.405 490.475 5.295 9.953 12.0829 0.1 1 941 0 0 5.97768e-06 2.35845e-05 0 0 6.95325e-310 5.26596e-310 0 0
667.042 508.911 5.295 9.953 12.0829 0.1 1 1140 0 0 3.11196e-05 9.2035e-06 0 0 1.58101e-322 5.26722e-310 0 0
679.212 493.261 5.295 9.953 12.0829 0.1 1 2177 0 0 1.48002e-05 -1.19761e-05 0 0 6.95325e-310 5.26596e-310 0 0
716.248 483.208 5.295 9.953 12.0829 0.1 0 91 3 1 2.29133e-06 -1.63419e-06 0 0 6.95325e-310 5.26596e-310 0 0
714.894 503.057 5.295 9.953 12.0829 0.1 0 98 3 1 2.02765e-05 -4.72255e-07 0 0 6.95325e-310 6.4951e-310 0 0
721.42 521.951 5.295 9.953 12.0829 0.1 0 105 3 1 2.20276e-05 -2.12412e-06 0 0 9.40207e-321 4.94856e-320 0 0
549.373 517.394 5.295 9.953 12.0829 0.1 0 157 3 1 -1.74861e-07 1.32617e-07 0 0 6.95325e-310 5.26596e-310 0 0
565.23 505.368 5.295 9.953 12.0829 0.1 0 91 3 1 -4.55625e-07 -5.76295e-07 0 0 6.95325e-310 5.26596e-310 0 0
581.503 516.819 5.295 9.953 12.0829 0.1 0 79 3 1 6.30486e-07 4.43678e-07 0 0 6.95325e-310 5.26596e-310 0 0
603.892 525.761 5.295 9.953 12.0829 0.1 0 51 3 1 1.01956e-05 5.31907e-05 0 0 6.95325e-310 5.26596e-310 0 0
586.97 536.034 5.295 9.953 12.0829 0.1 0 73 3 1 -2.84044e-05 3.93611e-05 0 0 0 0 0 0
620.059 513.653 5.295 9.953 12.0829 0.1 0 40 3 1 -9.68198e-09 2.63025e-06 0 0 6.95325e-310 5.26596e-310 0 0
621.094 535.54 5.295 9.953 12.0829 0.1 0 46 3 1 3.08894e-05 5.69205e-05 0 0 0 0 0 0
637.15 523.952 5.295 9.953 12.0829 0.1 1 1393 0 0 8.07077e-06 3.53188e-06 0 0 6.95325e-310 5.26596e-310 0 0
645.258 542.058 5.295 9.953 12.0829 0.1 0 42 3 1 4.63708e-05 -9.58226e-06 0 0 0 0 0 0
656.972 526.033 5.295 9.953 12.0829 0.1 1 1828 0 0 1.07903e-05 -1.09787e-05 0 0 0 0 0 0
695.133 505.098 5.295 9.953 12.0829 0.1 0 54 3 1 1.44244e-05 7.96802e-06 0 0 6.95325e-310 5.26596e-310 0 0
681.881 522.066 5.295 9.953 12.0829 0.1 1 2646 0 0 2.25904e-05 2.92411e-05 0 0 6.95325e-310 5.26596e-310 0 0
701.648 523.858 5.295 9.953 12.0829 0.1 0 68 3 1 2.46315e-05 1.22157e-05 0 0 0 0 0 0
604.195 545.957 5.295 9.953 12.0829 0.1 0 64 3 1 -1.07159e-05 2.86574e-06 0 0 6.95325e-310 5.26596e-310 0 0
594.198 563.12 5.295 9.953 12.0829 0.1 0 91 3 1 -5.45077e-05 2.179e-05 0 0 6.95325e-310 5.26596e-310 0 0
568.092 542.039 5.295 9.953 12.0829 0.1 0 121 3 1 -0.000109602 -4.84416e-05 0 0 0 0 0 0
613.767 566.055 5.295 9.953 12.0829 0.1 0 76 3 1 6.19967e-05 8.48871e-05 0 0 6.95325e-310 5.26596e-310 0 0
608.537 585.197 5.295 9.953 12.0829 0.1 0 122 3 1 -1.32247e-05 4.84108e-05 0 0 5.26596e-310 4.74303e-322 0 0
629.174 553.634 5.295 9.953 12.0829 0.1 0 56 3 1 9.10265e-05 4.67427e-05 0 0 6.95325e-310 5.26596e-310 0 0
671.873 539.229 5.295 9.953 12.0829 0.1 0 48 3 1 -7.25911e-06 1.04324e-05 0 0 6.95325e-310 5.26596e-310 0 0
660.086 555.244 5.295 9.953 12.0829 0.1 0 57 3 1 1.32445e-05 2.19442e-05 0 0 6.95325e-310 5.26596e-310 0 0
656.002 576.79 5.295 9.953 12.0829 0.1 0 89 3 1 -0 -0 0 0 6.95325e-310 5.26596e-310 0 0
692.635 580.356 5.295 9.953 12.0829 0.1 0 126 3 1 -0 -0 0 0 6.95325e-310 5.26596e-310 0 0
673.802 586.977 5.295 9.953 12.0829 0.1 0 110 3 1 8.17123e-07 6.07229e-06 0 0 6.95325e-310 5.26596e-310 0 0
663.729 604.127 5.295 9.953 12.0829 0.1 0 171 3 1 -1.80455e-06 3.07257e-06 0 0 0 0 0 0
705.971 543.247 5.295 9.953 12.0829 0.1 0 90 3 1 8.42052e-06 1.9029e-05 0 0 6.95325e-310 5.26596e-310 0 0
687.75 551.217 5.295 9.953 12.0829 0.1 0 74 3 1 4.60511e-07 -1.2885e-06 0 0 6.95325e-310 5.26596e-310 0 0
675.936 567.213 5.295 9.953 12.0829 0.1 0 78 3 1 1.83508e-05 1.01422e-05 0 0 0 0 0 0
80 235 2.6475 4.9765 6.04147 0.1 0 0 7 7 -0 -0.0266735 0 0 0 0 0 0
80 244 2.6475 4.9765 6.04147 0.1 0 0 7 7 -0 -0 0 0 0 0 0 0
80 253 2.6475 4.9765 6.04147 0.1 0 0 7 7 -0 -0 0 0 0 0 0 0
80 262 2.6475 4.9765 6.04147 0.1 0 0 7 7 -0 -0 0 0 1.0228e-311 2.23022e-311 0 0
80 271 2.6475 4.9765 6.04147 0.1 0 0 7 7 -0 -0 0 0 3.21143e-322 5.26596e-310 0 0
80 280 2.6475 4.9765 6.04147 0.1 0 0 7 7 -0 -0 0 0 6.4951e-310 0 0 0
80 289 2.6475 4.9765 6.04147 0.1 0 0 7 7 -0 -0 0 0 1.58101e-322 5.26722e-310 0 0
80 298 2.6475 4.9765 6.04147 0.1 0 0 7 7 -0 -0 0 0 5.6148e-311 1.30829e-320 0 0
80 307 2.6475 4.9765 6.04147 0.1 0 0 7 7 -0 -0 0 0 1.58101e-322 5.26722e-310 0 0
80 316 2.6475 4.9765 6.04147 0.1 0 0 7 7 -0 -0 0 0 5.26596e-310 1.58101e-322 0 0
80 325 2.6475 4.9765 6.04147 0.1 0 0 7 7 -0 -0 0 0 1.58101e-322 5.26722e-310 0 0
80 334 2.6475 4.9765 6.04147 0.1 0 0 7 7 -0 -0 0 0 1.82067e-311 1.89721e-321 0 0
80 343 2.6475 4.9765 6.04147 0.1 0 0 7 7 -0 -0 0 0 1.63042e-322 5.26596e-310 0 0
80 352 2.6475 4.9765 6.04147 0.1 0 0 7 7 -0 -0 0 0 5.26596e-310 3.63632e-321 0 0
80 361 2.6475 4.9765 6.04147 0.1 0 0 7 7 -0 -0 0 0 0 3.10236e-311 0 0
80 370 2.6475 4.9765 6.04147 0.1 0 0 7 7 -0 -0 0 0 3.16202e-322 5.26722e-310 0 0
80 379 2.6475 4.9765 6.04147 0.1 0 0 7 7 -0 -0 0 0 5.26596e-310 1.58101e-322 0 0
80 388 2.6475 4.9765 6.04147 0.1 0 0 7 7 -0 -0 0 0 3.21143e-322 5.26596e-310 0 0
80 397 2.6475 4.9765 6.04147 0.1 0 0 7 7 -0 -0 0 0 5.26596e-310 1.58101e-322 0 0
80 406 2.6475 4.9765 6.04147 0.1 0 0 7 7 -0 -0 0 0 1.26975e-321 5.26596e-310 0 0
80 415 2.6475 4.9765 6.04147 0.1 0 0 7 7 -0 -0 0 0 6.4951e-310 0 0 0
80 424 2.6475 4.9765 6.04147 0.1 0 0 7 7 -0 -0 0 0 1.58101e-322 5.26722e-310 0 0
80 433 2.6475 4.9765 6.04147 0.1 0 0 7 7 -0 -0 0 0 5.26596e-310 1.58101e-322 0 0
80 442 2.6475 4.9765 6.04147 0.1 0 0 7 7 -0 -0 0 0 5.26596e-310 0 0 0
80 451 2.6475 4.9765 6.04147 0.1 0 0 7 7 -0 -0 0 0 0 5.26596e-310 0 0
80 460 2.6475 4.9765 6.04147 0.1 0 0 7 7 -0 -0 0 0 1.35078e-320 5.26596e-310 0 0
80 469 2.6475 4.9765 6.04147 0.1 0 0 7 7 -0 -0 0 0 5.23072e-311 5.7591e-311 0 0
80 478 2.6475 4.9765 6.04147 0.1 0 0 7 7 -0 -0 0 0 3.16202e-322 5.26722e-310 0 0
80 487 2.6475 4.9765 6.04147 0.1 0 0 7 7 -0 -0 0 0 0 6.32404e-321 0 0
80 496 2.6475 4.9765 6.04147 0.1 0 0 7 7 -0 -0 0 0 1.35325e-320 0 0 0
80 505 2.6475 4.9765 6.04147 0.1 0 0 7 7 -0 -0 0 0 0 5.26596e-310 0 0
80 514 2.6475 4.9765 6.04147 0.1 0 0 7 7 -0 -0 0 0 -nan 1.26481e-321 0 0
80 523 2.6475 4.9765 6.04147 0.1 0 0 7 7 -0 -0 0 0 5.26596e-310 0 0 0
80 532 2.6475 4.9765 6.04147 0.1 0 0 7 7 -0 -0 0 0 1.58101e-322 5.26596e-310 0 0
80 541 2.6475 4.9765 6.04147 0.1 0 0 7 7 -0 -0 0 0 5.26596e-310 5.26596e-310 0 0
80 550 2.6475 4.9765 6.04147 0.1 0 0 7 7 -0 -0 0 0 1.58101e-322 5.26722e-310 0 0
80 559 2.6475 4.9765 6.04147 0.1 0 0 7 7 -0 -0 0 0 5.26596e-310 3.19364e-320 0 0
80 568 2.6475 4.9765 6.04147 0.1 0 0 7 7 -0 -0 0 0 1.58101e-322 5.26722e-310 0 0
80 577 2.6475 4.9765 6.04147 0.1 0 0 7 7 -0 -0 0 0 5.26596e-310 3.36755e-320 0 0
80 586 2.6475 4.9765 6.04147 0.1 0 0 7 7 -0 -0 0 0 0 5.26596e-310 0 0
80 595 2.6475 4.9765 6.04147 0.1 0 0 7 7 -0 -0 0 0 -nan 1.26481e-321 0 0
80 604 2.6475 4.9765 6.04147 0.1 0 0 7 7 -0 -0 0 0 5.26596e-310 5.26596e-310 0 0
80 613 2.6475 4.9765 6.04147 0.1 0 0 7 7 -0 -0 0 0 5.26596e-310 5.26596e-310 0 0
80 622 2.6475 4.9765 6.04147 0.1 0 0 7 7 -0 -0 0 0 5.26596e-310 5.26596e-310 0 0
80 631 2.6475 4.9765 6.04147 0.1 0 0 7 7 -0 -0 0 0 5.26596e-310 5.26596e-310 0 0
80 640 2.6475 4.9765 6.04147 0.1 0 0 7 7 -0 -0 0 0 5.26596e-310 5.26596e-310 0 0
80 649 2.6475 4.9765 6.04147 0.1 0 0 7 7 -0 -0 0 0 5.26596e-310 5.26596e-310 0 0
80 658 2.6475 4.9765 6.04147 0.1 0 0 7 7 -0 -0 0 0 5.26596e-310 5.26596e-310 0 0
80 667 2.6475 4.9765 6.04147 0.1 0 0 7 7 -0 -0 0 0 5.26596e-310 5.26596e-310 0 0
80 676 2.6475 4.9765 6.04147 0.1 0 0 7 7 -0 -0 0 0 5.26596e-310 5.26596e-310 0 0
80 685 2.6475 4.9765 6.04147 0.1 0 0 7 7 -0 -0 0 0 5.26596e-310 5.26596e-310 0 0
80 694 2.6475 4.9765 6.04147 0.1 0 0 7 7 -0 -0 0 0 5.26596e-310 5.26596e-310 0 0
80 703 2.6475 4.9765 6.04147 0.1 0 0 7 7 -0 -0 0 0 5.26596e-310 5.26596e-310 0 0
80 712 2.6475 4.9765 6.04147 0.1 0 0 7 7 -0 -0 0 0 5.26596e-310 1.58101e-322 0 0
80 721 2.6475 4.9765 6.04147 0.1 0 0 7 7 -0 -0 0 0 1.63042e-322 5.26596e-310 0 0
80 730 2.6475 4.9765 6.04147 0.1 0 0 7 7 -0 -0 0 0 5.26596e-310 1.42291e-321 0 0
80 739 2.6475 4.9765 6.04147 0.1 0 0 7 7 -0 -0 0 0 5.26596e-310 6.32404e-322 0 0
80 748 2.6475 4.9765 6.04147 0.1 0 0 7 7 -0 -0 0 0 1.58101e-322 5.26722e-310 0 0
80 757 2.6475 4.9765 6.04147 0.1 0 0 7 7 -0 -0 0 0 9.48532e-312 1.15437e-311 0 0
80 766 2.6475 4.9765 6.04147 0.1 0 0 7 7 -0 -0 0 0 1.26975e-321 5.26596e-310 0 0
80 775 2.6475 4.9765 6.04147 0.1 0 0 7 7 -0 0.0266735 0 0 5.26596e-310 1.58101e-322 0 0
100 208 2.6475 4.9765 6.04147 0.1 0 0 7 7 -0 -0.0266735 0 0 0 5.26596e-310 0 0
100 217 2.6475 4.9765 6.04147 0.1 0 0 7 7 -0 -0 0 0 5.26596e-310 3.16202e-322 0 0
100 226 2.6475 4.9765 6.04147 0.1 0 0 7 7 -0 -0 0 0 1.63042e-322 5.26596e-310 0 0
100 235 2.6475 4.9765 6.04147 0.1 0 0 7 7 -0 -0 0 0 3.73471e-312 1.3411e-311 0 0
100 244 2.6475 4.9765 6.04147 0.1 0 0 7 7 -0 -0 0 0 1.58101e-322 5.26722e-310 0 0
100 253 2.6475 4.9765 6.04147 0.1 0 0 7 7 -0 -0 0 0 5.26596e-310 5.26596e-310 0 0
100 262 2.6475 4.9765 6.04147 0.1 0 0 7 7 -0 -0 0 0 3.21143e-322 5.26596e-310 0 0
100 271 2.6475 4.9765 6.04147 0.1 0 0 7 7 -0 -0 0 0 5.26596e-310 0 0 0
100 280 2.6475 4.9765 6.04147 0.1 0 0 7 7 -0 -0 0 0 1.63042e-322 5.26596e-310 0 0
100 289 2.6475 4.9765 6.04147 0.1 0 0 7 7 -0 -0 0 0 1.08858e-311 1.31139e-311 0 0
100 298 2.6475 4.9765 6.04147 0.1 0 0 7 7 0.000407942 0.0266355 0 0 3.16202e-322 5.26722e-310 0 0
109.392 297.125 2.6475 4.9765 6.04147 0.1 0 0 7 15 0.000204938 1.83434e-05 0 0 9.84606e-312 2.29741e-321 0 0
115.063 304.647 2.6475 4.9765 6.04147 600 0 678 7 13 5.15245e-07 -0.000107404 0 0 0.99985 -0.0173034 0 0
118.751 295.979 2.6475 4.9765 6.04147 600 0 716 7 13 -0.000341265 2.82769e-05 0 0 0.995295 -0.0968929 0 0
124.415 303.509 2.6475 4.9765 6.04147 600 0 754 7 13 6.59264e-06 0.000116966 0 0 0.991323 -0.131445 0 0
128.118 294.843 2.6475 4.9765 6.04147 600 0 792 7 13 0.000295019 -0.000126254 0 0 0.962336 -0.271861 0 0
137.384 293.098 2.6475 4.9765 6.04147 600 0 830 7 13 -0.000180634 1.41889e-05 0 0 0.989631 -0.143636 0 0
146.559 290.907 2.6475 4.9765 6.04147 600 0 868 7 15 0.000102373 -4.83463e-05 0 0 0.940332 -0.340258 0 0
155.624 288.305 2.6475 4.9765 6.04147 600 0 1325 7 13 -6.08716e-05 -3.02022e-06 0 0 0.797573 -0.603222 0 0
164.571 285.314 2.6475 4.9765 6.04147 600 0 1363 7 13 3.40733e-05 -3.27361e-05 0 0 0.884467 -0.466603 0 0
173.388 281.966 2.6475 4.9765 6.04147 600 0 1401 7 13 -1.98732e-05 -1.1553e-05 0 0 0.706006 -0.708206 0 0
182.078 278.296 2.6475 4.9765 6.04147 600 0 1439 7 13 1.22788e-05 -2.25795e-05 0 0 0.586773 -0.809751 0 0
190.647 274.354 2.6475 4.9765 6.04147 600 0 1477 7 13 -4.84012e-06 -1.22361e-05 0 0 0.679334 -0.733829 0 0
199.112 270.191 2.6475 4.9765 6.04147 600 0 1515 7 13 6.5419e-06 -1.46268e-05 0 0 0.658408 -0.752662 0 0
207.494 265.863 2.6475 4.9765 6.04147 600 0 1553 7 13 1.57395e-06 -8.80658e-06 0 0 0.574276 -0.818662 0 0
215.816 261.422 2.6475 4.9765 6.04147 600 0 1591 7 13 5.92179e-06 -7.71877e-06 0 0 0.555673 -0.831401 0 0
224.105 256.918 2.6475 4.9765 6.04147 600 0 1629 7 13 4.68514e-06 -3.76848e-06 0 0 0.505367 -0.862905 0 0
232.385 252.398 2.6475 4.9765 6.04147 600 0 1667 7 13 6.21764e-06 -1.78804e-06 0 0 0.670503 -0.741907 0 0
240.677 247.899 2.6475 4.9765 6.04147 600 0 1705 7 13 6.02863e-06 1.63484e-06 0 0 0.596768 -0.802414 0 0
249.004 243.465 2.6475 4.9765 6.04147 600 0 1743 7 13 7.54707e-06 6.1872e-06 0 0 0.647199 -0.762321 0 0
257.402 239.167 2.6475 4.9765 6.04147 600 0 1781 7 13 7.59328e-06 9.70499e-06 0 0 0.648022 -0.761622 0 0
265.891 235.051 2.6475 4.9765 6.04147 600 0 1819 7 13 4.17823e-06 5.77819e-06 0 0 0.605678 -0.79571 0 0
274.431 231.042 2.6475 4.9765 6.04147 600 0 1857 7 13 3.28019e-06 7.51893e-06 0 0 0.734582 -0.678519 0 0
283.029 227.159 2.6475 4.9765 6.04147 600 0 1895 7 13 2.0976e-06 8.90628e-06 0 0 0.65245 -0.757832 0 0
291.689 223.415 2.6475 4.9765 6.04147 600 0 1933 7 13 8.96901e-07 9.93662e-06 0 0 0.739558 -0.673093 0 0
300.411 219.82 2.6475 4.9765 6.04147 600 0 1971 7 13 -7.01184e-07 1.07687e-05 0 0 0.67502 -0.737799 0 0
309.194 216.378 2.6475 4.9765 6.04147 600 0 2009 7 13 -2.06597e-06 1.10074e-05 0 0 0.715874 -0.698229 0 0
318.037 213.091 2.6475 4.9765 6.04147 600 0 2047 7 13 -4.35962e-06 1.0115e-05 0 0 0.721059 -0.692874 0 0
326.927 209.935 2.6475 4.9765 6.04147 600 0 2085 7 13 -4.96707e-06 1.18197e-05 0 0 0.847358 -0.531022 0 0
335.902 207.031 2.6475 4.9765 6.04147 600 0 2123 7 13 -7.45435e-06 9.68387e-06 0 0 0.756366 -0.654148 0 0
344.915 204.248 2.6475 4.9765 6.04147 600 0 2161 7 13 -6.60389e-06 1.63503e-05 0 0 0.823703 -0.567021 0 0
354.024 201.796 2.6475 4.9765 6.04147 600 0 2199 7 13 -9.38002e-06 9.9265e-06 0 0 0.703162 -0.71103 0 0
363.166 199.475 2.6475 4.9765 6.04147 600 0 2237 7 13 -9.78151e-06 1.69154e-05 0 0 0.786423 -0.617688 0 0
372.39 197.501 2.6475 4.9765 6.04147 600 0 2275 7 13 -9.99092e-06 1.00927e-05 0 0 0.718626 -0.695397 0 0
381.644 195.68 2.6475 4.9765 6.04147 600 0 2313 7 13 -1.52136e-05 1.13539e-05 0 0 0.817955 -0.575282 0 0
390.93 194.026 2.6475 4.9765 6.04147 600 0 2351 7 13 -8.76237e-06 9.96025e-06 0 0 0.894126 -0.447816 0 0
400.244 192.546 2.6475 4.9765 6.04147 600 0 2389 7 13 -2.1458e-05 1.13073e-05 0 0 0.84445 -0.535634 0 0
409.584 191.239 2.6475 4.9765 6.04147 600 0 2427 7 13 -4.87726e-06 8.20548e-06 0 0 0.926729 -0.375729 0 0
418.945 190.101 2.6475 4.9765 6.04147 600 0 2465 7 13 -3.02652e-05 1.02936e-05 0 0 0.891982 -0.45207 0 0
428.325 189.123 2.6475 4.9765 6.04147 600 0 2503 7 13 1.79253e-06 6.08774e-06 0 0 0.854859 -0.518861 0 0
437.718 188.298 2.6475 4.9765 6.04147 600 0 2541 7 13 -4.05423e-05 8.86189e-06 0 0 0.949245 -0.314538 0 0
447.123 187.618 2.6475 4.9765 6.04147 600 0 2579 7 13 9.59667e-06 4.49424e-06 0 0 0.881702 -0.471807 0 0
456.536 187.075 2.6475 4.9765 6.04147 600 0 2617 7 13 -4.94998e-05 7.16811e-06 0 0 0.910694 -0.413083 0 0
465.956 186.667 2.6475 4.9765 6.04147 600 0 2655 7 13 1.53711e-05 3.91811e-06 0 0 0.927356 -0.37418 0 0
475.38 186.395 2.6475 4.9765 6.04147 600 0 2693 7 13 -5.34226e-05 5.69892e-06 0 0 0.884996 -0.465599 0 0
484.807 186.271 2.6475 4.9765 6.04147 600 0 2731 7 13 1.5945e-05 5.01128e-06 0 0 0.958664 -0.284542 0 0
494.233 186.323 2.6475 4.9765 6.04147 600 0 2769 7 13 -4.95298e-05 4.35194e-06 0 0 0.940958 -0.338524 0 0
503.657 186.563 2.6475 4.9765 6.04147 600 0 2807 7 13 9.87842e-06 7.57881e-06 0 0 0.993877 -0.110492 0 0
513.068 187.09 2.6475 4.9765 6.04147 600 0 2845 7 13 -3.65839e-05 -1.06172e-05 0 0 0.981356 -0.192197 0 0
522.494 187.222 2.6475 4.9765 6.04147 600 0 2883 7 13 -1.39568e-06 5.83697e-05 0 0 0.967312 -0.253588 0 0
531.517 189.946 2.6475 4.9765 6.04147 600 0 2921 7 13 5.70294e-05 -0.000199926 0 0 0.934886 -0.354949 0 0
539.836 185.511 2.6475 4.9765 6.04147 600 0 2959 7 13 0.00043233 0.000481673 0 0 0.996863 -0.079147 0 0
548.295 189.7 2.6475 4.9765 6.04147 600 0 2997 9 13 0.000554868 0.000230068 0 0 0.991695 -0.128614 0 0
555.224 196.14 2.6475 4.9765 6.04147 600 0 1675 8 10 0.000600366 0.000184399 0 0 0.985353 0.170526 0 0
546.834 200.47 2.6475 4.9765 6.04147 600 0 2997 9 14 0.000628862 0.000240889 0 0 0.985353 0.170526 0 0
541.58 208.294 2.6475 4.9765 6.04147 600 0 2959 7 14 8.63857e-05 -0.000122721 0 0 0.927441 0.37397 0 0
533.891 202.851 2.6475 4.9765 6.04147 600 0 2921 7 14 -9.18098e-07 -1.79634e-06 0 0 0.957275 0.289178 0 0
524.514 201.942 2.6475 4.9765 6.04147 600 0 2883 7 14 1.36695e-06 -5.52893e-07 0 0 0.946556 0.322541 0 0
515.154 203.013 2.6475 4.9765 6.04147 600 0 2845 7 14 -2.40008e-06 6.93403e-07 0 0 0.961623 0.274374 0 0
506.356 199.646 2.6475 4.9765 6.04147 600 0 2807 7 14 3.43874e-06 -3.72203e-07 0 0 0.979992 0.199038 0 0
496.935 199.755 2.6475 4.9765 6.04147 600 0 2769 7 14 -3.40656e-06 -7.83156e-08 0 0 0.975651 0.21933 0 0
487.614 201.122 2.6475 4.9765 6.04147 600 0 2731 7 14 4.69716e-06 9.96537e-07 0 0 0.983968 0.178347 0 0
478.306 199.671 2.6475 4.9765 6.04147 600 0 2693 7 14 -3.8352e-06 -8.35687e-07 0 0 0.996229 0.0867656 0 0
468.887 199.494 2.6475 4.9765 6.04147 600 0 2655 7 14 4.80202e-06 -1.27081e-06 0 0 0.989944 0.141456 0 0
459.63 201.247 2.6475 4.9765 6.04147 600 0 2617 7 14 -3.17242e-06 1.20113e-06 0 0 0.996821 0.0796738 0 0
450.21 201.351 2.6475 4.9765 6.04147 600 0 2579 7 14 3.8404e-06 3.01015e-07 0 0 0.994615 0.103635 0 0
440.796 201.006 2.6475 4.9765 6.04147 600 0 2541 7 14 -1.96019e-06 -7.65349e-07 0 0 0.998632 0.0522803 0 0
431.418 201.902 2.6475 4.9765 6.04147 600 0 2503 7 14 1.95609e-06 -1.17522e-07 0 0 0.999943 0.0107026 0 0
422.032 202.709 2.6475 4.9765 6.04147 600 0 2465 7 14 -4.33195e-07 -1.18078e-07 0 0 0.99932 -0.0368613 0 0
412.666 203.728 2.6475 4.9765 6.04147 600 0 2427 7 14 1.72069e-08 -6.59919e-07 0 0 0.983695 -0.179847 0 0
403.439 205.628 2.6475 4.9765 6.04147 600 0 2389 7 14 8.47234e-07 6.34909e-07 0 0 0.981696 -0.190456 0 0
394.065 206.564 2.6475 4.9765 6.04147 600 0 2351 7 14 -8.74132e-07 7.07803e-07 0 0 0.999822 0.0188679 0 0
384.644 206.639 2.6475 4.9765 6.04147 600 0 2313 7 14 1.22727e-06 -1.98374e-06 0 0 0.998109 -0.0614665 0 0
375.516 208.968 2.6475 4.9765 6.04147 600 0 2275 7 14 -5.64394e-07 1.2194e-06 0 0 0.998297 -0.0583353 0 0
366.152 210.001 2.6475 4.9765 6.04147 600 0 2237 7 14 2.16004e-06 2.31726e-06 0 0 0.988448 -0.151562 0 0
357.13 212.711 2.6475 4.9765 6.04147 600 0 2199 7 14 -8.99074e-07 8.50872e-07 0 0 0.977105 -0.212759 0 0
347.935 214.764 2.6475 4.9765 6.04147 600 0 2161 7 14 2.08476e-06 3.51929e-06 0 0 0.985239 -0.171183 0 0
339.01 217.779 2.6475 4.9765 6.04147 600 0 2123 7 14 -1.05597e-06 6.69394e-07 0 0 0.95643 -0.291961 0 0
329.974 220.442 2.6475 4.9765 6.04147 600 0 2085 7 14 1.85879e-06 4.43615e-06 0 0 0.946663 -0.322224 0 0
321.184 223.832 2.6475 4.9765 6.04147 600 0 2047 7 14 -1.59712e-06 -4.6317e-07 0 0 0.975864 -0.218378 0 0
312.986 228.473 2.6475 4.9765 6.04147 600 0 2009 7 14 5.45935e-07 1.10073e-06 0 0 0.903723 -0.428117 0 0
304.094 231.586 2.6475 4.9765 6.04147 600 0 1971 7 14 -8.1045e-07 1.11855e-07 0 0 0.936563 -0.350499 0 0
295.288 234.933 2.6475 4.9765 6.04147 600 0 1933 7 14 -2.04333e-07 -7.87236e-08 0 0 0.915902 -0.401402 0 0
286.567 238.496 2.6475 4.9765 6.04147 600 0 1895 7 14 -6.35313e-07 4.59605e-07 0 0 0.917868 -0.396886 0 0
277.724 241.746 2.6475 4.9765 6.04147 600 0 1857 7 14 -5.12795e-07 -1.64498e-07 0 0 0.890732 -0.454528 0 0
269.128 245.6 2.6475 4.9765 6.04147 600 0 1819 7 14 -7.2589e-07 2.29911e-07 0 0 0.83801 -0.545656 0 0
260.617 249.64 2.6475 4.9765 6.04147 600 0 1781 7 14 -5.92103e-07 1.62981e-07 0 0 0.89019 -0.45559 0 0
252.236 253.942 2.6475 4.9765 6.04147 600 0 1743 7 14 -7.30314e-07 3.17156e-07 0 0 0.841088 -0.540899 0 0
243.941 258.407 2.6475 4.9765 6.04147 600 0 1705 7 14 -9.4513e-07 -1.97349e-07 0 0 0.884448 -0.466639 0 0
237.454 265.239 2.6475 4.9765 6.04147 600 0 1667 7 14 -7.9045e-08 7.45856e-07 0 0 0.841235 -0.54067 0 0
229.166 269.718 2.6475 4.9765 6.04147 600 0 1629 7 14 -5.31727e-07 -1.24238e-07 0 0 0.812048 -0.583591 0 0
222.77 276.635 2.6475 4.9765 6.04147 600 0 1591 7 14 1.09609e-08 4.30522e-07 0 0 0.817373 -0.576109 0 0
214.372 280.904 2.6475 4.9765 6.04147 600 0 1553 7 14 -2.74183e-07 -1.53018e-07 0 0 0.776801 -0.629746 0 0
208.021 287.863 2.6475 4.9765 6.04147 600 0 1515 7 14 2.0233e-07 3.17821e-07 0 0 0.853059 -0.521815 0 0
199.062 290.775 2.6475 4.9765 6.04147 600 0 1477 7 14 -1.4003e-07 -8.44538e-07 0 0 0.783182 -0.621792 0 0
194.7 299.125 2.6475 4.9765 6.04147 600 0 1439 7 14 5.31767e-07 -4.03734e-07 0 0 0.759383 -0.650644 0 0
189.097 306.699 2.6475 4.9765 6.04147 600 0 1401 7 14 2.7557e-06 1.03106e-06 0 0 0.906335 -0.42256 0 0
187.053 315.895 2.6475 4.9765 6.04147 600 0 1363 7 14 4.47807e-06 1.66135e-06 0 0 0.80296 -0.596033 0 0
196.039 313.068 2.6475 4.9765 6.04147 600 0 1020 7 15 4.39753e-06 -1.26832e-07 0 0 0.91843 -0.395584 0 0
205.426 313.872 2.6475 4.9765 6.04147 600 0 1058 7 13 3.8308e-06 -6.20831e-07 0 0 0.975005 -0.222185 0 0
214.844 314.139 2.6475 4.9765 6.04147 600 0 1096 7 13 4.65833e-06 -6.27772e-07 0 0 0.963801 -0.266624 0 0
224.265 314.068 2.6475 4.9765 6.04147 600 0 1134 7 13 3.83096e-06 -4.78648e-07 0 0 0.933745 -0.35794 0 0
233.683 313.828 2.6475 4.9765 6.04147 600 0 1172 7 13 5.23076e-06 -3.14096e-07 0 0 0.957636 -0.287982 0 0
243.1 313.532 2.6475 4.9765 6.04147 600 0 1210 7 13 3.66932e-06 -6.2669e-08 0 0 0.923135 -0.384475 0 0
252.518 313.251 2.6475 4.9765 6.04147 600 0 1248 7 13 6.24161e-06 5.01616e-08 0 0 0.9523 -0.305162 0 0
261.937 313.025 2.6475 4.9765 6.04147 600 0 1286 7 13 3.25632e-06 2.48556e-07 0 0 0.968564 -0.248763 0 0
271.358 312.87 2.6475 4.9765 6.04147 600 0 1324 7 13 7.8145e-06 2.22325e-07 0 0 0.94302 -0.332737 0 0
280.779 312.779 2.6475 4.9765 6.04147 600 0 1362 7 13 2.50587e-06 2.02367e-07 0 0 0.952524 -0.304465 0 0
290.201 312.728 2.6475 4.9765 6.04147 600 0 1400 7 13 1.00556e-05 -5.71414e-08 0 0 0.918852 -0.394603 0 0
299.623 312.677 2.6475 4.9765 6.04147 600 0 1438 7 13 1.46611e-06 -3.57229e-07 0 0 0.879085 -0.476665 0 0
309.045 312.575 2.6475 4.9765 6.04147 600 0 1476 7 13 1.28436e-05 -1.00576e-06 0 0 0.97601 -0.217727 0 0
318.466 312.369 2.6475 4.9765 6.04147 600 0 1514 7 13 5.69791e-07 -1.31179e-06 0 0 0.960099 -0.27966 0 0
327.882 312.007 2.6475 4.9765 6.04147 600 0 1552 7 13 1.54265e-05 -2.55579e-06 0 0 0.943456 -0.331498 0 0
337.288 311.449 2.6475 4.9765 6.04147 600 0 1590 7 13 1.10048e-06 -2.29946e-06 0 0 0.992158 -0.12499 0 0
346.679 310.673 2.6475 4.9765 6.04147 600 0 1628 7 13 1.59869e-05 -3.99826e-06 0 0 0.979573 -0.201087 0 0
356.049 309.672 2.6475 4.9765 6.04147 600 0 1666 7 13 5.63455e-06 -3.22441e-06 0 0 0.966406 -0.257021 0 0
365.395 308.464 2.6475 4.9765 6.04147 600 0 1704 7 15 1.16455e-05 -3.909e-06 0 0 0.996226 -0.086798 0 0
374.718 307.085 2.6475 4.9765 6.04147 600 0 2345 7 13 1.7665e-05 -4.54679e-06 0 0 0.904199 -0.427111 0 0
384.022 305.585 2.6475 4.9765 6.04147 600 0 2383 7 13 -4.89579e-07 -8.69305e-07 0 0 0.869042 -0.494739 0 0
393.317 304.027 2.6475 4.9765 6.04147 600 0 2421 7 13 3.97164e-05 -6.51606e-06 0 0 0.858705 -0.512471 0 0
402.613 302.475 2.6475 4.9765 6.04147 600 0 2459 7 13 -2.10308e-05 4.83848e-06 0 0 0.883414 -0.468594 0 0
411.922 300.997 2.6475 4.9765 6.04147 600 0 2497 7 13 7.04382e-05 -7.70208e-06 0 0 0.795106 -0.606471 0 0
421.251 299.653 2.6475 4.9765 6.04147 600 0 2535 7 13 -4.56861e-05 1.04875e-05 0 0 0.905272 -0.424832 0 0
430.607 298.5 2.6475 4.9765 6.04147 600 0 2573 7 13 0.000102693 -5.30322e-06 0 0 0.914652 -0.404242 0 0
439.988 297.58 2.6475 4.9765 6.04147 600 0 2611 7 13 -6.48607e-05 1.27911e-05 0 0 0.928555 -0.371195 0 0
449.394 296.924 2.6475 4.9765 6.04147 600 0 2649 7 13 0.000125482 1.78035e-06 0 0 0.953079 -0.302722 0 0
458.813 296.548 2.6475 4.9765 6.04147 600 0 2687 7 13 -6.77887e-05 1.12233e-05 0 0 0.945942 -0.324335 0 0
468.243 296.454 2.6475 4.9765 6.04147 600 0 2725 7 13 0.000130263 1.07477e-05 0 0 0.977822 -0.209439 0 0
477.67 296.634 2.6475 4.9765 6.04147 600 0 2763 7 13 -4.93293e-05 9.27027e-06 0 0 0.972757 -0.231826 0 0
487.091 297.078 2.6475 4.9765 6.04147 600 0 2801 7 13 0.000116672 2.16949e-05 0 0 0.994872 -0.101144 0 0
496.491 297.835 2.6475 4.9765 6.04147 600 0 2839 7 13 -1.28985e-05 6.18693e-06 0 0 0.997087 -0.0762716 0 0
505.881 298.739 2.6475 4.9765 6.04147 600 0 2877 7 13 8.30812e-05 0.000124124 0 0 0.991758 -0.128126 0 0
514.902 301.497 2.6475 4.9765 6.04147 600 0 2915 7 13 0.000127211 -0.000236262 0 0 0.999301 0.0373963 0 0
524.295 300.58 2.6475 4.9765 6.04147 600 0 2953 7 13 0.000252296 0.000585371 0 0 0.999526 -0.0307931 0 0
532.553 305.167 2.6475 4.9765 6.04147 600 0 2991 9 13 0.000442796 0.000210523 0 0 0.997886 0.0649897 0 0
539.325 311.78 2.6475 4.9765 6.04147 600 0 655 8 10 0.000561404 0.000103889 0 0 0.967292 0.253665 0 0
530.816 315.896 2.6475 4.9765 6.04147 600 0 2991 9 14 0.000632972 0.000239917 0 0 0.972982 0.230881 0 0
522.754 320.794 2.6475 4.9765 6.04147 600 0 2953 7 14 0.000229231 -0.000387637 0 0 0.941237 0.337746 0 0
514.24 316.749 2.6475 4.9765 6.04147 600 0 2915 7 14 9.96649e-05 4.87641e-05 0 0 0.976311 0.216372 0 0
505.694 312.772 2.6475 4.9765 6.04147 600 0 2877 7 14 -5.42374e-05 -4.3067e-06 0 0 0.980445 0.196795 0 0
496.805 309.65 2.6475 4.9765 6.04147 600 0 2839 7 14 0.000265985 4.44798e-05 0 0 0.993799 0.111194 0 0
487.638 311.849 2.6475 4.9765 6.04147 600 0 2801 7 14 -0.000463911 -3.85766e-05 0 0 0.991541 0.129791 0 0
478.335 310.422 2.6475 4.9765 6.04147 600 0 2763 7 14 0.00111353 0.00014104 0 0 0.99777 0.0667503 0 0
468.955 309.366 2.6475 4.9765 6.04147 600 0 2725 7 14 -0.00186939 -2.48727e-05 0 0 0.999654 -0.02629 0 0
459.598 309.843 2.6475 4.9765 6.04147 600 0 2687 7 14 0.00477429 -0.000163022 0 0 0.997961 -0.0638273 0 0
450.117 310.12 2.6475 4.9765 6.04147 600 0 2649 7 14 -0.00718812 0.000329848 0 0 0.989712 -0.143072 0 0
440.899 310.706 2.6475 4.9765 6.04147 600 0 2611 7 14 0.0161242 -0.000801646 0 0 0.993169 -0.116689 0 0
431.29 311.166 2.6475 4.9765 6.04147 600 0 2573 7 14 -0.0200978 0.00242619 0 0 0.974715 -0.223451 0 0
422.386 313.397 2.6475 4.9765 6.04147 600 0 2535 7 14 0.0211306 -0.00412993 0 0 0.983303 -0.181978 0 0
412.835 315.042 2.6475 4.9765 6.04147 600 0 2497 7 14 -0.0216411 0.00681194 0 0 0.974881 -0.222727 0 0
404.831 319.616 2.6475 4.9765 6.04147 600 0 2459 7 14 0.0222252 -0.0128825 0 0 0.955503 -0.29498 0 0
395.214 318.747 2.6475 4.9765 6.04147 600 0 2421 7 14 -0.0124145 0.00414149 0 0 0.90022 -0.435436 0 0
389.756 326.267 2.6475 4.9765 6.04147 600 0 2383 7 14 0.0160032 -0.0126723 0 0 0.877794 -0.479038 0 0
398.939 327.417 2.6475 4.9765 6.04147 600 0 1856 7 15 -0.0240135 0.0127065 0 0 0.998298 -0.0583251 0 0
407.374 332.003 2.6475 4.9765 6.04147 600 0 1894 7 13 0.0101242 0.00348505 0 0 0.986226 -0.165402 0 0
416.648 332.978 2.6475 4.9765 6.04147 600 0 1932 7 13 -0.00951966 -0.00190369 0 0 0.993046 0.117723 0 0
425.775 335.754 2.6475 4.9765 6.04147 600 0 1970 7 13 0.00813 0.00250428 0 0 0.999396 0.0347563 0 0
434.686 338.524 2.6475 4.9765 6.04147 600 0 2008 7 13 -0.00730201 -0.00239789 0 0 0.999945 0.0104859 0 0
443.662 341.634 2.6475 4.9765 6.04147 600 0 2046 7 13 0.00543281 0.00193363 0 0 0.996457 -0.0841089 0 0
452.429 344.912 2.6475 4.9765 6.04147 600 0 2084 7 13 -0.00327526 -0.00126721 0 0 0.992183 0.124793 0 0
461.196 348.454 2.6475 4.9765 6.04147 600 0 2122 7 13 0.00206527 0.000855642 0 0 0.998147 0.060844 0 0
469.81 352.215 2.6475 4.9765 6.04147 600 0 2160 7 13 -0.00089793 -0.000400333 0 0 0.988217 0.153059 0 0
478.346 356.231 2.6475 4.9765 6.04147 600 0 2198 7 13 0.000541507 0.000265064 0 0 0.995153 0.0983411 0 0
486.751 360.479 2.6475 4.9765 6.04147 600 0 2236 7 13 -0.000277207 -0.000139492 0 0 0.999995 0.00328082 0 0
495.048 364.955 2.6475 4.9765 6.04147 600 0 2274 7 13 0.000166077 9.54429e-05 0 0 0.987862 0.155333 0 0
503.229 369.629 2.6475 4.9765 6.04147 600 0 2312 7 13 -9.32142e-05 -5.06734e-05 0 0 0.996384 0.0849609 0 0
511.312 374.478 2.6475 4.9765 6.04147 600 0 2350 7 13 5.92402e-05 3.90692e-05 0 0 0.95156 0.307462 0 0
519.308 379.464 2.6475 4.9765 6.04147 600 0 2388 7 13 -4.26983e-05 -2.48607e-05 0 0 0.981148 0.193259 0 0
527.247 384.545 2.6475 4.9765 6.04147 600 0 2426 7 13 2.98733e-05 2.03253e-05 0 0 0.980067 0.198668 0 0
535.152 389.675 2.6475 4.9765 6.04147 600 0 2464 7 13 -3.30056e-05 -2.14919e-05 0 0 0.924289 0.381693 0 0
543.061 394.801 2.6475 4.9765 6.04147 600 0 2502 7 13 2.4085e-05 1.47474e-05 0 0 0.965927 0.258815 0 0
550.993 399.888 2.6475 4.9765 6.04147 600 0 2540 7 13 -3.66319e-05 -2.60604e-05 0 0 0.967192 0.254047 0 0
559.027 404.815 2.6475 4.9765 6.04147 600 0 2578 7 13 2.71915e-05 1.58522e-05 0 0 0.897716 0.440574 0 0
567.085 409.7 2.6475 4.9765 6.04147 600 0 2616 7 13 -4.54587e-05 -3.83851e-05 0 0 0.955932 0.29359 0 0
575.653 413.623 2.6475 4.9765 6.04147 600 0 2654 7 13 3.95931e-05 2.6866e-05 0 0 0.928026 0.372515 0 0
585.069 413.271 2.6475 4.9765 6.04147 600 0 2692 7 13 -3.84548e-05 -1.23525e-05 0 0 0.957346 0.288944 0 0
580.668 421.599 2.6475 4.9765 6.04147 600 0 2730 7 13 -1.5791e-05 -2.66473e-05 0 0 0.948431 0.316984 0 0
590.084 421.247 2.6475 4.9765 6.04147 600 0 2768 7 13 1.49272e-05 -1.44221e-05 0 0 0.997757 0.0669454 0 0
599.466 422.122 2.6475 4.9765 6.04147 600 0 2806 7 13 -1.64843e-05 2.58041e-06 0 0 0.99712 -0.0758418 0 0
608.761 423.663 2.6475 4.9765 6.04147 600 0 2844 7 13 1.01258e-05 -3.73922e-05 0 0 0.89826 -0.439464 0 0
617.453 420.024 2.6475 4.9765 6.04147 600 0 2882 7 13 3.75243e-05 7.45187e-05 0 0 0.95308 -0.302718 0 0
626.061 423.86 2.6475 4.9765 6.04147 600 0 2920 7 13 0.000150837 -9.91177e-05 0 0 0.999981 -0.00609691 0 0
635.294 421.962 2.6475 4.9765 6.04147 600 0 2958 7 13 0.000162675 0.000288522 0 0 0.838022 -0.545637 0 0
643.508 426.602 2.6475 4.9765 6.04147 600 0 2996 9 13 0.000198659 0.00052847 0 0 0.999916 -0.0129838 0 0
645.309 435.87 2.6475 4.9765 6.04147 0.1 0 2322 8 10 -0.000383594 -5.11644e-05 0 0 0.8636 0.504177 0 0
635.975 434.404 2.6475 4.9765 6.04147 600 0 2996 9 14 0.0018905 -0.000345907 0 0 0.526865 0.849949 0 0
631.719 442.805 2.6475 4.9765 6.04147 600 0 2958 7 14 5.85593e-05 0.00107429 0 0 0.626319 0.779567 0 0
626.518 434.934 2.6475 4.9765 6.04147 600 0 2920 7 14 -0.00156109 -0.000353078 0 0 0.785012 0.61948 0 0
617.097 435.314 2.6475 4.9765 6.04147 600 0 2882 7 14 0.00135478 -1.92049e-05 0 0 0.607234 0.794523 0 0
607.728 436.565 2.6475 4.9765 6.04147 600 0 2844 7 14 -0.000559803 -3.51285e-05 0 0 0.40083 0.916152 0 0
598.301 436.71 2.6475 4.9765 6.04147 600 0 2806 7 14 0.000694612 2.90016e-05 0 0 0.717157 0.696912 0 0
589.021 438.422 2.6475 4.9765 6.04147 600 0 2768 7 14 -0.0001557 -0.000135121 0 0 0.937684 0.34749 0 0
579.849 436.258 2.6475 4.9765 6.04147 600 0 2730 7 14 0.000302954 6.12574e-05 0 0 0.948702 0.316172 0 0
570.965 433.105 2.6475 4.9765 6.04147 600 0 2692 7 14 5.28986e-05 -5.67222e-05 0 0 0.92705 0.374939 0 0
567.592 424.308 2.6475 4.9765 6.04147 600 0 2654 7 14 4.61117e-06 7.74285e-05 0 0 0.787998 0.615678 0 0
558.684 421.237 2.6475 4.9765 6.04147 600 0 2616 7 14 -2.41254e-05 -2.14827e-05 0 0 0.812042 0.583599 0 0
550.58 416.431 2.6475 4.9765 6.04147 600 0 2578 7 14 1.63311e-05 9.66042e-06 0 0 0.843236 0.537544 0 0
542.478 411.621 2.6475 4.9765 6.04147 600 0 2540 7 14 -1.73458e-05 -1.43978e-05 0 0 0.794236 0.607609 0 0
534.649 406.378 2.6475 4.9765 6.04147 600 0 2502 7 14 8.48583e-06 5.0624e-06 0 0 0.812926 0.582367 0 0
526.869 401.063 2.6475 4.9765 6.04147 600 0 2464 7 14 -7.34783e-06 -4.24744e-06 0 0 0.736814 0.676096 0 0
519.037 395.826 2.6475 4.9765 6.04147 600 0 2426 7 14 -5.2038e-06 -2.97092e-06 0 0 0.824571 0.565758 0 0
511.172 390.637 2.6475 4.9765 6.04147 600 0 2388 7 14 1.61789e-05 1.11179e-05 0 0 0.830647 0.556799 0 0
503.269 385.505 2.6475 4.9765 6.04147 600 0 2350 7 14 -3.91345e-05 -2.3977e-05 0 0 0.868641 0.495443 0 0
495.303 380.474 2.6475 4.9765 6.04147 600 0 2312 7 14 7.78666e-05 4.92601e-05 0 0 0.882626 0.470075 0 0
487.247 375.585 2.6475 4.9765 6.04147 600 0 2274 7 14 -0.000139695 -8.16886e-05 0 0 0.891622 0.452781 0 0
479.118 370.827 2.6475 4.9765 6.04147 600 0 2236 7 14 0.000265791 0.000150316 0 0 0.813642 0.581366 0 0
470.832 366.331 2.6475 4.9765 6.04147 600 0 2198 7 14 -0.000459951 -0.000220678 0 0 0.854025 0.520233 0 0
462.271 362.419 2.6475 4.9765 6.04147 600 0 2160 7 14 0.000909276 0.000367349 0 0 0.88611 0.463475 0 0
453.429 359.122 2.6475 4.9765 6.04147 600 0 2122 7 14 -0.00147325 -0.000519944 0 0 0.817209 0.576342 0 0
444.541 356.098 2.6475 4.9765 6.04147 600 0 2084 7 14 0.00296175 0.000986373 0 0 0.859956 0.510368 0 0
435.553 353.133 2.6475 4.9765 6.04147 600 0 2046 7 14 -0.00435504 -0.00147884 0 0 0.888305 0.459254 0 0
426.729 350.058 2.6475 4.9765 6.04147 600 0 2008 7 14 0.00663625 0.00219007 0 0 0.782054 0.623211 0 0
417.674 347.15 2.6475 4.9765 6.04147 600 0 1970 7 14 -0.00808318 -0.00310563 0 0 0.83442 0.551128 0 0
409.2 343.242 2.6475 4.9765 6.04147 600 0 1932 7 14 0.0078917 0.00223185 0 0 0.893558 0.448949 0 0
399.752 342.007 2.6475 4.9765 6.04147 600 0 1894 7 14 -0.00791299 -0.00463993 0 0 0.823992 0.566602 0 0
393.615 334.993 2.6475 4.9765 6.04147 600 0 1856 7 14 0.0190887 0.000518881 0 0 0.872925 0.487854 0 0
383.953 334.026 2.6475 4.9765 6.04147 600 0 1818 7 14 -0.0218783 0.00288679 0 0 0.906115 0.423032 0 0
375.017 331.633 2.6475 4.9765 6.04147 600 0 1780 7 14 0.0167229 0.00131344 0 0 0.868123 0.496349 0 0
365.411 332.288 2.6475 4.9765 6.04147 600 0 1742 7 14 -0.0157509 -0.000298413 0 0 0.906272 0.422695 0 0
356.257 330.983 2.6475 4.9765 6.04147 600 0 1704 7 14 0.016654 0.00207056 0 0 0.932079 0.362254 0 0
346.718 329.901 2.6475 4.9765 6.04147 600 0 1666 7 14 -0.0143006 -0.00124767 0 0 0.892443 0.451159 0 0
337.463 329.639 2.6475 4.9765 6.04147 600 0 1628 7 14 0.0094685 -0.000110575 0 0 0.936342 0.351089 0 0
327.97 330.094 2.6475 4.9765 6.04147 600 0 1590 7 14 -0.00633886 0.000744014 0 0 0.96678 0.255609 0 0
319.232 333.423 2.6475 4.9765 6.04147 600 0 1552 7 15 0.00219068 -0.00165777 0 0 0.929168 0.369658 0 0
311.538 338.899 2.6475 4.9765 6.04147 600 0 1897 7 13 -0.00117544 0.000529159 0 0 0.877762 0.479098 0 0
320.121 342.82 2.6475 4.9765 6.04147 600 0 1935 7 13 0.000596158 0.00101272 0 0 0.784553 0.620062 0 0
325.681 350.418 2.6475 4.9765 6.04147 600 0 1973 7 13 -0.000142187 -0.000223723 0 0 0.759061 0.651019 0 0
331.838 357.559 2.6475 4.9765 6.04147 600 0 2011 7 13 -6.26198e-05 -7.90543e-05 0 0 0.808933 0.587901 0 0
338.25 364.475 2.6475 4.9765 6.04147 600 0 2049 7 13 0.000381783 0.000382302 0 0 0.822075 0.569379 0 0
344.862 371.185 2.6475 4.9765 6.04147 600 0 2087 7 13 -0.000566534 -0.000569717 0 0 0.81964 0.572879 0 0
351.653 377.745 2.6475 4.9765 6.04147 600 0 2125 7 13 0.000920683 0.000855036 0 0 0.854319 0.51975 0 0
358.565 384.131 2.6475 4.9765 6.04147 600 0 2163 7 13 -0.00136322 -0.0012402 0 0 0.851556 0.524264 0 0
365.634 390.413 2.6475 4.9765 6.04147 600 0 2201 7 13 0.00194869 0.00169022 0 0 0.893308 0.449445 0 0
372.753 396.529 2.6475 4.9765 6.04147 600 0 2239 7 13 -0.00323232 -0.00273072 0 0 0.868305 0.496031 0 0
380.038 402.604 2.6475 4.9765 6.04147 600 0 2277 7 13 0.00439401 0.00360603 0 0 0.889809 0.456333 0 0
387.286 408.484 2.6475 4.9765 6.04147 600 0 2315 7 13 -0.00694743 -0.0055426 0 0 0.892881 0.450293 0 0
394.773 414.398 2.6475 4.9765 6.04147 600 0 2353 7 13 0.00866888 0.00675339 0 0 0.923614 0.383323 0 0
402.131 420.048 2.6475 4.9765 6.04147 600 0 2391 7 13 -0.0111822 -0.00842471 0 0 0.900611 0.434626 0 0
409.836 425.784 2.6475 4.9765 6.04147 600 0 2429 7 13 0.0127325 0.00933429 0 0 0.935307 0.353838 0 0
417.338 431.184 2.6475 4.9765 6.04147 600 0 2467 7 13 -0.0147748 -0.010396 0 0 0.912575 0.408909 0 0
425.315 436.708 2.6475 4.9765 6.04147 600 0 2505 7 13 0.0192322 0.0128 0 0 0.925292 0.379255 0 0
434.571 436.989 2.6475 4.9765 6.04147 600 0 2543 7 13 -0.0114596 -0.00706113 0 0 0.940314 0.340308 0 0
429.507 444.962 2.6475 4.9765 6.04147 600 0 2581 7 13 -0.0115546 -0.00747746 0 0 0.875205 0.483752 0 0
439.128 445.471 2.6475 4.9765 6.04147 600 0 2619 7 13 0.0201991 0.0122383 0 0 0.947467 0.319852 0 0
447.122 450.067 2.6475 4.9765 6.04147 600 0 2657 7 13 -0.0167248 -0.00937261 0 0 0.972033 0.234844 0 0
455.593 454.712 2.6475 4.9765 6.04147 600 0 2695 7 13 0.0158437 0.0084835 0 0 0.957429 0.288669 0 0
463.792 458.955 2.6475 4.9765 6.04147 600 0 2733 7 13 -0.0159794 -0.00800018 0 0 0.960173 0.279406 0 0
472.443 463.183 2.6475 4.9765 6.04147 600 0 2771 7 13 0.0148691 0.00711272 0 0 0.969865 0.243642 0 0
480.84 467.049 2.6475 4.9765 6.04147 600 0 2809 7 13 -0.0120231 -0.0054326 0 0 0.96759 0.252525 0 0
489.576 470.93 2.6475 4.9765 6.04147 600 0 2847 7 13 0.00972609 0.00408618 0 0 0.949206 0.314656 0 0
498.317 474.15 2.6475 4.9765 6.04147 600 0 2885 7 13 -0.00517722 -0.00267877 0 0 0.965455 0.260571 0 0
505.888 479.835 2.6475 4.9765 6.04147 600 0 2923 7 13 0.00256371 0.0013271 0 0 0.984164 0.177259 0 0
514.893 477.12 2.6475 4.9765 6.04147 600 0 2961 7 13 -0.000333393 0.000628004 0 0 0.964513 0.264034 0 0
519.314 485.457 2.6475 4.9765 6.04147 600 0 2999 9 13 0.000676587 0.000501452 0 0 0.938455 0.345401 0 0
524.556 493.324 2.6475 4.9765 6.04147 600 0 1141 8 10 0.000440678 0.00032796 0 0 0.938455 0.345401 0 0
515.394 495.612 2.6475 4.9765 6.04147 600 0 2999 9 14 0.00073331 0.000106463 0 0 0.907132 0.420845 0 0
506.783 499.462 2.6475 4.9765 6.04147 600 0 2961 7 14 -0.000807492 -0.00216204 0 0 0.914152 0.405371 0 0
502.549 491.112 2.6475 4.9765 6.04147 600 0 2923 7 14 0.00763797 0.00458809 0 0 0.952761 0.303722 0 0
493.642 487.663 2.6475 4.9765 6.04147 600 0 2885 7 14 -0.0133358 -0.00486083 0 0 0.942737 0.333538 0 0
484.897 484.671 2.6475 4.9765 6.04147 600 0 2847 7 14 0.0180882 0.00737335 0 0 0.952405 0.304835 0 0
476.059 480.743 2.6475 4.9765 6.04147 600 0 2809 7 14 -0.0192055 -0.00848966 0 0 0.894246 0.447575 0 0
467.652 477.069 2.6475 4.9765 6.04147 600 0 2771 7 14 0.0233368 0.0101563 0 0 0.912839 0.40832 0 0
458.721 473.188 2.6475 4.9765 6.04147 600 0 2733 7 14 -0.0238623 -0.0105558 0 0 0.906903 0.42134 0 0
450.435 469.4 2.6475 4.9765 6.04147 600 0 2695 7 14 0.0278644 0.0132412 0 0 0.917509 0.397716 0 0
441.613 465.139 2.6475 4.9765 6.04147 600 0 2657 7 14 -0.0279191 -0.0137737 0 0 0.873457 0.486901 0 0
433.548 460.975 2.6475 4.9765 6.04147 600 0 2619 7 14 0.0295032 0.016612 0 0 0.88917 0.457577 0 0
425.052 456.03 2.6475 4.9765 6.04147 600 0 2581 7 14 -0.0288309 -0.0177128 0 0 0.821997 0.569492 0 0
417.623 450.8 2.6475 4.9765 6.04147 600 0 2543 7 14 0.026424 0.0209604 0 0 0.803262 0.595626 0 0
410.054 444.53 2.6475 4.9765 6.04147 600 0 2505 7 14 -0.0261863 -0.0213154 0 0 0.81984 0.572592 0 0
402.869 438.987 2.6475 4.9765 6.04147 600 0 2467 7 14 0.0261762 0.0199723 0 0 0.68501 0.728534 0 0
395.048 433.049 2.6475 4.9765 6.04147 600 0 2429 7 14 -0.0261997 -0.0199125 0 0 0.723244 0.690593 0 0
387.841 427.556 2.6475 4.9765 6.04147 600 0 2391 7 14 0.0262476 0.0203947 0 0 0.790715 0.612185 0 0
380.105 421.5 2.6475 4.9765 6.04147 600 0 2353 7 14 -0.0261009 -0.0205995 0 0 0.623632 0.781718 0 0
373.046 415.815 2.6475 4.9765 6.04147 600 0 2315 7 14 0.0257301 0.021126 0 0 0.724417 0.689362 0 0
365.477 409.552 2.6475 4.9765 6.04147 600 0 2277 7 14 -0.0255773 -0.0213173 0 0 0.763159 0.646211 0 0
358.576 403.696 2.6475 4.9765 6.04147 600 0 2239 7 14 0.0262754 0.022682 0 0 0.652627 0.757679 0 0
351.147 397.242 2.6475 4.9765 6.04147 600 0 2201 7 14 -0.0261454 -0.0228316 0 0 0.696394 0.71766 0 0
344.389 391.259 2.6475 4.9765 6.04147 600 0 2163 7 14 0.027411 0.0244295 0 0 0.538034 0.842923 0 0
337.034 384.689 2.6475 4.9765 6.04147 600 0 2125 7 14 -0.0272808 -0.0243525 0 0 0.588886 0.808216 0 0
330.313 378.702 2.6475 4.9765 6.04147 600 0 2087 7 14 0.0237213 0.0208236 0 0 0.548 0.836478 0 0
322.952 372.279 2.6475 4.9765 6.04147 600 0 2049 7 14 -0.0216872 -0.0187563 0 0 0.663443 0.748226 0 0
315.984 366.436 2.6475 4.9765 6.04147 600 0 2011 7 14 0.0118495 0.00958455 0 0 0.579919 0.814674 0 0
308.465 360.516 2.6475 4.9765 6.04147 600 0 1973 7 14 -0.00931538 -0.00716925 0 0 0.629787 0.776768 0 0
300.922 355.088 2.6475 4.9765 6.04147 600 0 1935 7 14 0.0045577 0.00310895 0 0 0.688018 0.725694 0 0
292.935 349.987 2.6475 4.9765 6.04147 600 0 1897 7 14 -0.00336779 -0.00203687 0 0 0.746628 0.665242 0 0
284.703 345.482 2.6475 4.9765 6.04147 600 0 1859 7 14 0.00186582 0.000962076 0 0 0.743877 0.668316 0 0
276.094 341.591 2.6475 4.9765 6.04147 600 0 1400 7 15 -0.00134067 -0.000536857 0 0 0.977651 0.210235 0 0
267.227 338.434 2.6475 4.9765 6.04147 600 0 1362 7 14 0.000786912 0.000274271 0 0 0.994116 0.108324 0 0
258.11 336.002 2.6475 4.9765 6.04147 600 0 1324 7 14 -0.000548352 -0.000106971 0 0 0.971693 0.236248 0 0
248.846 334.287 2.6475 4.9765 6.04147 600 0 1286 7 14 0.000319498 7.07604e-05 0 0 0.990719 0.135929 0 0
239.475 333.223 2.6475 4.9765 6.04147 600 0 1248 7 14 -0.000216718 -2.06301e-06 0 0 0.986217 0.165457 0 0
230.063 332.714 2.6475 4.9765 6.04147 600 0 1210 7 14 0.000122172 1.91203e-05 0 0 0.995718 0.0924462 0 0
220.633 332.664 2.6475 4.9765 6.04147 600 0 1172 7 14 -8.03115e-05 1.28017e-05 0 0 0.989442 0.14493 0 0
211.212 332.984 2.6475 4.9765 6.04147 600 0 1134 7 14 4.42545e-05 7.77247e-06 0 0 0.996638 0.0819261 0 0
201.803 333.602 2.6475 4.9765 6.04147 600 0 1096 7 14 -2.5403e-05 9.82657e-06 0 0 0.993212 0.116318 0 0
192.414 334.459 2.6475 4.9765 6.04147 600 0 1058 7 14 1.54818e-05 5.19009e-06 0 0 0.979819 0.199885 0 0
183.046 335.519 2.6475 4.9765 6.04147 600 0 1020 7 14 -1.47801e-06 5.85388e-06 0 0 0.998959 0.045611 0 0
173.699 336.751 2.6475 4.9765 6.04147 600 0 982 7 14 3.88838e-06 4.95159e-06 0 0 0.970766 0.240027 0 0
164.375 338.149 2.6475 4.9765 6.04147 600 0 944 7 14 1.39823e-05 1.05536e-06 0 0 0.98863 0.150371 0 0
155.067 339.648 2.6475 4.9765 6.04147 600 0 906 7 14 -6.46495e-06 8.56745e-06 0 0 0.995945 0.0899601 0 0
145.8 341.378 2.6475 4.9765 6.04147 600 0 868 7 14 3.24505e-05 -1.80392e-05 0 0 0.99358 0.113132 0 0
136.464 342.693 2.6475 4.9765 6.04147 600 0 830 7 14 -2.37813e-05 7.07331e-05 0 0 0.997248 -0.0741445 0 0
127.646 346.025 2.6475 4.9765 6.04147 600 0 792 7 14 6.7179e-05 -1.97588e-05 0 0 0.991377 0.131042 0 0
121.32 339.044 2.6475 4.9765 6.04147 600 0 754 7 14 -2.1068e-05 -3.94132e-05 0 0 0.999867 -0.0163074 0 0
118.429 348.012 2.6475 4.9765 6.04147 600 0 716 7 14 -9.21091e-05 1.16264e-05 0 0 0.998108 -0.0614929 0 0
112.11 341.025 2.6475 4.9765 6.04147 600 0 678 7 14 -4.76307e-06 2.4226e-05 0 0 0.986902 -0.161322 0 0
109.211 349.989 2.6475 4.9765 6.04147 0.1 0 0 7 15 4.85521e-05 -2.15293e-05 0 0 5.26596e-310 1.58101e-322 0 0
100 352 2.6475 4.9765 6.04147 0.1 0 0 7 7 0.000286265 -0.026736 0 0 4.79244e-322 5.26596e-310 0 0
100 361 2.6475 4.9765 6.04147 0.1 0 0 7 7 -0 -0 0 0 5.26596e-310 4.9973e-311 0 0
100 370 2.6475 4.9765 6.04147 0.1 0 0 7 7 -0 -0 0 0 1.58101e-322 5.26722e-310 0 0
100 379 2.6475 4.9765 6.04147 0.1 0 0 7 7 -0 -0 0 0 5.26596e-310 1.58101e-322 0 0
100 388 2.6475 4.9765 6.04147 0.1 0 0 7 7 -0 -0 0 0 3.21143e-322 5.26596e-310 0 0
100 397 2.6475 4.9765 6.04147 0.1 0 0 7 7 -0 -0 0 0 3.16177e-311 5.38563e-311 0 0
100 406 2.6475 4.9765 6.04147 0.1 0 0 7 7 -0 -0 0 0 1.58101e-322 5.26722e-310 0 0
100 415 2.6475 4.9765 6.04147 0.1 0 0 7 7 -0 -0 0 0 1.061e-311 2.71828e-311 0 0
100 424 2.6475 4.9765 6.04147 0.1 0 0 7 7 -0 -0 0 0 1.58101e-322 5.26722e-310 0 0
100 433 2.6475 4.9765 6.04147 0.1 0 0 7 7 -0 -0 0 0 1.12449e-320 0 0 0
100 442 2.6475 4.9765 6.04147 0.1 0 0 7 7 -0 -0 0 0 1.58101e-322 5.26722e-310 0 0
100 451 2.6475 4.9765 6.04147 0.1 0 0 7 7 -0 -0 0 0 1.12466e-311 4.24399e-311 0 0
100 460 2.6475 4.9765 6.04147 0.1 0 0 7 7 -0 -0 0 0 4.79244e-322 5.26596e-310 0 0
100 469 2.6475 4.9765 6.04147 0.1 0 0 7 7 -0 -0 0 0 5.26596e-310 0 0 0
100 478 2.6475 4.9765 6.04147 0.1 0 0 7 7 -0 -0 0 0 3.16202e-322 5.26722e-310 0 0
100 487 2.6475 4.9765 6.04147 0.1 0 0 7 7 -0 -0 0 0 6.4951e-310 3.15965e-311 0 0
100 496 2.6475 4.9765 6.04147 0.1 0 0 7 7 -0 -0 0 0 1.63042e-322 5.26596e-310 0 0
100 505 2.6475 4.9765 6.04147 0.1 0 0 7 7 -0 -0 0 0 5.26596e-310 6.48214e-321 0 0
100 514 2.6475 4.9765 6.04147 0.1 0 0 7 7 -0 -0 0 0 5.26596e-310 5.26596e-310 0 0
100 523 2.6475 4.9765 6.04147 0.1 0 0 7 7 -0 -0 0 0 5.26596e-310 5.26596e-310 0 0
100 532 2.6475 4.9765 6.04147 0.1 0 0 7 7 -0 -0 0 0 5.26596e-310 5.26596e-310 0 0
100 541 2.6475 4.9765 6.04147 0.1 0 0 7 7 -0 -0 0 0 5.26596e-310 5.26596e-310 0 0
100 550 2.6475 4.9765 6.04147 0.1 0 0 7 7 -0 -0 0 0 5.26596e-310 5.26596e-310 0 0
100 559 2.6475 4.9765 6.04147 0.1 0 0 7 7 -0 -0 0 0 5.26596e-310 5.26596e-310 0 0
100 568 2.6475 4.9765 6.04147 0.1 0 0 7 7 -0 -0 0 0 5.26596e-310 5.26596e-310 0 0
100 577 2.6475 4.9765 6.04147 0.1 0 0 7 7 -0 -0 0 0 5.26596e-310 5.26596e-310 0 0
100 586 2.6475 4.9765 6.04147 0.1 0 0 7 7 -0 -0 0 0 5.26596e-310 5.26596e-310 0 0
100 595 2.6475 4.9765 6.04147 0.1 0 0 7 7 -0 -0 0 0 5.26596e-310 5.26596e-310 0 0
100 604 2.6475 4.9765 6.04147 0.1 0 0 7 7 -0 -0 0 0 5.26596e-310 5.26596e-310 0 0
100 613 2.6475 4.9765 6.04147 0.1 0 0 7 7 -0 -0 0 0 5.26596e-310 5.26596e-310 0 0
100 622 2.6475 4.9765 6.04147 0.1 0 0 7 7 -0 -0 0 0 5.26596e-310 5.26596e-310 0 0
100 631 2.6475 4.9765 6.04147 0.1 0 0 7 7 -0 -0 0 0 5.26596e-310 5.26596e-310 0 0
100 640 2.6475 4.9765 6.04147 0.1 0 0 7 7 -0 -0 0 0 5.26596e-310 5.26596e-310 0 0
100 649 2.6475 4.9765 6.04147 0.1 0 0 7 7 -0 -0 0 0 5.26596e-310 5.26596e-310 0 0
100 658 2.6475 4.9765 6.04147 0.1 0 0 7 7 0.00039211 0.0267011 0 0 5.26596e-310 5.26596e-310 0 0
109.407 658.661 2.6475 4.9765 6.04147 0.1 0 0 7 15 2.60757e-06 -2.48935e-06 0 0 5.26596e-310 5.26596e-310 0 0
118.818 659.258 2.6475 4.9765 6.04147 600 0 657 7 13 -5.00985e-06 -5.47426e-06 0 0 0.98833 0.15233 0 0
128.237 659.732 2.6475 4.9765 6.04147 600 0 695 7 13 9.03245e-06 -7.12921e-06 0 0 0.997366 0.0725363 0 0
137.662 660.026 2.6475 4.9765 6.04147 600 0 733 7 13 -1.33478e-05 -9.59047e-06 0 0 0.999861 0.0166484 0 0
147.092 660.096 2.6475 4.9765 6.04147 600 0 771 7 15 1.9434e-05 -1.0962e-05 0 0 0.996508 0.0834961 0 0
156.52 659.907 2.6475 4.9765 6.04147 600 0 1221 7 13 -2.86025e-05 -1.06343e-05 0 0 0.931623 -0.363426 0 0
165.939 659.438 2.6475 4.9765 6.04147 600 0 1259 7 13 3.71525e-05 -1.46078e-05 0 0 0.927048 -0.374943 0 0
175.338 658.68 2.6475 4.9765 6.04147 600 0 1297 7 13 -5.40684e-05 -6.6996e-06 0 0 0.852935 -0.522016 0 0
184.711 657.636 2.6475 4.9765 6.04147 600 0 1335 7 13 6.44569e-05 -1.97658e-05 0 0 0.784238 -0.620461 0 0
194.047 656.318 2.6475 4.9765 6.04147 600 0 1373 7 13 -8.96771e-05 3.33468e-06 0 0 0.862753 -0.505625 0 0
203.346 654.746 2.6475 4.9765 6.04147 600 0 1411 7 13 9.64358e-05 -2.73496e-05 0 0 0.793198 -0.608963 0 0
212.601 652.945 2.6475 4.9765 6.04147 600 0 1449 7 13 -0.000122301 1.66135e-05 0 0 0.859217 -0.511611 0 0
221.816 650.935 2.6475 4.9765 6.04147 600 0 1487 7 13 0.000104163 -3.1497e-05 0 0 0.819305 -0.573358 0 0
230.985 648.741 2.6475 4.9765 6.04147 600 0 1525 7 13 -0.000100509 1.7865e-05 0 0 0.873826 -0.486238 0 0
240.113 646.375 2.6475 4.9765 6.04147 600 0 1563 7 13 -8.53616e-06 -3.64962e-06 0 0 0.838551 -0.544823 0 0
249.197 643.845 2.6475 4.9765 6.04147 600 0 1601 7 13 0.000124671 -4.32794e-05 0 0 0.886812 -0.46213 0 0
258.227 641.149 2.6475 4.9765 6.04147 600 0 1639 7 13 -0.000515967 0.000155959 0 0 0.84758 -0.530667 0 0
267.214 638.269 2.6475 4.9765 6.04147 600 0 1677 7 13 0.00093707 -0.000322013 0 0 0.837347 -0.546671 0 0
276.1 635.194 2.6475 4.9765 6.04147 600 0 1715 7 13 -0.00216643 0.000789581 0 0 0.829511 -0.55849 0 0
284.952 631.862 2.6475 4.9765 6.04147 600 0 1753 7 13 0.00329368 -0.00131168 0 0 0.918729 -0.394888 0 0
293.59 628.298 2.6475 4.9765 6.04147 600 0 1791 7 13 -0.00673165 0.00298318 0 0 0.893535 -0.448993 0 0
302.251 624.349 2.6475 4.9765 6.04147 600 0 1829 7 13 0.00903917 -0.00433476 0 0 0.929372 -0.369144 0 0
310.487 620.186 2.6475 4.9765 6.04147 600 0 1867 7 13 -0.0151932 0.00829294 0 0 0.902725 -0.430217 0 0
318.888 615.467 2.6475 4.9765 6.04147 600 0 1905 7 15 0.0175403 -0.0102503 0 0 0.893279 -0.449503 0 0
326.64 610.648 2.6475 4.9765 6.04147 600 0 2361 7 13 -0.0216441 0.014389 0 0 0.664245 -0.747515 0 0
334.679 605.152 2.6475 4.9765 6.04147 600 0 2399 7 13 0.0222466 -0.0156444 0 0 0.68259 -0.730802 0 0
341.976 599.724 2.6475 4.9765 6.04147 600 0 2437 7 13 -0.0229259 0.0179127 0 0 0.647964 -0.761671 0 0
349.615 593.624 2.6475 4.9765 6.04147 600 0 2475 7 13 0.0227819 -0.0185241 0 0 0.572886 -0.819635 0 0
356.56 587.753 2.6475 4.9765 6.04147 600 0 2513 7 13 -0.0223309 0.0194428 0 0 0.588653 -0.808386 0 0
363.894 581.281 2.6475 4.9765 6.04147 600 0 2551 7 13 0.0221473 -0.0197393 0 0 0.584877 -0.811122 0 0
370.626 575.15 2.6475 4.9765 6.04147 600 0 2589 7 13 -0.0213824 0.0197739 0 0 0.765252 -0.643731 0 0
377.779 568.486 2.6475 4.9765 6.04147 600 0 2627 7 13 0.0212327 -0.0198882 0 0 0.687781 -0.725918 0 0
384.394 562.218 2.6475 4.9765 6.04147 600 0 2665 7 13 -0.0206623 0.0197671 0 0 0.785574 -0.618767 0 0
391.439 555.447 2.6475 4.9765 6.04147 600 0 2703 7 13 0.0205543 -0.0198238 0 0 0.712924 -0.701241 0 0
397.981 549.09 2.6475 4.9765 6.04147 600 0 2741 7 13 -0.0199669 0.0194802 0 0 0.86674 -0.498759 0 0
404.961 542.267 2.6475 4.9765 6.04147 600 0 2779 7 13 0.0197956 -0.01936 0 0 0.816661 -0.577118 0 0
411.489 535.877 2.6475 4.9765 6.04147 600 0 2817 7 13 -0.0183277 0.0178499 0 0 0.932955 -0.359994 0 0
418.462 529.1 2.6475 4.9765 6.04147 600 0 2855 7 13 0.0174497 -0.0171445 0 0 0.910299 -0.413952 0 0
424.918 522.579 2.6475 4.9765 6.04147 600 0 2893 7 13 -0.013782 0.0121758 0 0 0.933591 -0.358341 0 0
432.395 516.562 2.6475 4.9765 6.04147 600 0 2931 7 13 0.00933427 -0.00968064 0 0 0.989849 -0.142121 0 0
435.125 508.884 1.96813 3.69949 4.27197 600 0 2969 11 13 -0.00269866 0.00329015 0 0 0.993336 -0.115253 0 0
442.199 508.155 1.96813 3.69949 4.27197 600 0 2969 11 13 0.00125908 -4.40054e-05 0 0 0.994009 0.1093 0 0
449.911 505.27 2.6475 4.9765 6.04147 600 0 639 8 10 -1.904e-05 0.000231091 0 0 0.624762 -0.780815 1 0
448.909 513.469 1.96813 3.69949 4.27197 600 0 2969 11 14 0.000115612 0.000751383 0 0 0.997193 0.0748773 0 0
450.252 520.439 1.96813 3.69949 4.27197 600 0 2969 7 14 -0.00184372 0.000176761 0 0 0.997589 0.0694038 0 0
442.792 524.073 2.6475 4.9765 6.04147 600 0 2931 7 14 -0.000542527 0.00198431 0 0 0.993229 -0.116173 0 0
436.83 531.47 2.6475 4.9765 6.04147 600 0 2893 7 14 -0.00102013 0.000113353 0 0 0.980307 -0.197481 0 0
429.726 537.826 2.6475 4.9765 6.04147 600 0 2855 7 14 -5.35137e-05 0.000427131 0 0 0.972407 -0.233293 0 0
423.004 544.589 2.6475 4.9765 6.04147 600 0 2817 7 14 0.000654546 -0.000630365 0 0 0.972318 -0.23366 0 0
416.315 551.391 2.6475 4.9765 6.04147 600 0 2779 7 14 -0.000503365 0.000427361 0 0 0.960808 -0.277213 0 0
409.567 558.075 2.6475 4.9765 6.04147 600 0 2741 7 14 0.00210278 -0.00211358 0 0 0.932802 -0.360389 0 0
402.696 564.687 2.6475 4.9765 6.04147 600 0 2703 7 14 -0.00262431 0.00251168 0 0 0.853136 -0.521689 0 0
395.881 571.226 2.6475 4.9765 6.04147 600 0 2665 7 14 0.0611866 -0.0581045 0 0 0.827354 -0.56168 0 0
388.275 578.447 2.6475 4.9765 6.04147 600 0 2627 7 14 -0.0596825 0.0567796 0 0 0.866243 -0.499623 0 0
382.314 584.52 2.6475 4.9765 6.04147 600 0 2589 7 14 0.000825216 -0.000949017 0 0 0.729615 -0.683858 0 0
375.359 590.991 2.6475 4.9765 6.04147 600 0 2551 7 14 -0.000619619 0.00155446 0 0 0.774859 -0.632134 0 0
369.913 598.716 2.6475 4.9765 6.04147 600 0 2513 7 14 0.00186888 -0.00268741 0 0 0.728439 -0.685111 0 0
363.666 605.928 2.6475 4.9765 6.04147 600 0 2475 7 14 -0.00264929 0.00629533 0 0 0.79216 -0.610313 0 0
355.695 610.893 2.6475 4.9765 6.04147 600 0 2437 7 14 -0.000126093 -0.00847877 0 0 0.733246 -0.679963 0 0
356.037 620.499 2.6475 4.9765 6.04147 600 0 2399 7 14 0.00018437 0.0166193 0 0 0.819607 -0.572926 0 0
364.087 615.271 2.6475 4.9765 6.04147 600 0 2057 7 15 0.0117623 -0.0104215 0 0 0.87456 -0.484917 0 0
373.079 612.873 2.6475 4.9765 6.04147 600 0 2095 7 13 -0.00649834 0.00288801 0 0 0.843996 -0.53635 0 0
380.177 606.577 2.6475 4.9765 6.04147 600 0 2133 7 13 0.00324427 -0.00133335 0 0 0.933913 -0.357501 0 0
389.453 608.091 2.6475 4.9765 6.04147 600 0 2171 7 13 -0.00195245 -9.74993e-05 0 0 0.901567 -0.43264 0 0
398.504 605.356 2.6475 4.9765 6.04147 600 0 2209 7 13 0.0019083 -0.000461187 0 0 0.877383 -0.47979 0 0
407.696 603.318 2.6475 4.9765 6.04147 600 0 2247 7 13 -0.00150929 0.000334998 0 0 0.84506 -0.534672 0 0
416.92 601.241 2.6475 4.9765 6.04147 600 0 2285 7 13 0.00145936 -0.000322594 0 0 0.85644 -0.516246 0 0
426.123 599.209 2.6475 4.9765 6.04147 600 0 2323 7 13 -0.0011223 0.000249383 0 0 0.919131 -0.393953 0 0
435.361 597.22 2.6475 4.9765 6.04147 600 0 2361 7 13 0.000713591 -0.000151049 0 0 0.928322 -0.371776 0 0
444.588 595.258 2.6475 4.9765 6.04147 600 0 2399 7 13 -0.000189662 4.01011e-05 0 0 0.86055 -0.509366 0 0
453.815 593.293 2.6475 4.9765 6.04147 600 0 2437 7 13 -0.000788481 0.000167957 0 0 0.891624 -0.452776 0 0
463.075 591.407 2.6475 4.9765 6.04147 600 0 2475 7 13 0.00169848 -0.000299621 0 0 0.836882 -0.547383 0 0
472.333 589.772 2.6475 4.9765 6.04147 600 0 2513 7 13 -0.0034787 0.000494765 0 0 0.886733 -0.462282 0 0
481.756 588.728 2.6475 4.9765 6.04147 600 0 2551 7 13 0.00472252 -0.00151544 0 0 0.857065 -0.515208 0 0
490.32 585 2.6475 4.9765 6.04147 600 0 2589 7 13 -0.00821997 0.00320817 0 0 0.875289 -0.4836 0 0
499.282 581.722 2.6475 4.9765 6.04147 600 0 2627 7 13 0.0105011 -0.00376665 0 0 0.82862 -0.559811 0 0
508.043 578.642 2.6475 4.9765 6.04147 600 0 2665 7 13 -0.0126561 0.00451443 0 0 0.871072 -0.491155 0 0
517.071 575.39 2.6475 4.9765 6.04147 600 0 2703 7 13 0.0136705 -0.00496616 0 0 0.840974 -0.541076 0 0
525.783 572.195 2.6475 4.9765 6.04147 600 0 2741 7 13 -0.0133946 0.0050809 0 0 0.816605 -0.577197 0 0
534.741 568.709 2.6475 4.9765 6.04147 600 0 2779 7 13 0.0138955 -0.00475331 0 0 0.805698 -0.592327 0 0
543.661 566.128 2.6475 4.9765 6.04147 600 0 2817 7 13 -0.0141914 0.00474564 0 0 0.78712 -0.6168 0 0
552.704 562.724 2.6475 4.9765 6.04147 600 0 2855 7 13 0.0165897 -0.00886693 0 0 0.899786 -0.436331 0 0
556.046 554.026 2.6475 4.9765 6.04147 600 0 2893 7 13 0.000111232 0.00750833 0 0 0.799764 -0.600315 0 0
561.886 561.339 2.6475 4.9765 6.04147 600 0 2931 7 13 -0.012729 0.0019414 0 0 0.782698 -0.622402 0 0
567.976 555.589 1.96813 3.69949 4.27197 600 0 2969 11 13 0.0069437 -0.00378208 0 0 0.655222 -0.755436 0 0
574.937 554.616 1.96813 3.69949 4.27197 600 0 2969 11 13 -0.00650094 0.00103382 0 0 0.655222 -0.755436 0 0
583.125 553.161 2.6475 4.9765 6.04147 600 0 1779 8 10 0.00352138 -0.00225165 0 0 0.741006 -0.671499 1 0
580.764 561.1 1.96813 3.69949 4.27197 600 0 2969 11 14 -0.000623908 0.00198418 0 0 0.84651 -0.532373 0 0
580.297 568.166 1.96813 3.69949 4.27197 600 0 2969 11 14 -0.000754159 0.000106513 0 0 0.84651 -0.532373 0 0
573.446 572.726 2.6475 4.9765 6.04147 600 0 2931 7 14 0.00369424 -0.000538182 0 0 0.892504 -0.45104 0 0
563.971 572.824 2.6475 4.9765 6.04147 600 0 2893 7 14 -0.00630909 0.00194509 0 0 0.861307 -0.508084 0 0
555.871 577.456 2.6475 4.9765 6.04147 600 0 2855 7 14 0.00948449 -0.0033396 0 0 0.880706 -0.473663 0 0
546.567 579.643 2.6475 4.9765 6.04147 600 0 2817 7 14 -0.0117619 0.00354669 0 0 0.950237 -0.311527 0 0
537.874 582.919 2.6475 4.9765 6.04147 600 0 2779 7 14 0.0127762 -0.00472222 0 0 0.931881 -0.362765 0 0
528.858 586.209 2.6475 4.9765 6.04147 600 0 2741 7 14 -0.0131585 0.00477196 0 0 0.972178 -0.234244 0 0
520.125 589.354 2.6475 4.9765 6.04147 600 0 2703 7 14 0.0130603 -0.00458583 0 0 0.95794 -0.286968 0 0
511.058 592.466 2.6475 4.9765 6.04147 600 0 2665 7 14 -0.0119929 0.00386657 0 0 0.943936 -0.330127 0 0
502.134 595.071 2.6475 4.9765 6.04147 600 0 2627 7 15 0.00955681 -0.00323369 0 0 0.97619 -0.216919 0 0
493.271 598.5 2.6475 4.9765 6.04147 600 0 2962 7 13 -0.00517851 0.00173506 0 0 0.995947 -0.0899461 0 0
483.915 597.902 2.6475 4.9765 6.04147 600 0 15 7 10 0.000869384 -6.85805e-06 0 0 0.938139 -0.346258 0 0
474.945 600.844 2.6475 4.9765 6.04147 600 0 2962 7 14 -0.00199004 0.000621856 0 0 0.938139 -0.346258 0 0
465.975 603.628 2.6475 4.9765 6.04147 600 0 2475 7 15 0.00393907 -0.00116495 0 0 0.977815 -0.209469 0 0
456.849 606.222 2.6475 4.9765 6.04147 600 0 2437 7 14 -0.00555902 0.00149745 0 0 0.968183 -0.250243 0 0
447.794 608.573 2.6475 4.9765 6.04147 600 0 2399 7 14 0.00713109 -0.00178107 0 0 0.993321 -0.11538 0 0
438.534 610.804 2.6475 4.9765 6.04147 600 0 2361 7 14 -0.0082221 0.00192526 0 0 0.983023 -0.183485 0 0
429.475 612.873 2.6475 4.9765 6.04147 600 0 2323 7 14 0.012503 -0.00278741 0 0 0.980422 -0.196906 0 0
420.111 614.933 2.6475 4.9765 6.04147 600 0 2285 7 14 -0.0145535 0.00315815 0 0 0.984002 -0.178159 0 0
411.041 616.868 2.6475 4.9765 6.04147 600 0 2247 7 14 0.0140108 -0.0029385 0 0 0.974756 -0.223273 0 0
401.633 618.811 2.6475 4.9765 6.04147 600 0 2209 7 14 -0.0139064 0.00281338 0 0 0.999619 -0.0276096 0 0
392.496 620.614 2.6475 4.9765 6.04147 600 0 2171 7 14 0.0110279 -0.00210652 0 0 0.994253 -0.10706 0 0
383.07 622.335 2.6475 4.9765 6.04147 600 0 2133 7 14 -0.010442 0.00199215 0 0 0.984716 -0.174167 0 0
373.922 624.152 2.6475 4.9765 6.04147 600 0 2095 7 14 0.011673 -0.00150098 0 0 0.998044 -0.0625081 0 0
364.308 624.793 2.6475 4.9765 6.04147 600 0 2057 7 14 -0.0162014 0.00533435 0 0 0.989821 -0.142317 0 0
356.498 629.775 2.6475 4.9765 6.04147 600 0 2019 7 14 0.0122051 -0.0114422 0 0 0.971468 -0.237172 0 0
347.037 631.41 2.6475 4.9765 6.04147 600 0 1981 7 14 -0.0117731 0.00251798 0 0 0.995142 -0.0984537 0 0
338.126 633.851 2.6475 4.9765 6.04147 600 0 1943 7 14 0.0167068 -0.00466627 0 0 0.979998 -0.199008 0 0
328.846 636.472 2.6475 4.9765 6.04147 600 0 1905 7 14 -0.0188552 0.00540712 0 0 0.994952 -0.100355 0 0
320.057 639.049 2.6475 4.9765 6.04147 600 0 1867 7 14 0.0242643 -0.00706616 0 0 0.984099 -0.177621 0 0
310.71 641.763 2.6475 4.9765 6.04147 600 0 1829 7 14 -0.0253036 0.00729266 0 0 0.97857 -0.205913 0 0
301.856 644.278 2.6475 4.9765 6.04147 600 0 1791 7 14 0.0209599 -0.00590221 0 0 0.993501 -0.113823 0 0
292.523 646.89 2.6475 4.9765 6.04147 600 0 1753 7 14 -0.0199839 0.00559496 0 0 0.99405 -0.108922 0 0
283.671 649.37 2.6475 4.9765 6.04147 600 0 1715 7 14 0.0206939 -0.00586886 0 0 0.975118 -0.221688 0 0
274.35 652.033 2.6475 4.9765 6.04147 600 0 1677 7 14 -0.02129 0.00616675 0 0 0.965265 -0.261273 0 0
265.56 654.631 2.6475 4.9765 6.04147 600 0 1639 7 14 0.025089 -0.00764171 0 0 0.943596 -0.331098 0 0
256.249 657.509 2.6475 4.9765 6.04147 600 0 1601 7 14 -0.0255107 0.00801227 0 0 0.974875 -0.222751 0 0
247.54 660.327 2.6475 4.9765 6.04147 600 0 1563 7 14 0.0258321 -0.00860336 0 0 0.963829 -0.266523 0 0
238.297 663.451 2.6475 4.9765 6.04147 600 0 1525 7 14 -0.0257577 0.00882376 0 0 0.963913 -0.266217 0 0
229.662 666.486 2.6475 4.9765 6.04147 600 0 1487 7 14 0.0251656 -0.00910382 0 0 0.952018 -0.306042 0 0
220.514 669.846 2.6475 4.9765 6.04147 600 0 1449 7 14 -0.0245276 0.00922382 0 0 0.947318 -0.320294 0 0
211.984 673.192 2.6475 4.9765 6.04147 600 0 1411 7 14 0.0410125 -0.01789 0 0 0.935477 -0.353386 0 0
202.905 677.25 2.6475 4.9765 6.04147 600 0 1373 7 14 -0.039845 0.0184875 0 0 0.912967 -0.408033 0 0
195.084 681.646 2.6475 4.9765 6.04147 600 0 1335 7 14 0.0483399 -0.01912 0 0 0.967173 -0.25412 0 0
185.688 685.247 2.6475 4.9765 6.04147 600 0 1297 7 14 -0.0472455 0.0265748 0 0 0.924486 -0.381217 0 0
178.447 690.425 2.6475 4.9765 6.04147 600 0 1259 7 14 0.0128447 -0.00142691 0 0 0.999108 0.0422247 0 0
186.867 694.382 2.6475 4.9765 6.04147 600 0 923 7 15 -0.0134234 -0.012398 0 0 0.994725 -0.102579 0 0
195.776 698.031 2.6475 4.9765 6.04147 600 0 961 7 13 0.0111599 0.00459486 0 0 0.999261 -0.0384371 0 0
204.326 701.694 2.6475 4.9765 6.04147 600 0 999 7 13 -0.0093762 -0.00359542 0 0 0.999391 0.0348811 0 0
213.352 704.755 2.6475 4.9765 6.04147 600 0 1037 7 13 0.00754118 0.00249382 0 0 0.999696 -0.0246691 0 0
222.25 707.583 2.6475 4.9765 6.04147 600 0 1075 7 13 -0.00543976 -0.00169578 0 0 0.986957 -0.160981 0 0
231.317 710.347 2.6475 4.9765 6.04147 600 0 1113 7 13 0.00393152 0.00119314 0 0 0.99296 0.11845 0 0
240.297 713.051 2.6475 4.9765 6.04147 600 0 1151 7 13 -0.00235094 -0.000709483 0 0 0.999982 0.00607091 0 0
249.338 715.787 2.6475 4.9765 6.04147 600 0 1189 7 13 0.00155109 0.000472193 0 0 0.997204 -0.0747238 0 0
258.329 718.551 2.6475 4.9765 6.04147 600 0 1227 7 13 -0.000852084 -0.000263585 0 0 0.991972 -0.126459 0 0
267.328 721.373 2.6475 4.9765 6.04147 600 0 1265 7 13 0.000534596 0.000169237 0 0 0.999253 0.0386469 0 0
276.298 724.24 2.6475 4.9765 6.04147 600 0 1303 7 13 -0.000292104 -9.35172e-05 0 0 0.999068 -0.0431748 0 0
285.263 727.151 2.6475 4.9765 6.04147 600 0 1341 7 13 0.000179233 5.85415e-05 0 0 0.996071 -0.0885638 0 0
294.218 730.079 2.6475 4.9765 6.04147 600 0 1379 7 13 -9.32454e-05 -3.06097e-05 0 0 0.978868 -0.204495 0 0
303.181 732.991 2.6475 4.9765 6.04147 600 0 1417 7 13 5.96494e-05 1.83334e-05 0 0 0.994071 -0.10873 0 0
312.166 735.831 2.6475 4.9765 6.04147 600 0 1455 7 13 -2.7775e-05 -1.0424e-05 0 0 0.984765 -0.173893 0 0
321.198 738.521 2.6475 4.9765 6.04147 600 0 1493 7 13 2.13165e-05 2.97792e-06 0 0 0.999246 -0.0388264 0 0
330.3 740.957 2.6475 4.9765 6.04147 600 0 1531 7 13 -7.67309e-06 -6.66288e-06 0 0 0.996442 -0.0842838 0 0
339.497 743.011 2.6475 4.9765 6.04147 600 0 1569 7 13 9.49623e-06 -4.52627e-06 0 0 0.99047 -0.137728 0 0
348.795 744.544 2.6475 4.9765 6.04147 600 0 1607 7 13 -2.46347e-06 -8.42226e-06 0 0 0.996106 -0.0881685 0 0
358.179 745.413 2.6475 4.9765 6.04147 600 0 1645 7 13 5.71821e-06 -8.92533e-06 0 0 0.986669 -0.162741 0 0
367.602 745.523 2.6475 4.9765 6.04147 600 0 1683 7 13 -2.44575e-06 -1.00398e-05 0 0 0.964174 -0.265269 0 0
376.998 744.81 2.6475 4.9765 6.04147 600 0 1721 7 15 4.14871e-06 -1.05042e-05 0 0 0.997971 -0.0636694 0 0
386.301 743.305 2.6475 4.9765 6.04147 600 0 2193 7 13 -3.43847e-06 -8.70823e-06 0 0 0.847751 -0.530394 0 0
395.459 741.085 2.6475 4.9765 6.04147 600 0 2231 7 13 3.07338e-06 -9.07732e-06 0 0 0.798734 -0.601685 0 0
404.453 738.271 2.6475 4.9765 6.04147 600 0 2269 7 13 -2.68098e-06 -5.62943e-06 0 0 0.797702 -0.603052 0 0
413.294 735.009 2.6475 4.9765 6.04147 600 0 2307 7 13 1.00419e-06 -5.32716e-06 0 0 0.745388 -0.666631 0 0
422.009 731.423 2.6475 4.9765 6.04147 600 0 2345 7 13 1.33044e-06 -3.80716e-06 0 0 0.805054 -0.593201 0 0
430.638 727.633 2.6475 4.9765 6.04147 600 0 2383 7 13 -4.30413e-06 7.45291e-09 0 0 0.778665 -0.62744 0 0
439.213 723.725 2.6475 4.9765 6.04147 600 0 2421 7 13 9.52529e-06 -5.27299e-06 0 0 0.753948 -0.656934 0 0
447.764 719.763 2.6475 4.9765 6.04147 600 0 2459 7 13 -1.44046e-05 6.41886e-06 0 0 0.726558 -0.687105 0 0
456.307 715.785 2.6475 4.9765 6.04147 600 0 2497 7 13 2.18797e-05 -1.02019e-05 0 0 0.797369 -0.603492 0 0
464.849 711.806 2.6475 4.9765 6.04147 600 0 2535 7 13 -2.83106e-05 1.31342e-05 0 0 0.72783 -0.685757 0 0
473.391 707.823 2.6475 4.9765 6.04147 600 0 2573 7 13 3.60215e-05 -1.71561e-05 0 0 0.774948 -0.632025 0 0
481.923 703.822 2.6475 4.9765 6.04147 600 0 2611 7 13 -4.17223e-05 1.90527e-05 0 0 0.70653 -0.707683 0 0
490.438 699.784 2.6475 4.9765 6.04147 600 0 2649 7 13 4.7162e-05 -2.3572e-05 0 0 0.756161 -0.654385 0 0
498.925 695.689 2.6475 4.9765 6.04147 600 0 2687 7 13 -4.87571e-05 2.23665e-05 0 0 0.785278 -0.619143 0 0
507.372 691.509 2.6475 4.9765 6.04147 600 0 2725 7 13 5.00443e-05 -2.71111e-05 0 0 0.731494 -0.681848 0 0
515.763 687.22 2.6475 4.9765 6.04147 600 0 2763 7 13 -4.50516e-05 2.11172e-05 0 0 0.760991 -0.648763 0 0
524.09 682.806 2.6475 4.9765 6.04147 600 0 2801 7 13 4.24259e-05 -2.56559e-05 0 0 0.686801 -0.726846 0 0
532.339 678.249 2.6475 4.9765 6.04147 600 0 2839 7 13 -3.28486e-05 9.35413e-06 0 0 0.725184 -0.688556 0 0
540.304 673.21 2.6475 4.9765 6.04147 600 0 2877 7 13 3.40281e-05 -7.18023e-06 0 0 0.746367 -0.665535 0 0
548.621 668.778 2.6475 4.9765 6.04147 600 0 2915 7 13 -5.20674e-05 -8.35803e-05 0 0 0.710777 -0.703418 0 0
553.302 660.597 2.6475 4.9765 6.04147 600 0 2953 7 13 0.000455056 0.000182509 0 0 0.665779 -0.746149 0 0
562.728 660.979 2.6475 4.9765 6.04147 600 0 2991 9 13 0.000474198 -0.000401904 0 0 0.741795 -0.670626 0 0
572.178 660.797 2.6475 4.9765 6.04147 600 0 807 8 10 0.000479191 -0.000268566 0 0 0.741795 -0.670626 0 0
569.155 669.752 2.6475 4.9765 6.04147 600 0 2991 9 14 0.000351532 -0.000312563 0 0 0.741795 -0.670626 0 0
564.386 677.894 2.6475 4.9765 6.04147 600 0 2953 7 14 2.8913e-05 -0.000494472 0 0 0.838988 -0.54415 0 0
555.067 679.324 2.6475 4.9765 6.04147 600 0 2915 7 14 0.00013025 9.34733e-05 0 0 0.834558 -0.55092 0 0
547.992 685.552 2.6475 4.9765 6.04147 600 0 2877 7 14 -2.21721e-05 -3.68265e-05 0 0 0.817827 -0.575464 0 0
539.782 690.182 2.6475 4.9765 6.04147 600 0 2839 7 14 3.54608e-05 -2.00458e-05 0 0 0.811422 -0.58446 0 0
531.571 694.81 2.6475 4.9765 6.04147 600 0 2801 7 14 -1.97616e-05 5.973e-06 0 0 0.874352 -0.485293 0 0
523.25 699.235 2.6475 4.9765 6.04147 600 0 2763 7 14 4.8287e-05 -2.78629e-05 0 0 0.905247 -0.424887 0 0
514.863 703.534 2.6475 4.9765 6.04147 600 0 2725 7 14 -3.82867e-05 1.67948e-05 0 0 0.898249 -0.439486 0 0
506.414 707.708 2.6475 4.9765 6.04147 600 0 2687 7 14 7.36919e-05 -3.72962e-05 0 0 0.897963 -0.440071 0 0
497.926 711.804 2.6475 4.9765 6.04147 600 0 2649 7 14 -8.06512e-05 3.80181e-05 0 0 0.861965 -0.506968 0 0
489.439 715.852 2.6475 4.9765 6.04147 600 0 2611 7 14 0.00165368 -0.000782444 0 0 0.897161 -0.441703 0 0
480.899 719.889 2.6475 4.9765 6.04147 600 0 2573 7 14 -0.00312036 0.00147141 0 0 0.897969 -0.440059 0 0
472.476 723.851 2.6475 4.9765 6.04147 600 0 2535 7 14 0.00882216 -0.00416142 0 0 0.88223 -0.470819 0 0
463.847 727.925 2.6475 4.9765 6.04147 600 0 2497 7 14 -0.0124479 0.00591619 0 0 0.858044 -0.513576 0 0
455.495 731.932 2.6475 4.9765 6.04147 600 0 2459 7 14 0.0122723 -0.00596405 0 0 0.882438 -0.470429 0 0
446.884 736.158 2.6475 4.9765 6.04147 600 0 2421 7 14 -0.0123939 0.00625497 0 0 0.860957 -0.508677 0 0
438.616 740.486 2.6475 4.9765 6.04147 600 0 2383 7 14 0.00747928 -0.00385736 0 0 0.842772 -0.538271 0 0
430.072 744.744 2.6475 4.9765 6.04147 600 0 2345 7 14 -0.00550556 0.00358238 0 0 0.855889 -0.51716 0 0
422.526 750.375 2.6475 4.9765 6.04147 600 0 2307 7 14 0.00265798 -0.00224023 0 0 0.818764 -0.574131 0 0
413.713 753.915 2.6475 4.9765 6.04147 600 0 2269 7 14 -0.000978918 0.00169239 0 0 0.792074 -0.610425 0 0
404.655 756.491 2.6475 4.9765 6.04147 600 0 2231 7 14 0.00177587 7.6898e-05 0 0 0.888671 -0.458546 0 0
411.409 763.06 2.6475 4.9765 6.04147 600 0 1873 7 15 0.00072558 -0.000552648 0 0 0.987226 -0.159326 0 0
415.763 771.467 2.6475 4.9765 6.04147 600 0 1911 7 13 0.00163511 -0.000608831 0 0 0.970541 -0.240937 0 0
424.618 774.791 2.6475 4.9765 6.04147 600 0 1949 7 13 -0.000891702 -0.000343187 0 0 0.975937 -0.218051 0 0
433.532 778.063 2.6475 4.9765 6.04147 600 0 1987 7 13 0.00197689 0.000474489 0 0 0.963066 -0.269265 0 0
442.577 780.738 2.6475 4.9765 6.04147 600 0 2025 7 13 -0.00488099 -0.00136197 0 0 0.972515 -0.232839 0 0
451.845 782.938 2.6475 4.9765 6.04147 600 0 2063 7 13 0.00631167 0.00136029 0 0 0.958955 -0.283557 0 0
461.012 784.862 2.6475 4.9765 6.04147 600 0 2101 7 13 -0.00964657 -0.0016826 0 0 0.936615 -0.350361 0 0
470.492 786.176 2.6475 4.9765 6.04147 600 0 2139 7 13 0.0110409 0.00183759 0 0 0.916105 -0.400938 0 0
479.648 787.929 2.6475 4.9765 6.04147 600 0 2177 7 13 -0.0134921 0.000111674 0 0 0.966334 -0.25729 0 0
489.165 786.319 2.6475 4.9765 6.04147 600 0 2215 7 13 0.0195032 0.00385537 0 0 0.943716 -0.330757 0 0
498.403 786.208 2.6475 4.9765 6.04147 600 0 2253 7 13 -0.0261784 -0.00118219 0 0 0.861108 -0.508422 0 0
508.202 786.167 2.6475 4.9765 6.04147 600 0 2291 7 13 0.0240299 -0.0085635 0 0 0.927364 -0.374159 0 0
517.179 783.946 2.6475 4.9765 6.04147 600 0 2329 7 13 -0.0170636 0.00432812 0 0 0.881635 -0.471933 0 0
526.533 781.546 2.6475 4.9765 6.04147 600 0 2367 7 13 0.0159485 -0.00418811 0 0 0.811807 -0.583926 0 0
535.494 779.132 2.6475 4.9765 6.04147 600 0 2405 7 13 -0.0164842 0.00455149 0 0 0.927608 -0.373555 0 0
544.785 776.513 2.6475 4.9765 6.04147 600 0 2443 7 13 0.016915 -0.00486483 0 0 0.744553 -0.667564 0 0
553.67 773.902 2.6475 4.9765 6.04147 600 0 2481 7 13 -0.0194378 0.00582424 0 0 0.897698 -0.440612 0 0
562.912 771.096 2.6475 4.9765 6.04147 600 0 2519 7 13 0.0176873 -0.0054239 0 0 0.877876 -0.478888 0 0
571.738 768.341 2.6475 4.9765 6.04147 600 0 2557 7 13 -0.0122325 0.00387482 0 0 0.776317 -0.630343 0 0
580.868 765.403 2.6475 4.9765 6.04147 600 0 2595 7 13 0.0116424 -0.00383246 0 0 0.731328 -0.682026 0 0
589.691 762.431 2.6475 4.9765 6.04147 600 0 2633 7 13 -0.0110856 0.00386617 0 0 0.681581 -0.731742 0 0
598.693 759.179 2.6475 4.9765 6.04147 600 0 2671 7 13 0.010228 -0.00385174 0 0 0.744318 -0.667826 0 0
607.357 755.767 2.6475 4.9765 6.04147 600 0 2709 7 13 -0.00966039 0.00397803 0 0 0.688595 -0.725146 0 0
616.143 751.99 2.6475 4.9765 6.04147 600 0 2747 7 13 0.00979068 -0.00450689 0 0 0.740251 -0.672331 0 0
621.249 744.157 2.6475 4.9765 6.04147 600 0 2785 7 13 -0.0014173 0.00326042 0 0 0.692199 -0.721707 0 0
625.476 752.535 2.6475 4.9765 6.04147 600 0 2823 7 13 -0.0035633 -0.000844728 0 0 0.659887 -0.751365 0 0
630.691 744.646 2.6475 4.9765 6.04147 600 0 2861 7 13 0.00169412 -0.000957531 0 0 0.625077 -0.780563 0 0
638.852 739.899 2.6475 4.9765 6.04147 600 0 2899 7 13 -0.000326731 0.000154344 0 0 0.59864 -0.801018 0 0
646.941 734.981 2.6475 4.9765 6.04147 600 0 2937 7 13 0.000313369 -5.14566e-05 0 0 0.545284 -0.838251 0 0
655.322 730.587 2.6475 4.9765 6.04147 600 0 2975 9 13 6.59559e-05 6.66763e-05 0 0 0.482926 -0.875661 0 0
664.576 728.552 2.6475 4.9765 6.04147 0.1 0 2343 8 10 8.58998e-05 -8.64331e-05 0 0 0.755847 -0.654748 0 0
663.353 737.913 2.6475 4.9765 6.04147 600 0 2975 9 14 0.000207552 -5.92553e-05 0 0 0.802685 -0.596403 0 0
658.177 745.799 2.6475 4.9765 6.04147 600 0 2937 7 14 -1.87135e-05 -0.000215053 0 0 0.765812 -0.643065 0 0
650.423 751.165 2.6475 4.9765 6.04147 600 0 2899 7 14 9.57154e-05 -2.09901e-05 0 0 0.756125 -0.654427 0 0
643.489 757.551 2.6475 4.9765 6.04147 600 0 2861 7 14 6.03671e-05 -0.000121421 0 0 0.953723 -0.300687 0 0
634.859 761.34 2.6475 4.9765 6.04147 600 0 2823 7 14 2.18968e-05 3.74855e-05 0 0 0.958226 -0.286011 0 0
627.681 767.444 2.6475 4.9765 6.04147 600 0 2785 7 14 0.000180944 -9.59746e-05 0 0 0.93086 -0.365375 0 0
618.258 767.256 2.6475 4.9765 6.04147 600 0 2747 7 14 -0.000324809 0.0001291 0 0 0.940219 -0.34057 0 0
609.854 771.502 2.6475 4.9765 6.04147 600 0 2709 7 14 0.000681267 -0.000238071 0 0 0.912877 -0.408235 0 0
600.713 773.829 2.6475 4.9765 6.04147 600 0 2671 7 14 -0.00109033 0.000335343 0 0 0.995725 -0.09237 0 0
591.813 776.866 2.6475 4.9765 6.04147 600 0 2633 7 14 0.0016033 -0.000559793 0 0 0.984107 -0.177577 0 0
582.911 780.025 2.6475 4.9765 6.04147 600 0 2595 7 14 -0.0021231 0.000748057 0 0 0.997793 -0.0663952 0 0
574.049 783.13 2.6475 4.9765 6.04147 600 0 2557 7 14 0.00268336 -0.000907706 0 0 0.946238 -0.323472 0 0
565.063 786.083 2.6475 4.9765 6.04147 600 0 2519 7 14 -0.00315125 0.00098726 0 0 0.937385 -0.348294 0 0
556.077 788.773 2.6475 4.9765 6.04147 600 0 2481 7 14 0.00355811 -0.00102904 0 0 0.99897 0.0453678 0 0
546.962 791.328 2.6475 4.9765 6.04147 600 0 2443 7 14 -0.00373584 0.000912277 0 0 0.999888 0.0149811 0 0
537.777 793.221 2.6475 4.9765 6.04147 600 0 2405 7 14 0.00358398 -0.00101736 0 0 0.999754 -0.0221847 0 0
528.884 796.451 2.6475 4.9765 6.04147 600 0 2367 7 14 -0.00333976 0.000402534 0 0 0.999991 -0.00413972 0 0
519.602 795.049 2.6475 4.9765 6.04147 600 0 2329 7 14 0.00305972 -0.000553788 0 0 0.996907 0.0785945 0 0
511.239 799.477 2.6475 4.9765 6.04147 600 0 2291 7 14 -0.00500621 -0.00150126 0 0 0.988602 0.15055 0 0
503.32 794.528 2.6475 4.9765 6.04147 600 0 2253 7 15 0.00183584 0.0183896 0 0 0.986278 0.165092 0 0
493.874 794.348 2.6475 4.9765 6.04147 600 0 2694 7 13 -0.00328173 -0.0110063 0 0 0.99788 0.0650857 0 0
498.618 802.598 2.6475 4.9765 6.04147 600 0 2732 7 13 0.00424433 -0.00171884 0 0 0.906073 0.423122 0 0
504.327 810.109 2.6475 4.9765 6.04147 600 0 2770 7 13 0.000374904 -0.000403331 0 0 0.916838 0.39926 0 0
512.756 814.373 2.6475 4.9765 6.04147 600 0 2808 7 13 -0.000266543 -6.15095e-06 0 0 0.956156 0.292857 0 0
520.652 819.546 2.6475 4.9765 6.04147 600 0 2846 7 13 -0.000548326 -0.000438465 0 0 0.954382 0.298589 0 0
529.435 823.017 2.6475 4.9765 6.04147 600 0 2884 7 13 0.00054334 0.000255743 0 0 0.983342 0.181764 0 0
538.05 826.838 2.6475 4.9765 6.04147 600 0 2922 7 13 -0.00093049 -0.000363737 0 0 0.984859 0.173356 0 0
547.393 825.565 2.6475 4.9765 6.04147 600 0 2960 7 13 8.74405e-05 0.000121569 0 0 0.989084 0.14735 0 0
547.624 834.988 2.6475 4.9765 6.04147 600 0 2998 9 13 0.000886115 0.000280156 0 0 0.960285 0.279019 0 0
553.586 842.317 2.6475 4.9765 6.04147 600 0 344 8 10 0.000534473 0.00038602 0 0 0.980181 0.198102 0 0
544.669 845.446 2.6475 4.9765 6.04147 600 0 2998 9 14 0.000529423 6.08942e-05 0 0 0.960285 0.279019 0 0
535.236 845.249 2.6475 4.9765 6.04147 600 0 2960 7 14 0.000453579 -0.000157345 0 0 0.856053 0.516889 0 0
530.312 837.213 2.6475 4.9765 6.04147 600 0 2922 7 14 2.39116e-05 0.000154663 0 0 0.890952 0.454098 0 0
521.035 835.556 2.6475 4.9765 6.04147 600 0 2884 7 14 1.07511e-05 -2.4532e-05 0 0 0.834243 0.551396 0 0
512.828 830.928 2.6475 4.9765 6.04147 600 0 2846 7 14 4.13023e-05 2.40054e-05 0 0 0.832296 0.554332 0 0
504.529 826.467 2.6475 4.9765 6.04147 600 0 2808 7 14 -8.61989e-06 -6.19272e-06 0 0 0.859478 0.511173 0 0
496.383 821.734 2.6475 4.9765 6.04147 600 0 2770 7 14 3.94575e-05 2.29523e-05 0 0 0.782368 0.622816 0 0
488.264 816.953 2.6475 4.9765 6.04147 600 0 2732 7 14 -1.10869e-05 -6.4177e-06 0 0 0.80661 0.591084 0 0
480.095 812.262 2.6475 4.9765 6.04147 600 0 2732 7 14 3.37795e-05 1.84693e-05 0 0 0.877832 0.478968 0 0
471.801 807.793 2.6475 4.9765 6.04147 600 0 2656 7 14 -9.3042e-06 -5.83514e-06 0 0 0.878121 0.478438 0 0
463.343 803.647 2.6475 4.9765 6.04147 600 0 2101 7 15 2.48156e-05 9.9683e-06 0 0 0.974736 0.22336 0 0
454.713 799.87 2.6475 4.9765 6.04147 600 0 2063 7 14 -3.90923e-06 -3.54941e-06 0 0 0.985536 0.169468 0 0
445.934 796.456 2.6475 4.9765 6.04147 600 0 2025 7 14 1.20717e-05 2.73999e-06 0 0 0.966994 0.254799 0 0
437.042 793.346 2.6475 4.9765 6.04147 600 0 1987 7 14 2.62262e-06 -5.15429e-07 0 0 0.981507 0.191425 0 0
428.077 790.455 2.6475 4.9765 6.04147 600 0 1949 7 14 -6.14657e-07 -1.00109e-06 0 0 0.945197 0.326502 0 0
419.073 787.69 2.6475 4.9765 6.04147 600 0 1911 7 14 7.23223e-06 1.91067e-06 0 0 0.969039 0.246906 0 0
410.055 784.969 2.6475 4.9765 6.04147 600 0 1873 7 14 -9.2809e-06 -2.67754e-06 0 0 0.906275 0.422688 0 0
401.043 782.227 2.6475 4.9765 6.04147 600 0 1835 7 14 8.45703e-06 3.00843e-06 0 0 0.936927 0.349526 0 0
392.05 779.424 2.6475 4.9765 6.04147 600 0 1797 7 14 -1.28973e-05 -3.57321e-06 0 0 0.948915 0.315532 0 0
383.083 776.54 2.6475 4.9765 6.04147 600 0 1759 7 14 6.93681e-06 2.74871e-06 0 0 0.908752 0.417337 0 0
374.141 773.576 2.6475 4.9765 6.04147 600 0 1721 7 14 -1.27974e-05 -3.92338e-06 0 0 0.942679 0.3337 0 0
365.221 770.548 2.6475 4.9765 6.04147 600 0 1683 7 14 4.2738e-06 1.65321e-06 0 0 0.939436 0.342723 0 0
356.314 767.483 2.6475 4.9765 6.04147 600 0 1645 7 14 -1.09803e-05 -3.78788e-06 0 0 0.965133 0.261759 0 0
347.406 764.42 2.6475 4.9765 6.04147 600 0 1607 7 14 1.83721e-06 4.0118e-07 0 0 0.969997 0.243118 0 0
338.48 761.41 2.6475 4.9765 6.04147 600 0 1569 7 14 -9.0063e-06 -3.41516e-06 0 0 0.861466 0.507816 0 0
329.514 758.519 2.6475 4.9765 6.04147 600 0 1531 7 14 3.9674e-07 -5.80472e-07 0 0 0.83252 0.553995 0 0
320.479 755.851 2.6475 4.9765 6.04147 600 0 1493 7 14 -7.81897e-06 -3.20796e-06 0 0 0.880657 0.473754 0 0
311.332 753.601 2.6475 4.9765 6.04147 600 0 1455 7 14 3.38112e-07 -9.1919e-07 0 0 0.906361 0.422505 0 0
302.08 751.824 2.6475 4.9765 6.04147 600 0 1417 7 15 -9.31487e-06 1.97714e-06 0 0 0.939561 0.342381 0 0
293.835 747.267 2.6475 4.9765 6.04147 600 0 1760 7 13 -9.25013e-06 1.54664e-05 0 0 0.927102 0.37481 0 0
294.011 756.686 2.6475 4.9765 6.04147 600 0 1798 7 13 3.41923e-06 1.08184e-05 0 0 0.73388 0.679279 0 0
295.024 766.053 2.6475 4.9765 6.04147 600 0 1836 7 13 1.84492e-05 1.27865e-05 0 0 0.589891 0.807483 0 0
299.174 774.512 2.6475 4.9765 6.04147 600 0 1874 7 13 9.56311e-06 1.69086e-05 0 0 0.690503 0.723329 0 0
303.463 782.902 2.6475 4.9765 6.04147 600 0 1912 7 13 1.72737e-05 1.1131e-05 0 0 0.674658 0.73813 0 0
308.712 790.728 2.6475 4.9765 6.04147 600 0 1950 7 13 1.51096e-05 1.81252e-05 0 0 0.738081 0.674712 0 0
314.132 798.436 2.6475 4.9765 6.04147 600 0 1988 7 13 1.08512e-05 1.37177e-05 0 0 0.765295 0.643679 0 0
319.612 806.104 2.6475 4.9765 6.04147 600 0 2026 7 13 1.62518e-05 2.15988e-05 0 0 0.646555 0.762867 0 0
325.124 813.747 2.6475 4.9765 6.04147 600 0 2064 7 13 1.28501e-05 1.04304e-05 0 0 0.711571 0.702614 0 0
330.828 821.251 2.6475 4.9765 6.04147 600 0 2102 7 13 2.59835e-05 1.96639e-05 0 0 0.76184 0.647765 0 0
336.852 828.5 2.6475 4.9765 6.04147 600 0 2140 7 13 1.75816e-05 4.75799e-06 0 0 0.849869 0.526993 0 0
343.217 835.453 2.6475 4.9765 6.04147 600 0 2178 7 13 3.2237e-05 2.04915e-05 0 0 0.840745 0.541431 0 0
349.848 842.153 2.6475 4.9765 6.04147 600 0 2216 7 13 1.59843e-05 5.16867e-06 0 0 0.791365 0.611344 0 0
356.669 848.661 2.6475 4.9765 6.04147 600 0 2254 7 13 3.45086e-05 2.35743e-05 0 0 0.904645 0.426166 0 0
363.63 855.019 2.6475 4.9765 6.04147 600 0 2292 7 13 1.65003e-05 7.21589e-06 0 0 0.897625 0.44076 0 0
370.703 861.255 2.6475 4.9765 6.04147 600 0 2330 7 13 3.52297e-05 2.33957e-05 0 0 0.922223 0.386657 0 0
377.871 867.38 2.6475 4.9765 6.04147 600 0 2368 7 13 2.26416e-05 1.14458e-05 0 0 0.903603 0.428371 0 0
385.133 873.397 2.6475 4.9765 6.04147 600 0 2406 7 13 3.186e-05 1.72585e-05 0 0 0.925967 0.377604 0 0
392.493 879.294 2.6475 4.9765 6.04147 600 0 2444 7 13 3.82499e-05 1.94665e-05 0 0 0.96365 0.267167 0 0
399.961 885.056 2.6475 4.9765 6.04147 600 0 2482 7 13 2.03064e-05 2.42643e-06 0 0 0.922151 0.386829 0 0
407.551 890.657 2.6475 4.9765 6.04147 600 0 2520 7 13 6.8707e-05 3.33298e-05 0 0 0.946597 0.32242 0 0
415.277 896.069 2.6475 4.9765 6.04147 600 0 2558 7 13 -7.15491e-06 -2.33504e-05 0 0 0.972336 0.233585 0 0
423.151 901.268 2.6475 4.9765 6.04147 600 0 2596 7 13 0.000123021 5.73104e-05 0 0 0.953742 0.300626 0 0
431.173 906.233 2.6475 4.9765 6.04147 600 0 2634 7 13 -6.724e-05 -6.2238e-05 0 0 0.975193 0.221355 0 0
440.598 905.895 2.6475 4.9765 6.04147 600 0 2672 7 13 0.000121841 4.45299e-05 0 0 0.981222 0.192882 0 0
436.198 914.215 2.6475 4.9765 6.04147 600 0 2710 7 13 0.000139143 3.51338e-05 0 0 0.987729 0.156178 0 0
445.623 913.874 2.6475 4.9765 6.04147 600 0 2748 7 13 -8.18885e-05 -7.3735e-05 0 0 0.962278 0.272067 0 0
454.273 917.658 2.6475 4.9765 6.04147 600 0 2786 7 13 0.000161737 3.50268e-05 0 0 0.991436 0.130593 0 0
463.052 921.13 2.6475 4.9765 6.04147 600 0 2824 7 13 -5.38984e-06 -3.23998e-05 0 0 0.999349 0.0360895 0 0
471.938 924.328 2.6475 4.9765 6.04147 600 0 2862 7 13 0.000110302 1.09824e-05 0 0 0.999338 0.0363907 0 0
480.907 927.285 2.6475 4.9765 6.04147 600 0 2900 7 13 5.87948e-05 -7.44246e-05 0 0 0.998907 0.0467479 0 0
490.097 929.472 2.6475 4.9765 6.04147 600 0 2938 7 13 3.2021e-05 0.000242346 0 0 0.999238 -0.0390367 0 0
498.678 933.428 2.6475 4.9765 6.04147 600 0 2976 9 13 0.000115554 1.09577e-05 0 0 0.995742 0.092182 0 0
505.141 940.333 2.6475 4.9765 6.04147 600 0 1278 8 10 0.000123785 1.16391e-05 0 0 0.996342 0.085458 0 0
496.451 944.059 2.6475 4.9765 6.04147 600 0 2976 9 14 0.000140779 1.1595e-05 0 0 0.945248 0.326353 0 0
487.006 943.832 2.6475 4.9765 6.04147 600 0 2938 7 14 0.000110042 -0.000257235 0 0 0.953967 0.299911 0 0
477.944 941.173 2.6475 4.9765 6.04147 600 0 2900 7 14 8.92031e-05 2.66285e-05 0 0 0.894203 0.447663 0 0
468.883 938.514 2.6475 4.9765 6.04147 600 0 2862 7 14 4.3694e-06 -5.31381e-06 0 0 0.91237 0.409367 0 0
459.842 935.793 2.6475 4.9765 6.04147 600 0 2824 7 14 0.000120224 1.10239e-05 0 0 0.9193 0.393557 0 0
450.889 932.796 2.6475 4.9765 6.04147 600 0 2786 7 14 -1.45892e-05 -4.57668e-05 0 0 0.828227 0.560392 0 0
442.091 929.38 2.6475 4.9765 6.04147 600 0 2748 7 14 0.00014583 3.40689e-06 0 0 0.821004 0.570923 0 0
433.563 925.333 2.6475 4.9765 6.04147 600 0 2710 7 14 -2.60573e-05 -7.80227e-05 0 0 0.827384 0.561637 0 0
425.388 920.619 2.6475 4.9765 6.04147 600 0 2672 7 14 0.000139804 3.62012e-05 0 0 0.801659 0.597782 0 0
417.53 915.394 2.6475 4.9765 6.04147 600 0 2634 7 14 -5.36462e-05 -5.12815e-05 0 0 0.852039 0.523478 0 0
409.775 910.019 2.6475 4.9765 6.04147 600 0 2596 7 14 0.000109375 7.11164e-05 0 0 0.739019 0.673685 0 0
402.058 904.59 2.6475 4.9765 6.04147 600 0 2558 7 14 -4.8653e-05 -4.32259e-05 0 0 0.756106 0.654449 0 0
394.409 899.069 2.6475 4.9765 6.04147 600 0 2520 7 14 9.43623e-05 5.56124e-05 0 0 0.754672 0.656103 0 0
386.871 893.395 2.6475 4.9765 6.04147 600 0 2482 7 14 -2.72806e-05 -3.70412e-05 0 0 0.764905 0.644144 0 0
379.474 887.542 2.6475 4.9765 6.04147 600 0 2444 7 14 6.98247e-05 4.09414e-05 0 0 0.620018 0.784588 0 0
372.22 881.513 2.6475 4.9765 6.04147 600 0 2406 7 14 -9.09953e-06 -2.16858e-05 0 0 0.580604 0.814186 0 0
365.103 875.324 2.6475 4.9765 6.04147 600 0 2368 7 14 4.59579e-05 2.81041e-05 0 0 0.634096 0.773254 0 0
358.114 868.99 2.6475 4.9765 6.04147 600 0 2330 7 14 4.32158e-06 -7.8708e-06 0 0 0.54536 0.838202 0 0
351.254 862.518 2.6475 4.9765 6.04147 600 0 2292 7 14 2.99127e-05 1.69489e-05 0 0 0.597988 0.801505 0 0
344.527 855.909 2.6475 4.9765 6.04147 600 0 2254 7 14 1.24611e-05 4.89035e-07 0 0 0.500828 0.865547 0 0
337.943 849.158 2.6475 4.9765 6.04147 600 0 2216 7 14 2.11343e-05 9.43787e-06 0 0 0.542047 0.840348 0 0
331.515 842.259 2.6475 4.9765 6.04147 600 0 2178 7 14 1.61648e-05 3.99227e-06 0 0 0.567742 0.823207 0 0
325.265 835.199 2.6475 4.9765 6.04147 600 0 2140 7 14 1.71651e-05 5.25349e-06 0 0 0.555644 0.83142 0 0
319.209 827.971 2.6475 4.9765 6.04147 600 0 2102 7 14 1.48409e-05 6.49919e-06 0 0 0.433096 0.901348 0 0
313.313 820.614 2.6475 4.9765 6.04147 600 0 2064 7 14 1.14178e-05 6.64286e-06 0 0 0.50504 0.863096 0 0
307.528 813.169 2.6475 4.9765 6.04147 600 0 2026 7 14 1.04171e-05 9.09716e-06 0 0 0.44758 0.894244 0 0
301.808 805.674 2.6475 4.9765 6.04147 600 0 1988 7 14 7.24915e-06 8.39171e-06 0 0 0.465165 0.885224 0 0
296.105 798.167 2.6475 4.9765 6.04147 600 0 1950 7 14 6.47895e-06 1.06209e-05 0 0 0.346706 0.937974 0 0
290.369 790.685 2.6475 4.9765 6.04147 600 0 1912 7 14 3.66375e-06 1.03207e-05 0 0 0.391496 0.92018 0 0
284.54 783.276 2.6475 4.9765 6.04147 600 0 1874 7 14 2.77092e-06 1.21137e-05 0 0 0.340206 0.940351 0 0
278.56 775.988 2.6475 4.9765 6.04147 600 0 1836 7 14 4.80027e-07 1.22948e-05 0 0 0.422275 0.906468 0 0
272.366 768.882 2.6475 4.9765 6.04147 600 0 1798 7 14 -3.25011e-07 1.35997e-05 0 0 0.350709 0.936484 0 0
265.904 762.02 2.6475 4.9765 6.04147 600 0 1760 7 14 -1.83234e-06 1.3901e-05 0 0 0.700045 0.714099 0 0
259.125 755.469 2.6475 4.9765 6.04147 600 0 1722 7 14 -2.29437e-06 1.46639e-05 0 0 0.736688 0.676232 0 0
251.999 749.299 2.6475 4.9765 6.04147 600 0 1265 7 15 -2.87846e-06 1.46137e-05 0 0 0.938862 0.344294 0 0
244.516 743.568 2.6475 4.9765 6.04147 600 0 1227 7 14 -2.79568e-06 1.46132e-05 0 0 0.839748 0.542977 0 0
236.683 738.325 2.6475 4.9765 6.04147 600 0 1189 7 14 -2.65159e-06 1.39342e-05 0 0 0.875023 0.484082 0 0
228.531 733.593 2.6475 4.9765 6.04147 600 0 1151 7 14 -2.29417e-06 1.3348e-05 0 0 0.915329 0.402708 0 0
220.094 729.39 2.6475 4.9765 6.04147 600 0 1113 7 14 -1.88237e-06 1.22446e-05 0 0 0.819297 0.57337 0 0
211.42 725.702 2.6475 4.9765 6.04147 600 0 1075 7 14 -1.41809e-06 1.11792e-05 0 0 0.871906 0.489673 0 0
202.553 722.506 2.6475 4.9765 6.04147 600 0 1037 7 14 -1.09185e-06 1.01587e-05 0 0 0.900954 0.433915 0 0
193.532 719.775 2.6475 4.9765 6.04147 600 0 999 7 14 -7.82741e-07 9.23277e-06 0 0 0.847668 0.530527 0 0
184.391 717.477 2.6475 4.9765 6.04147 600 0 961 7 14 -5.84656e-07 8.50795e-06 0 0 0.891665 0.452695 0 0
175.157 715.59 2.6475 4.9765 6.04147 600 0 923 7 14 -4.08863e-07 7.90579e-06 0 0 0.933 0.359875 0 0
165.851 714.09 2.6475 4.9765 6.04147 600 0 885 7 14 -2.69524e-07 7.36674e-06 0 0 0.944289 0.329116 0 0
156.495 712.957 2.6475 4.9765 6.04147 600 0 847 7 14 -1.20397e-07 6.76069e-06 0 0 0.914728 0.40407 0 0
147.103 712.163 2.6475 4.9765 6.04147 600 0 809 7 14 2.76934e-08 5.90777e-06 0 0 0.933565 0.358409 0 0
137.691 711.667 2.6475 4.9765 6.04147 600 0 771 7 14 1.52494e-07 5.33246e-06 0 0 0.964619 0.263646 0 0
128.268 711.442 2.6475 4.9765 6.04147 600 0 733 7 14 1.17978e-07 1.05249e-05 0 0 0.974373 0.224938 0 0
118.848 711.753 2.6475 4.9765 6.04147 600 0 695 7 14 -1.9955e-07 -2.38315e-06 0 0 0.971807 0.235777 0 0
114.111 703.609 2.6475 4.9765 6.04147 600 0 657 7 14 -3.30527e-06 -5.90487e-07 0 0 0.999985 0.00541996 0 0
109.423 711.781 2.6475 4.9765 6.04147 0.1 0 0 7 15 -8.69219e-08 1.25408e-06 0 0 5.26596e-310 5.26596e-310 0 0
100 712 2.6475 4.9765 6.04147 0.1 0 0 7 7 0.00018854 -0.0266779 0 0 5.26596e-310 5.26596e-310 0 0
100 721 2.6475 4.9765 6.04147 0.1 0 0 7 7 -0 -0 0 0 1.16896e-320 0 0 0
100 730 2.6475 4.9765 6.04147 0.1 0 0 7 7 -0 -0 0 0 3.81959e-312 3.22543e-311 0 0
100 739 2.6475 4.9765 6.04147 0.1 0 0 7 7 -0 -0 0 0 6.88233e-321 5.26596e-310 0 0
100 748 2.6475 4.9765 6.04147 0.1 0 0 7 7 -0 -0 0 0 0 5.26596e-310 0 0
100 757 2.6475 4.9765 6.04147 0.1 0 0 7 7 -0 -0 0 0 1.17094e-320 0 0 0
100 766 2.6475 4.9765 6.04147 0.1 0 0 7 7 -0 -0 0 0 5.26596e-310 5.03125e-311 0 0
100 775 2.6475 4.9765 6.04147 0.1 0 0 7 7 -0 -0 0 0 3.21143e-322 5.26596e-310 0 0
100 784 2.6475 4.9765 6.04147 0.1 0 0 7 7 -0 -0 0 0 2.53456e-321 3.16202e-322 0 0
100 793 2.6475 4.9765 6.04147 0.1 0 0 7 7 -0 -0 0 0 5.32833e-311 0 0 0
100 802 2.6475 4.9765 6.04147 0.1 0 0 7 7 -0 0.0266735 0 0 5.26596e-310 5.05459e-311 0 0
