591.798 455.988 5.295 9.953 12.0829 0.1 0 75 3 1 -6.5103e-10 -4.69344e-10 0 0 0 0 0 0
597.212 416.765 5.295 9.953 12.0829 0.1 0 161 3 1 2.69541e-11 -8.15975e-10 0 0 4.94066e-324 1.25562e-314 0 0
596.555 436.66 5.295 9.953 12.0829 0.1 0 94 3 1 -1.38516e-11 -6.12529e-10 0 0 4.94066e-324 1.25562e-314 0 0
614.609 428.276 5.295 9.953 12.0829 0.1 0 90 3 1 1.96633e-10 -5.08348e-10 0 0 4.94066e-324 1.25562e-314 0 0
624.345 445.639 5.295 9.953 12.0829 0.1 0 67 3 1 1.43487e-10 -3.18812e-10 0 0 4.94066e-324 1.25562e-314 0 0
611.171 460.561 5.295 9.953 12.0829 0.1 0 52 3 1 -4.48818e-10 -5.26262e-10 0 0 1.11171e-315 6.9212e-310 0 0
639.123 432.302 5.295 9.953 12.0829 0.1 0 75 3 1 3.53369e-10 -3.18921e-10 0 0 4.94066e-324 1.25562e-314 0 0
643.082 452.361 5.295 9.953 12.0829 0.1 0 49 3 1 2.54332e-10 -1.83889e-10 0 0 0 0 0 0
661.112 428.823 5.295 9.953 12.0829 0.1 0 90 3 1 -1.44604e-10 -1.01371e-10 0 0 4.94066e-324 1.25562e-314 0 0
677.411 440.249 5.295 9.953 12.0829 0.1 0 77 3 1 4.63297e-10 -8.03278e-10 0 0 4.94066e-324 1.25562e-314 0 0
662.941 453.918 5.295 9.953 12.0829 0.1 0 51 3 1 1.73886e-10 -7.34725e-10 0 0 0 0 0 0
697.313 440.64 5.295 9.953 12.0829 0.1 0 110 3 1 6.26e-10 1.22912e-11 0 0 4.94066e-324 1.25562e-314 0 0
685.204 458.968 5.295 9.953 12.0829 0.1 0 64 3 1 8.98414e-12 -9.27738e-12 0 0 0 0 0 0
587.932 475.515 5.295 9.953 12.0829 0.1 0 65 3 1 -1.14279e-09 -2.43212e-10 0 0 4.65695e-310 3.16202e-322 0 0
607.305 480.088 5.295 9.953 12.0829 0.1 0 44 3 1 -8.61079e-10 -3.47389e-10 0 0 4.65695e-310 3.16202e-322 0 0
651.664 470.321 5.295 9.953 12.0829 0.1 0 36 3 1 4.79728e-10 -1.39304e-10 0 0 4.94066e-324 1.25562e-314 0 0
629.643 467.98 5.295 9.953 12.0829 0.1 0 38 3 1 -5.3217e-11 -1.0156e-09 0 0 4.94066e-324 4.65806e-310 0 0
671.356 473.268 5.295 9.953 12.0829 0.1 0 41 3 1 -8.98414e-12 9.27738e-12 0 0 8.74496e-322 4.65695e-310 0 0
704.067 465.381 5.295 9.953 12.0829 0.1 0 82 3 1 3.25244e-10 -7.14774e-10 0 0 4.94066e-324 1.25562e-314 0 0
695.823 483.5 5.295 9.953 12.0829 0.1 0 65 3 1 7.42931e-10 -3.03874e-10 0 0 4.73629e-311 4.74266e-311 0 0
583.535 494.929 5.295 9.953 12.0829 0.1 0 66 3 2 -5.78607e-10 2.07681e-10 0 0 4.65695e-310 0 0 0
602.39 501.311 5.295 9.953 12.0829 0.1 0 43 3 1 -6.88833e-10 1.49852e-09 0 0 4.94066e-324 1.25562e-314 0 0
621.079 494.458 5.295 9.953 12.0829 0.1 0 34 3 1 -8.08355e-10 1.0816e-10 0 0 4.94066e-324 4.65806e-310 0 0
638.905 485.6 5.295 9.953 12.0829 0.1 1 1620 0 0 -4.79552e-10 -4.84957e-10 0 0 4.94066e-324 1.25562e-314 0 0
645.306 504.556 5.295 9.953 12.0829 0.1 1 648 0 0 1.93306e-10 -4.89183e-10 0 0 4.65695e-310 4.65695e-310 0 0
658.515 489.011 5.295 9.953 12.0829 0.1 1 941 0 0 -7.59451e-11 1.9148e-10 0 0 4.94066e-324 1.25562e-314 0 0
664.933 507.881 5.295 9.953 12.0829 0.1 1 1140 0 0 2.1984e-10 -4.15558e-10 0 0 5.30711e-311 5.31136e-311 0 0
678.101 492.564 5.295 9.953 12.0829 0.1 1 2177 0 0 4.9658e-10 -3.70906e-11 0 0 4.94066e-324 1.25562e-314 0 0
715.728 483.301 5.295 9.953 12.0829 0.1 0 91 3 1 9.63568e-10 -2.53627e-10 0 0 4.94066e-324 1.25562e-314 0 0
713.956 503.128 5.295 9.953 12.0829 0.1 0 98 3 1 1.083e-09 -1.30184e-10 0 0 4.94066e-324 1.25562e-314 0 0
720.417 521.956 5.295 9.953 12.0829 0.1 0 105 3 1 2.6227e-10 2.8561e-10 0 0 4.65695e-310 4.65695e-310 0 0
550.272 516.801 5.295 9.953 12.0829 0.1 0 157 3 1 -9.801e-10 6.32864e-10 0 0 4.94066e-324 1.25562e-314 0 0
566.995 506.003 5.295 9.953 12.0829 0.1 0 91 3 1 -1.08736e-09 1.56463e-11 0 0 4.94066e-324 1.25562e-314 0 0
581.359 519.784 5.295 9.953 12.0829 0.1 0 79 3 1 -9.20569e-10 1.00733e-10 0 0 4.94066e-324 1.25562e-314 0 0
601.031 522.827 5.295 9.953 12.0829 0.1 0 51 3 1 -8.30211e-10 1.25311e-09 0 0 4.94066e-324 1.25562e-314 0 0
583.94 539.522 5.295 9.953 12.0829 0.1 0 73 3 1 -1.59778e-10 8.15158e-11 0 0 0 4.65695e-310 0 0
618.996 514.254 5.295 9.953 12.0829 0.1 0 40 3 1 -7.78168e-10 5.43168e-10 0 0 4.94066e-324 1.25562e-314 0 0
620.551 534.099 5.295 9.953 12.0829 0.1 0 46 3 1 3.27073e-10 6.61395e-10 0 0 3.21143e-322 4.65695e-310 0 0
637.038 522.664 5.295 9.953 12.0829 0.1 1 1393 0 0 6.31951e-11 -3.66453e-10 0 0 4.94066e-324 1.25562e-314 0 0
643.955 541.329 5.295 9.953 12.0829 0.1 0 42 3 1 1.98176e-10 -8.51069e-11 0 0 4.65695e-310 5.02276e-311 0 0
656.664 525.988 5.295 9.953 12.0829 0.1 1 1828 0 0 3.26282e-10 -1.97619e-10 0 0 4.65695e-310 4.65695e-310 0 0
694.092 504.418 5.295 9.953 12.0829 0.1 0 54 3 1 8.5334e-10 1.81868e-10 0 0 4.94066e-324 1.25562e-314 0 0
680.643 520.736 5.295 9.953 12.0829 0.1 0 52 3 1 -0 -0 0 0 4.94066e-324 1.25562e-314 0 0
700.553 523.246 5.295 9.953 12.0829 0.1 0 68 3 1 2.00949e-10 7.46424e-10 0 0 6.9211e-310 4.65695e-310 0 0
603.32 544.066 5.295 9.953 12.0829 0.1 0 64 3 1 -8.74816e-11 1.93522e-10 0 0 4.94066e-324 1.25562e-314 0 0
591.335 561.678 5.295 9.953 12.0829 0.1 0 91 3 1 -3.2347e-10 5.15477e-11 0 0 4.94066e-324 1.25562e-314 0 0
572.342 555.719 5.295 9.953 12.0829 0.1 0 121 3 1 -4.24192e-10 -1.33102e-10 0 0 4.65695e-310 4.65695e-310 0 0
611.123 563.837 5.295 9.953 12.0829 0.1 0 76 3 1 -1.49605e-10 2.73278e-10 0 0 4.94066e-324 1.25562e-314 0 0
608.825 583.61 5.295 9.953 12.0829 0.1 0 122 3 1 -5.06926e-11 4.36223e-10 0 0 4.65695e-310 5.3538e-311 0 0
627.718 552.844 5.295 9.953 12.0829 0.1 0 56 3 1 -7.42069e-12 4.96081e-11 0 0 4.94066e-324 1.25562e-314 0 0
671.989 538.691 5.295 9.953 12.0829 0.1 0 48 3 1 2.99524e-10 2.53344e-10 0 0 4.94066e-324 1.25562e-314 0 0
659.29 554.02 5.295 9.953 12.0829 0.1 0 57 3 1 2.97689e-10 2.75979e-10 0 0 4.94066e-324 1.25562e-314 0 0
656.002 576.79 5.295 9.953 12.0829 0.1 0 89 3 1 -0 -0 0 0 4.94066e-324 1.25562e-314 0 0
692.635 580.356 5.295 9.953 12.0829 0.1 0 126 3 1 4.5768e-11 -1.46449e-11 0 0 4.94066e-324 1.25562e-314 0 0
673.676 586.422 5.295 9.953 12.0829 0.1 0 110 3 1 2.16003e-10 6.80946e-10 0 0 4.94066e-324 1.25562e-314 0 0
663.93 603.779 5.295 9.953 12.0829 0.1 0 171 3 1 -3.30193e-10 5.88001e-10 0 0 4.65695e-310 0 0 0
705.382 542.557 5.295 9.953 12.0829 0.1 0 90 3 1 1.11907e-09 7.73911e-10 0 0 4.94066e-324 1.25562e-314 0 0
687.459 551.217 5.295 9.953 12.0829 0.1 0 74 3 1 6.13014e-10 2.25989e-10 0 0 4.94066e-324 1.25562e-314 0 0
674.76 566.546 5.295 9.953 12.0829 0.1 0 78 3 1 5.11412e-10 4.42319e-10 0 0 4.65695e-310 0 0 0
80 235 2.6475 4.9765 6.04147 0.1 0 0 7 7 -0 -0.0266735 0 0 1.63042e-322 7.11455e-322 0 0
80 244 2.6475 4.9765 6.04147 0.1 0 0 7 7 -0 -0 0 0 0 0 0 0
80 253 2.6475 4.9765 6.04147 0.1 0 0 7 7 -0 -0 0 0 0 0 0 0
80 262 2.6475 4.9765 6.04147 0.1 0 0 7 7 -0 -0 0 0 0 0 0 0
80 271 2.6475 4.9765 6.04147 0.1 0 0 7 7 -0 -0 0 0 0 0 0 0
80 280 2.6475 4.9765 6.04147 0.1 0 0 7 7 -0 -0 0 0 0 0 0 0
80 289 2.6475 4.9765 6.04147 0.1 0 0 7 7 -0 -0 0 0 0 0 0 0
80 298 2.6475 4.9765 6.04147 0.1 0 0 7 7 -0 -0 0 0 0 0 0 0
80 307 2.6475 4.9765 6.04147 0.1 0 0 7 7 -0 -0 0 0 0 0 0 0
80 316 2.6475 4.9765 6.04147 0.1 0 0 7 7 -0 -0 0 0 0 0 0 0
80 325 2.6475 4.9765 6.04147 0.1 0 0 7 7 -0 -0 0 0 0 0 0 0
80 334 2.6475 4.9765 6.04147 0.1 0 0 7 7 -0 -0 0 0 0 0 0 0
80 343 2.6475 4.9765 6.04147 0.1 0 0 7 7 -0 -0 0 0 0 0 0 0
80 352 2.6475 4.9765 6.04147 0.1 0 0 7 7 -0 -0 0 0 0 0 0 0
80 361 2.6475 4.9765 6.04147 0.1 0 0 7 7 -0 -0 0 0 0 0 0 0
80 370 2.6475 4.9765 6.04147 0.1 0 0 7 7 -0 -0 0 0 0 0 0 0
80 379 2.6475 4.9765 6.04147 0.1 0 0 7 7 -0 -0 0 0 0 0 0 0
80 388 2.6475 4.9765 6.04147 0.1 0 0 7 7 -0 -0 0 0 0 0 0 0
80 397 2.6475 4.9765 6.04147 0.1 0 0 7 7 -0 -0 0 0 0 0 0 0
80 406 2.6475 4.9765 6.04147 0.1 0 0 7 7 -0 -0 0 0 4.65695e-310 6.32404e-322 0 0
80 415 2.6475 4.9765 6.04147 0.1 0 0 7 7 -0 -0 0 0 4.65695e-310 4.65806e-310 0 0
80 424 2.6475 4.9765 6.04147 0.1 0 0 7 7 -0 -0 0 0 4.65695e-310 4.65695e-310 0 0
80 433 2.6475 4.9765 6.04147 0.1 0 0 7 7 -0 -0 0 0 4.74303e-322 4.65806e-310 0 0
80 442 2.6475 4.9765 6.04147 0.1 0 0 7 7 -0 -0 0 0 0 0 0 0
80 451 2.6475 4.9765 6.04147 0.1 0 0 7 7 -0 -0 0 0 0 4.98018e-321 0 0
80 460 2.6475 4.9765 6.04147 0.1 0 0 7 7 -0 -0 0 0 4.65695e-310 6.32404e-322 0 0
80 469 2.6475 4.9765 6.04147 0.1 0 0 7 7 -0 -0 0 0 4.65695e-310 4.65695e-310 0 0
80 478 2.6475 4.9765 6.04147 0.1 0 0 7 7 -0 -0 0 0 4.65695e-310 4.65695e-310 0 0
80 487 2.6475 4.9765 6.04147 0.1 0 0 7 7 -0 -0 0 0 2.37152e-322 4.65806e-310 0 0
80 496 2.6475 4.9765 6.04147 0.1 0 0 7 7 -0 -0 0 0 4.65695e-310 4.65695e-310 0 0
80 505 2.6475 4.9765 6.04147 0.1 0 0 7 7 -0 -0 0 0 4.65695e-310 4.65695e-310 0 0
80 514 2.6475 4.9765 6.04147 0.1 0 0 7 7 -0 -0 0 0 6.77129e-311 4.65695e-310 0 0
80 523 2.6475 4.9765 6.04147 0.1 0 0 7 7 -0 -0 0 0 4.65695e-310 0 0 0
80 532 2.6475 4.9765 6.04147 0.1 0 0 7 7 -0 -0 0 0 2.37152e-322 4.65806e-310 0 0
80 541 2.6475 4.9765 6.04147 0.1 0 0 7 7 -0 -0 0 0 4.65695e-310 6.32404e-322 0 0
80 550 2.6475 4.9765 6.04147 0.1 0 0 7 7 -0 -0 0 0 1.63042e-322 4.65695e-310 0 0
80 559 2.6475 4.9765 6.04147 0.1 0 0 7 7 -0 -0 0 0 4.74303e-322 4.65806e-310 0 0
80 568 2.6475 4.9765 6.04147 0.1 0 0 7 7 -0 -0 0 0 0 4.65695e-310 0 0
80 577 2.6475 4.9765 6.04147 0.1 0 0 7 7 -0 -0 0 0 4.65695e-310 5.81002e-311 0 0
80 586 2.6475 4.9765 6.04147 0.1 0 0 7 7 -0 -0 0 0 0 4.65695e-310 0 0
80 595 2.6475 4.9765 6.04147 0.1 0 0 7 7 -0 -0 0 0 4.65695e-310 0 0 0
80 604 2.6475 4.9765 6.04147 0.1 0 0 7 7 -0 -0 0 0 4.74303e-322 4.65806e-310 0 0
80 613 2.6475 4.9765 6.04147 0.1 0 0 7 7 -0 -0 0 0 1.02301e-310 4.65695e-310 0 0
80 622 2.6475 4.9765 6.04147 0.1 0 0 7 7 -0 -0 0 0 0 4.65695e-310 0 0
80 631 2.6475 4.9765 6.04147 0.1 0 0 7 7 -0 -0 0 0 4.65695e-310 1.58101e-322 0 0
80 640 2.6475 4.9765 6.04147 0.1 0 0 7 7 -0 -0 0 0 2.19662e-320 1.02766e-321 0 0
80 649 2.6475 4.9765 6.04147 0.1 0 0 7 7 -0 -0 0 0 6.37345e-322 4.65695e-310 0 0
80 658 2.6475 4.9765 6.04147 0.1 0 0 7 7 -0 -0 0 0 4.65695e-310 4.65695e-310 0 0
80 667 2.6475 4.9765 6.04147 0.1 0 0 7 7 -0 -0 0 0 1.58101e-322 4.65806e-310 0 0
80 676 2.6475 4.9765 6.04147 0.1 0 0 7 7 -0 -0 0 0 1.90215e-321 4.65695e-310 0 0
80 685 2.6475 4.9765 6.04147 0.1 0 0 7 7 -0 -0 0 0 6.92121e-310 1.58101e-322 0 0
80 694 2.6475 4.9765 6.04147 0.1 0 0 7 7 -0 -0 0 0 1.63042e-322 4.65695e-310 0 0
80 703 2.6475 4.9765 6.04147 0.1 0 0 7 7 -0 -0 0 0 4.65695e-310 4.65695e-310 0 0
80 712 2.6475 4.9765 6.04147 0.1 0 0 7 7 -0 -0 0 0 4.37131e-311 4.37768e-311 0 0
80 721 2.6475 4.9765 6.04147 0.1 0 0 7 7 -0 -0 0 0 4.65695e-310 7.79833e-311 0 0
80 730 2.6475 4.9765 6.04147 0.1 0 0 7 7 -0 -0 0 0 2.42092e-322 4.65695e-310 0 0
80 739 2.6475 4.9765 6.04147 0.1 0 0 7 7 -0 -0 0 0 0 2.37152e-321 0 0
80 748 2.6475 4.9765 6.04147 0.1 0 0 7 7 -0 -0 0 0 7.21054e-311 8.66199e-311 0 0
80 757 2.6475 4.9765 6.04147 0.1 0 0 7 7 -0 -0 0 0 2.37152e-322 4.65806e-310 0 0
80 766 2.6475 4.9765 6.04147 0.1 0 0 7 7 -0 -0 0 0 0 2.37152e-322 0 0
80 775 2.6475 4.9765 6.04147 0.1 0 0 7 7 -0 0.0266735 0 0 6.9211e-310 4.65695e-310 0 0
100 208 2.6475 4.9765 6.04147 0.1 0 0 7 7 -0 -0.0266735 0 0 4.79244e-322 4.65695e-310 0 0
100 217 2.6475 4.9765 6.04147 0.1 0 0 7 7 -0 -0 0 0 0 2.37152e-322 0 0
100 226 2.6475 4.9765 6.04147 0.1 0 0 7 7 -0 -0 0 0 4.65695e-310 7.90019e-311 0 0
100 235 2.6475 4.9765 6.04147 0.1 0 0 7 7 -0 -0 0 0 5.89915e-311 5.90551e-311 0 0
100 244 2.6475 4.9765 6.04147 0.1 0 0 7 7 -0 -0 0 0 2.37152e-322 4.65806e-310 0 0
100 253 2.6475 4.9765 6.04147 0.1 0 0 7 7 -0 -0 0 0 4.65695e-310 2.13436e-321 0 0
100 262 2.6475 4.9765 6.04147 0.1 0 0 7 7 -0 -0 0 0 4.65695e-310 4.65695e-310 0 0
100 271 2.6475 4.9765 6.04147 0.1 0 0 7 7 -0 -0 0 0 1.665e-321 4.65695e-310 0 0
100 280 2.6475 4.9765 6.04147 0.1 0 0 7 7 -0 -0 0 0 6.9211e-310 4.65695e-310 0 0
100 289 2.6475 4.9765 6.04147 0.1 0 0 7 7 -0 -0 0 0 4.65695e-310 0 0 0
100 298 2.6475 4.9765 6.04147 0.1 0 0 7 7 0.000661797 0.0267601 0 0 4.65695e-310 7.11455e-322 0 0
109.358 299.223 2.6475 4.9765 6.04147 0.1 0 0 7 15 2.28999e-05 -1.78585e-05 0 0 5.97554e-311 5.97978e-311 0 0
118.749 300.164 2.6475 4.9765 6.04147 600 0 678 7 13 5.38628e-05 -4.80011e-05 0 0 0.999167 -0.0408176 0 0
128.184 300.427 2.6475 4.9765 6.04147 600 0 716 7 13 5.86366e-05 -7.01588e-05 0 0 0.994191 -0.107634 0 0
137.607 299.841 2.6475 4.9765 6.04147 600 0 754 7 13 7.90339e-05 -9.93985e-05 0 0 0.986595 -0.163186 0 0
146.915 298.259 2.6475 4.9765 6.04147 600 0 792 7 15 6.38327e-05 -0.000110571 0 0 0.982629 -0.18558 0 0
156.019 295.746 2.6475 4.9765 6.04147 600 0 1249 7 13 7.09305e-05 -0.00011669 0 0 0.782111 -0.62314 0 0
164.872 292.453 2.6475 4.9765 6.04147 600 0 1287 7 13 4.60659e-05 -0.000105578 0 0 0.673168 -0.73949 0 0
173.47 288.535 2.6475 4.9765 6.04147 600 0 1325 7 13 4.88004e-05 -9.00685e-05 0 0 0.658756 -0.752356 0 0
181.864 284.195 2.6475 4.9765 6.04147 600 0 1363 7 13 2.0225e-05 -6.44408e-05 0 0 0.620295 -0.784369 0 0
190.093 279.546 2.6475 4.9765 6.04147 600 0 1401 7 13 2.28716e-05 -4.3507e-05 0 0 0.58889 -0.808214 0 0
198.228 274.734 2.6475 4.9765 6.04147 600 0 1439 7 13 -1.03156e-05 -1.12291e-05 0 0 0.667815 -0.744327 0 0
206.31 269.831 2.6475 4.9765 6.04147 600 0 1477 7 13 -2.8193e-06 4.85688e-07 0 0 0.66166 -0.749804 0 0
214.386 264.921 2.6475 4.9765 6.04147 600 0 1515 7 13 -4.84122e-05 3.6449e-05 0 0 0.549281 -0.835638 0 0
222.486 260.05 2.6475 4.9765 6.04147 600 0 1553 7 13 -1.74881e-05 3.36657e-05 0 0 0.546138 -0.837695 0 0
230.659 255.311 2.6475 4.9765 6.04147 600 0 1591 7 13 -0.000106387 6.17444e-05 0 0 0.723738 -0.690075 0 0
238.836 250.572 2.6475 4.9765 6.04147 600 0 1629 7 13 -3.34525e-07 5.72539e-05 0 0 0.674788 -0.738011 0 0
247.209 246.211 2.6475 4.9765 6.04147 600 0 1667 7 13 -0.000176259 9.62126e-05 0 0 0.684745 -0.728783 0 0
255.612 241.886 2.6475 4.9765 6.04147 600 0 1705 7 13 4.16184e-05 5.84047e-06 0 0 0.637328 -0.770592 0 0
264.107 237.792 2.6475 4.9765 6.04147 600 0 1743 7 13 -0.000269084 0.000143835 0 0 0.624319 -0.781169 0 0
272.706 233.865 2.6475 4.9765 6.04147 600 0 1781 7 13 0.000167547 -5.66451e-05 0 0 0.817913 -0.575342 0 0
281.36 230.149 2.6475 4.9765 6.04147 600 0 1819 7 13 -0.00038326 0.000173711 0 0 0.673862 -0.738857 0 0
290.134 226.617 2.6475 4.9765 6.04147 600 0 1857 7 13 0.000351403 -0.00012228 0 0 0.741463 -0.670994 0 0
298.94 223.314 2.6475 4.9765 6.04147 600 0 1895 7 13 -0.000495675 0.000191473 0 0 0.673068 -0.739581 0 0
307.883 220.211 2.6475 4.9765 6.04147 600 0 1933 7 13 0.000509217 -0.000156138 0 0 0.717243 -0.696823 0 0
316.837 217.364 2.6475 4.9765 6.04147 600 0 1971 7 13 -0.000593047 0.000192039 0 0 0.644811 -0.764342 0 0
325.935 214.743 2.6475 4.9765 6.04147 600 0 2009 7 13 0.000566643 -0.000142525 0 0 0.802908 -0.596102 0 0
335.029 212.399 2.6475 4.9765 6.04147 600 0 2047 7 13 -0.000643444 0.000167007 0 0 0.764172 -0.645013 0 0
344.259 210.301 2.6475 4.9765 6.04147 600 0 2085 7 13 0.000499366 -9.81108e-05 0 0 0.810642 -0.585542 0 0
353.48 208.468 2.6475 4.9765 6.04147 600 0 2123 7 13 -0.000369978 7.7878e-05 0 0 0.852888 -0.522094 0 0
362.766 206.863 2.6475 4.9765 6.04147 600 0 2161 7 13 -0.000397174 6.36948e-05 0 0 0.796836 -0.604196 0 0
372.142 205.446 2.6475 4.9765 6.04147 600 0 2199 7 13 0.00138648 -0.000189533 0 0 0.866808 -0.498643 0 0
381.423 204.204 2.6475 4.9765 6.04147 600 0 2237 7 13 -0.000872226 0.000121086 0 0 0.818302 -0.574789 0 0
390.899 203.081 2.6475 4.9765 6.04147 600 0 2275 7 13 0.00218236 -0.000232458 0 0 0.874093 -0.485759 0 0
400.454 202.061 2.6475 4.9765 6.04147 600 0 2313 7 13 0.005612 -0.000317532 0 0 0.94539 -0.325942 0 0
409.523 201.407 2.6475 4.9765 6.04147 600 0 2351 7 13 -0.0105532 0.000896969 0 0 0.915558 -0.402185 0 0
419.176 200.156 2.6475 4.9765 6.04147 600 0 2389 7 13 -0.000808973 -0.00111357 0 0 0.879201 -0.476451 0 0
428.54 202.342 2.6475 4.9765 6.04147 600 0 2427 7 13 0.00680751 -0.00189561 0 0 0.960492 -0.278309 0 0
435.877 196.765 2.14741 4.03647 4.90028 600 0 2465 7 13 -0.000951478 0.00497312 0 0 0.883238 -0.468924 0 0
441.848 201.843 2.14741 4.03647 4.27197 600 0 2465 11 13 -0.00516727 -0.00431857 0 0 0.992299 -0.123869 0 0
450.095 205.058 2.6475 4.9765 6.04147 600 0 1251 8 10 -0.000494806 0.00292793 0 0 0.992299 -0.123869 0 0
443.601 210.555 2.14741 4.03647 4.27197 600 0 2465 11 14 0.00379338 -0.00311902 0 0 0.995981 -0.0895654 0 0
439.654 217.487 2.14741 4.03647 4.90028 600 0 2465 7 14 -0.00124696 0.00228954 0 0 0.991241 0.132063 0 0
431.464 215.176 2.6475 4.9765 6.04147 600 0 2427 7 14 -1.4673e-05 -7.3961e-06 0 0 0.997128 0.075731 0 0
422.045 215.104 2.6475 4.9765 6.04147 600 0 2389 7 14 1.10393e-05 -2.3214e-07 0 0 0.995526 0.0944928 0 0
412.624 215.155 2.6475 4.9765 6.04147 600 0 2351 7 14 -2.38788e-05 1.11689e-07 0 0 0.994502 0.104719 0 0
403.234 215.91 2.6475 4.9765 6.04147 600 0 2313 7 14 1.37945e-05 -1.45546e-06 0 0 0.999962 0.00871154 0 0
393.864 216.895 2.6475 4.9765 6.04147 600 0 2275 7 14 -2.59539e-05 4.18343e-06 0 0 0.994848 0.101382 0 0
384.678 218.982 2.6475 4.9765 6.04147 600 0 2237 7 14 9.31543e-06 -2.68656e-06 0 0 0.996839 0.0794465 0 0
375.256 219.063 2.6475 4.9765 6.04147 600 0 2199 7 14 -2.41807e-05 3.49536e-06 0 0 0.999901 -0.0140491 0 0
365.916 220.29 2.6475 4.9765 6.04147 600 0 2161 7 14 1.38573e-06 -1.79414e-06 0 0 0.999801 -0.0199335 0 0
356.515 220.928 2.6475 4.9765 6.04147 600 0 2123 7 14 -1.84137e-05 1.99618e-06 0 0 0.999909 0.0135176 0 0
347.128 221.725 2.6475 4.9765 6.04147 600 0 2085 7 14 -6.28681e-06 1.69929e-05 0 0 0.995296 -0.0968797 0 0
338.42 225.324 2.6475 4.9765 6.04147 600 0 2047 7 14 -2.22334e-05 -1.48689e-05 0 0 0.985193 -0.171451 0 0
329.028 226.084 2.6475 4.9765 6.04147 600 0 2009 7 14 -2.32129e-05 1.9801e-05 0 0 0.981276 -0.192608 0 0
319.927 228.526 2.6475 4.9765 6.04147 600 0 1971 7 14 -7.87873e-06 2.4678e-05 0 0 0.964341 -0.264664 0 0
311.452 232.648 2.6475 4.9765 6.04147 600 0 1933 7 14 -3.88735e-05 -5.58621e-06 0 0 0.988902 -0.148571 0 0
302.463 235.475 2.6475 4.9765 6.04147 600 0 1895 7 14 -5.68069e-06 1.19019e-05 0 0 0.974587 -0.224009 0 0
293.66 238.844 2.6475 4.9765 6.04147 600 0 1857 7 14 -2.79903e-05 1.24016e-05 0 0 0.894681 -0.446705 0 0
284.887 242.286 2.6475 4.9765 6.04147 600 0 1819 7 14 4.00094e-06 -4.98459e-07 0 0 0.890087 -0.45579 0 0
276.131 245.776 2.6475 4.9765 6.04147 600 0 1781 7 14 -1.57034e-05 1.15384e-05 0 0 0.879606 -0.475702 0 0
267.463 249.475 2.6475 4.9765 6.04147 600 0 1743 7 14 1.9057e-05 -1.25486e-06 0 0 0.919937 -0.392065 0 0
258.924 253.467 2.6475 4.9765 6.04147 600 0 1705 7 14 3.37389e-06 1.55406e-05 0 0 0.900579 -0.434692 0 0
250.739 258.139 2.6475 4.9765 6.04147 600 0 1667 7 14 1.67857e-05 -3.07187e-05 0 0 0.879274 -0.476316 0 0
242.078 261.856 2.6475 4.9765 6.04147 600 0 1629 7 14 2.70104e-05 3.83594e-05 0 0 0.900259 -0.435355 0 0
234.86 267.914 2.6475 4.9765 6.04147 600 0 1591 7 14 7.65489e-06 -2.95629e-05 0 0 0.870839 -0.491569 0 0
226.911 272.977 2.6475 4.9765 6.04147 600 0 1553 7 14 1.09253e-05 1.12958e-06 0 0 0.900982 -0.433857 0 0
219.246 278.458 2.6475 4.9765 6.04147 600 0 1515 7 14 2.65779e-05 -1.47185e-05 0 0 0.836123 -0.548542 0 0
211.784 284.214 2.6475 4.9765 6.04147 600 0 1477 7 14 1.1201e-05 -2.32209e-05 0 0 0.806153 -0.591707 0 0
203.52 288.739 2.6475 4.9765 6.04147 600 0 1439 7 14 3.18724e-05 -3.48231e-06 0 0 0.844375 -0.535753 0 0
196.749 295.291 2.6475 4.9765 6.04147 600 0 1401 7 14 1.63424e-05 -2.55742e-05 0 0 0.769652 -0.638463 0 0
187.971 298.714 2.6475 4.9765 6.04147 600 0 1363 7 14 1.63178e-05 2.1111e-06 0 0 0.72262 -0.691246 0 0
187.369 308.114 2.6475 4.9765 6.04147 600 0 1325 7 14 4.04975e-05 -4.61381e-05 0 0 0.865408 -0.501068 0 0
179.233 312.863 2.6475 4.9765 6.04147 600 0 1287 7 14 5.41757e-05 7.71486e-05 0 0 0.73952 -0.673135 0 0
187.419 317.537 2.6475 4.9765 6.04147 600 0 944 7 15 0.00017921 2.1908e-05 0 0 0.941444 -0.337171 0 0
196.611 319.609 2.6475 4.9765 6.04147 600 0 982 7 13 4.15641e-05 5.98028e-06 0 0 0.89926 -0.437415 0 0
205.836 321.589 2.6475 4.9765 6.04147 600 0 1020 7 13 0.000217313 3.35595e-05 0 0 0.970475 -0.241203 0 0
215.09 323.348 2.6475 4.9765 6.04147 600 0 1058 7 13 -0.000135608 -2.72077e-05 0 0 0.953281 -0.302085 0 0
224.378 325.08 2.6475 4.9765 6.04147 600 0 1096 7 13 0.00031641 6.47326e-05 0 0 0.960687 -0.277633 0 0
233.59 326.871 2.6475 4.9765 6.04147 600 0 1134 7 13 -0.0010952 -0.000223469 0 0 0.937713 -0.347411 0 0
242.827 328.919 2.6475 4.9765 6.04147 600 0 1172 7 13 0.000217314 4.89049e-05 0 0 0.940711 -0.33921 0 0
251.629 330.799 2.6475 4.9765 6.04147 600 0 1210 7 13 -0.0105819 -0.00327368 0 0 0.898162 -0.439665 0 0
261.423 333.754 2.6475 4.9765 6.04147 600 0 1248 7 13 0.0162176 0.0033052 0 0 0.912634 -0.408777 0 0
270.603 333.966 2.6475 4.9765 6.04147 600 0 1286 7 13 0.00555881 0.00923921 0 0 0.979651 -0.20071 0 0
279.997 335.273 2.6475 4.9765 6.04147 600 0 1324 7 13 -0.000285328 0.0159632 0 0 0.94751 -0.319728 0 0
288.883 336.05 2.6475 4.9765 6.04147 600 0 1362 7 13 -0.0219383 0.00109357 0 0 0.94313 -0.332423 0 0
299.258 336.791 2.6475 4.9765 6.04147 600 0 1400 7 13 0.0100387 0.000841824 0 0 0.999818 0.019052 0 0
308.305 337.008 2.6475 4.9765 6.04147 600 0 1438 7 13 0.000271493 8.14858e-06 0 0 0.966056 -0.258334 0 0
317.754 337.188 2.6475 4.9765 6.04147 600 0 1476 7 13 0.00117172 -7.9916e-06 0 0 0.946126 -0.323798 0 0
327.148 337.089 2.6475 4.9765 6.04147 600 0 1514 7 13 -0.000217968 -3.21816e-05 0 0 0.996363 -0.0852078 0 0
336.586 336.593 2.6475 4.9765 6.04147 600 0 1552 7 13 9.05024e-05 -5.33639e-05 0 0 0.959261 -0.282521 0 0
345.966 335.596 2.6475 4.9765 6.04147 600 0 1590 7 15 -0.00017944 -2.27956e-05 0 0 0.986448 -0.164074 0 0
355.284 334.069 2.6475 4.9765 6.04147 600 0 2235 7 13 -7.70199e-05 -2.21414e-05 0 0 0.883031 -0.469314 0 0
364.502 332.064 2.6475 4.9765 6.04147 600 0 2273 7 13 -0.000145021 1.08012e-05 0 0 0.900313 -0.435243 0 0
373.636 329.701 2.6475 4.9765 6.04147 600 0 2311 7 13 -0.000110721 2.531e-05 0 0 0.849892 -0.526957 0 0
382.746 327.266 2.6475 4.9765 6.04147 600 0 2349 7 13 -0.000131903 2.44693e-05 0 0 0.818572 -0.574404 0 0
391.755 324.488 2.6475 4.9765 6.04147 600 0 2387 7 13 -0.000108649 7.28832e-05 0 0 0.887727 -0.46037 0 0
401.167 324.011 2.6475 4.9765 6.04147 600 0 2425 7 13 -0.000117862 -2.56292e-05 0 0 0.871915 -0.489657 0 0
407.42 317.987 2.23165 4.19483 5.09252 600 0 2463 7 13 -7.54915e-05 1.65285e-05 0 0 0.90366 -0.428251 0 0
414.931 321.064 2.23165 4.19483 4.27197 600 0 2463 11 13 -6.70958e-05 -4.53451e-06 0 0 0.956145 -0.292894 0 0
423.616 322.781 2.6475 4.9765 6.04147 600 0 265 8 10 -8.35488e-05 7.97048e-05 0 0 0.956145 -0.292894 0 0
418.128 329.724 2.23165 4.19483 4.27197 600 0 2463 11 14 -9.98413e-05 6.7147e-05 0 0 0.965608 -0.260004 0 0
415.857 337.515 2.23165 4.19483 5.09252 600 0 2463 7 14 1.70121e-06 9.61e-05 0 0 0.964084 -0.265597 0 0
407.202 336.852 2.6475 4.9765 6.04147 600 0 2425 7 14 9.56561e-07 -8.79787e-06 0 0 0.959491 -0.281739 0 0
398 338.866 2.6475 4.9765 6.04147 600 0 2387 7 14 1.54621e-05 1.41789e-06 0 0 0.93771 -0.347419 0 0
388.639 339.927 2.6475 4.9765 6.04147 600 0 2349 7 14 -1.23093e-05 -6.37892e-06 0 0 0.951598 -0.307344 0 0
379.741 343.019 2.6475 4.9765 6.04147 600 0 2311 7 14 8.24061e-06 2.14027e-05 0 0 0.933032 -0.359792 0 0
371.252 347.098 2.6475 4.9765 6.04147 600 0 2273 7 14 0.000109569 0.000125893 0 0 0.907046 -0.421032 0 0
379.033 352.412 2.6475 4.9765 6.04147 600 0 1742 7 15 0.000132677 -2.89904e-05 0 0 0.997743 -0.0671514 0 0
387.857 355.733 2.6475 4.9765 6.04147 600 0 1780 7 13 0.000133003 -5.39953e-06 0 0 0.991747 -0.128212 0 0
397.02 357.964 2.6475 4.9765 6.04147 600 0 1818 7 13 0.000118207 5.49366e-05 0 0 0.991405 -0.130828 0 0
406.075 360.61 2.6475 4.9765 6.04147 600 0 1856 7 13 0.000105376 4.70883e-05 0 0 0.999197 -0.0400633 0 0
415.069 363.467 2.6475 4.9765 6.04147 600 0 1894 7 13 8.88163e-05 4.1445e-05 0 0 0.998767 0.0496391 0 0
424.016 366.471 2.6475 4.9765 6.04147 600 0 1932 7 13 7.23238e-05 3.66978e-05 0 0 0.998582 -0.0532319 0 0
432.923 369.6 2.6475 4.9765 6.04147 600 0 1970 7 13 5.10089e-05 2.93418e-05 0 0 0.999996 -0.00279585 0 0
441.793 372.835 2.6475 4.9765 6.04147 600 0 2008 7 13 3.21314e-05 2.22367e-05 0 0 0.992696 -0.120645 0 0
450.63 376.163 2.6475 4.9765 6.04147 600 0 2046 7 13 9.71514e-06 1.34472e-05 0 0 0.999033 -0.043956 0 0
459.435 379.575 2.6475 4.9765 6.04147 600 0 2084 7 13 -1.0533e-05 5.48441e-06 0 0 0.977124 0.21267 0 0
468.207 383.069 2.6475 4.9765 6.04147 600 0 2122 7 13 -3.24542e-05 -3.70591e-06 0 0 0.972373 0.233433 0 0
476.946 386.645 2.6475 4.9765 6.04147 600 0 2160 7 13 -5.21341e-05 -1.16477e-05 0 0 0.986142 0.165901 0 0
485.646 390.31 2.6475 4.9765 6.04147 600 0 2198 7 13 -7.26423e-05 -1.92105e-05 0 0 0.965825 0.259194 0 0
494.296 394.09 2.6475 4.9765 6.04147 600 0 2236 7 13 -9.03031e-05 -2.48598e-05 0 0 0.985599 0.169101 0 0
502.869 398.033 2.6475 4.9765 6.04147 600 0 2274 7 13 -0.000106035 -3.38539e-05 0 0 0.973831 0.227272 0 0
511.348 402.171 2.6475 4.9765 6.04147 600 0 2312 7 13 -0.000116249 -4.40383e-05 0 0 0.989803 0.142446 0 0
519.72 406.513 2.6475 4.9765 6.04147 600 0 2350 7 13 -0.000116598 -7.01962e-05 0 0 0.978806 0.204792 0 0
528.199 410.636 2.6475 4.9765 6.04147 600 0 2388 7 13 -0.000141377 -3.63565e-05 0 0 0.990139 0.140087 0 0
535.946 416.004 2.6475 4.9765 6.04147 600 0 2426 7 13 -9.19028e-05 -0.000116835 0 0 0.986693 0.162597 0 0
544.477 414.853 2.18993 4.11641 4.99732 600 0 2464 7 13 -8.67719e-05 -6.8579e-05 0 0 0.952947 0.303138 0 0
546.717 422.476 2.18993 4.11641 4.27197 600 0 2464 11 13 -9.09097e-05 -6.75238e-05 0 0 0.954791 0.297278 0 0
552.122 429.363 2.6475 4.9765 6.04147 0.1 0 1822 8 10 -9.58486e-05 -6.33888e-05 0 0 0.945775 0.324821 0 0
543.542 431.106 2.18993 4.11641 4.27197 600 0 2464 11 14 -8.23893e-05 4.00757e-06 0 0 0.851502 0.524351 0 0
536.133 433.978 2.18993 4.11641 4.99732 600 0 2464 7 14 -7.65766e-05 1.52738e-05 0 0 0.856756 0.515723 0 0
531.242 426.896 2.6475 4.9765 6.04147 600 0 2426 7 14 -5.31547e-05 -1.03e-05 0 0 0.878515 0.477715 0 0
522.364 423.742 2.6475 4.9765 6.04147 600 0 2388 7 14 -2.68138e-05 -2.42055e-05 0 0 0.756178 0.654366 0 0
514.011 419.379 2.6475 4.9765 6.04147 600 0 2350 7 14 -5.00207e-05 -2.77355e-05 0 0 0.764522 0.644598 0 0
505.698 414.94 2.6475 4.9765 6.04147 600 0 2312 7 14 -1.9815e-05 -6.09463e-06 0 0 0.812352 0.583168 0 0
497.286 410.688 2.6475 4.9765 6.04147 600 0 2274 7 14 -4.97326e-05 -1.31386e-05 0 0 0.845112 0.53459 0 0
488.684 406.837 2.6475 4.9765 6.04147 600 0 2236 7 14 -1.09718e-05 -1.4654e-06 0 0 0.798676 0.601762 0 0
480.029 403.099 2.6475 4.9765 6.04147 600 0 2198 7 14 -3.70163e-05 -1.35891e-05 0 0 0.841604 0.540095 0 0
471.346 399.43 2.6475 4.9765 6.04147 600 0 2160 7 14 -9.44974e-06 7.11652e-07 0 0 0.806137 0.591729 0 0
462.606 395.893 2.6475 4.9765 6.04147 600 0 2122 7 14 -2.70515e-05 -6.29143e-06 0 0 0.812475 0.582996 0 0
453.819 392.477 2.6475 4.9765 6.04147 600 0 2084 7 14 -1.40809e-05 -3.30781e-06 0 0 0.846499 0.53239 0 0
445.01 389.115 2.6475 4.9765 6.04147 600 0 2046 7 14 -1.59777e-05 -5.12369e-06 0 0 0.925627 0.378437 0 0
436.192 385.776 2.6475 4.9765 6.04147 600 0 2008 7 14 -2.23954e-05 -6.43394e-06 0 0 0.943262 0.332049 0 0
427.357 382.483 2.6475 4.9765 6.04147 600 0 1970 7 14 -8.04194e-06 1.11577e-06 0 0 0.947824 0.318795 0 0
418.487 379.28 2.6475 4.9765 6.04147 600 0 1932 7 14 -2.88122e-05 -2.26687e-06 0 0 0.878358 0.478004 0 0
409.559 376.247 2.6475 4.9765 6.04147 600 0 1894 7 14 -8.25567e-07 1.08001e-05 0 0 0.924307 0.381651 0 0
400.552 373.449 2.6475 4.9765 6.04147 600 0 1856 7 14 -2.49132e-05 3.44927e-06 0 0 0.866137 0.499807 0 0
391.48 370.88 2.6475 4.9765 6.04147 600 0 1818 7 14 1.15584e-05 1.00093e-05 0 0 0.910114 0.414359 0 0
382.366 368.454 2.6475 4.9765 6.04147 600 0 1780 7 14 -4.59328e-06 4.10628e-07 0 0 0.856 0.516976 0 0
373.244 366.063 2.6475 4.9765 6.04147 600 0 1742 7 14 2.35438e-05 5.10972e-06 0 0 0.903502 0.428584 0 0
364.129 363.648 2.6475 4.9765 6.04147 600 0 1704 7 14 3.24453e-05 7.62851e-06 0 0 0.921688 0.387933 0 0
355.02 361.21 2.6475 4.9765 6.04147 600 0 1666 7 14 1.68988e-05 6.13927e-06 0 0 0.863504 0.504341 0 0
345.904 358.815 2.6475 4.9765 6.04147 600 0 1628 7 14 0.000108916 3.17656e-05 0 0 0.944121 0.329599 0 0
336.75 356.541 2.6475 4.9765 6.04147 600 0 1590 7 14 -4.43262e-05 -1.03327e-05 0 0 0.968081 0.250639 0 0
327.609 354.294 2.6475 4.9765 6.04147 600 0 1552 7 14 0.000317285 7.44843e-05 0 0 0.892574 0.450901 0 0
318.324 352.603 2.6475 4.9765 6.04147 600 0 1514 7 14 -0.000142905 -4.86333e-05 0 0 0.895017 0.446033 0 0
309.796 348.788 2.6475 4.9765 6.04147 600 0 1476 7 14 0.00258388 -0.000832892 0 0 0.951252 0.308414 0 0
300.838 351.974 2.6475 4.9765 6.04147 600 0 1438 7 14 -0.000606944 0.00184048 0 0 0.970133 0.242573 0 0
292.402 347.568 2.6475 4.9765 6.04147 600 0 1400 7 14 -0.00319812 -0.00158242 0 0 0.983573 0.180508 0 0
283.441 343.438 2.6475 4.9765 6.04147 600 0 1362 7 15 -0.0139498 -0.00478229 0 0 0.95265 0.304068 0 0
274.624 342.433 2.6475 4.9765 6.04147 600 0 1721 7 13 0.0152267 -0.00657191 0 0 0.856484 0.516174 0 0
278.132 350.767 2.6475 4.9765 6.04147 600 0 1759 7 13 -0.00836059 -0.0228656 0 0 0.918855 0.394595 0 0
285.804 357.792 2.6475 4.9765 6.04147 600 0 1797 7 13 0.00873835 0.00692983 0 0 0.724586 0.689185 0 0
289.851 365.859 2.6475 4.9765 6.04147 600 0 1835 7 13 -0.000177492 7.60181e-05 0 0 0.780011 0.625765 0 0
295.963 373.088 2.6475 4.9765 6.04147 600 0 1873 7 13 0.00110613 0.00134784 0 0 0.762585 0.646889 0 0
301.802 380.421 2.6475 4.9765 6.04147 600 0 1911 7 13 -2.71791e-05 -8.72138e-05 0 0 0.839112 0.543959 0 0
308.007 387.558 2.6475 4.9765 6.04147 600 0 1949 7 13 0.000295594 0.000301216 0 0 0.832966 0.553324 0 0
314.35 394.544 2.6475 4.9765 6.04147 600 0 1987 7 13 6.43919e-05 5.38748e-06 0 0 0.80042 0.59944 0 0
320.951 401.313 2.6475 4.9765 6.04147 600 0 2025 7 13 0.000146177 7.75147e-05 0 0 0.847909 0.530142 0 0
327.791 407.835 2.6475 4.9765 6.04147 600 0 2063 7 13 8.51412e-05 -5.06453e-06 0 0 0.882248 0.470786 0 0
334.908 414.061 2.6475 4.9765 6.04147 600 0 2101 7 13 9.13773e-05 -1.69429e-05 0 0 0.835832 0.548986 0 0
342.315 419.938 2.6475 4.9765 6.04147 600 0 2139 7 13 1.54624e-05 1.3385e-08 0 0 0.899645 0.436622 0 0
349.762 425.767 2.6475 4.9765 6.04147 600 0 2177 7 13 1.28376e-05 -4.62916e-05 0 0 0.925169 0.379556 0 0
357.377 431.374 2.6475 4.9765 6.04147 600 0 2215 7 13 -8.1391e-06 -8.45708e-05 0 0 0.86845 0.495776 0 0
365.226 436.644 2.6475 4.9765 6.04147 600 0 2253 7 13 -6.80956e-05 -5.77639e-05 0 0 0.926322 0.376733 0 0
373.113 441.854 2.6475 4.9765 6.04147 600 0 2291 7 13 -9.49836e-05 -7.85634e-05 0 0 0.964122 0.265461 0 0
381.053 446.978 2.6475 4.9765 6.04147 600 0 2329 7 13 -0.000102435 -0.000120169 0 0 0.925804 0.378005 0 0
389.194 451.769 2.6475 4.9765 6.04147 600 0 2367 7 13 -0.000183468 -2.78311e-05 0 0 0.976118 0.217239 0 0
396.958 457.143 2.6475 4.9765 6.04147 600 0 2405 7 13 -4.84429e-05 -0.00025036 0 0 0.944457 0.328634 0 0
405.75 460.576 2.6475 4.9765 6.04147 600 0 2443 7 13 -0.000305765 0.000388507 0 0 0.940034 0.341082 0 0
410.665 468.635 2.6475 4.9765 6.04147 600 0 2481 9 13 0.000264572 3.73627e-05 0 0 0.957718 0.28771 0 0
413.662 477.596 2.6475 4.9765 6.04147 600 0 817 8 10 0.000209833 5.31465e-05 0 0 0.924632 0.380862 0 0
404.203 477.376 2.6475 4.9765 6.04147 600 0 2481 9 14 0.000209071 -9.36881e-06 0 0 0.866792 0.498671 0 0
395.397 473.946 2.6475 4.9765 6.04147 600 0 2443 7 14 0.000297266 -0.000244783 0 0 0.846016 0.533157 0 0
388.032 468.029 2.6475 4.9765 6.04147 600 0 2405 7 14 -2.28813e-05 0.000147363 0 0 0.88872 0.458449 0 0
380.003 463.052 2.6475 4.9765 6.04147 600 0 2367 7 14 5.104e-05 2.04915e-05 0 0 0.754996 0.655729 0 0
372.021 458.004 2.6475 4.9765 6.04147 600 0 2329 7 14 4.84301e-05 1.99334e-05 0 0 0.822735 0.568425 0 0
364.09 452.879 2.6475 4.9765 6.04147 600 0 2291 7 14 5.14458e-05 8.19431e-06 0 0 0.821171 0.570682 0 0
356.282 447.568 2.6475 4.9765 6.04147 600 0 2253 7 14 4.94504e-05 8.73131e-06 0 0 0.732572 0.680689 0 0
348.608 442.069 2.6475 4.9765 6.04147 600 0 2215 7 14 4.46712e-05 8.45235e-06 0 0 0.763806 0.645445 0 0
341.069 436.388 2.6475 4.9765 6.04147 600 0 2177 7 14 4.33752e-05 9.70997e-06 0 0 0.674102 0.738638 0 0
333.67 430.527 2.6475 4.9765 6.04147 600 0 2139 7 14 3.87933e-05 8.04935e-06 0 0 0.73371 0.679463 0 0
326.418 424.487 2.6475 4.9765 6.04147 600 0 2101 7 14 3.79533e-05 1.0327e-05 0 0 0.751228 0.660043 0 0
319.311 418.278 2.6475 4.9765 6.04147 600 0 2063 7 14 3.16009e-05 9.44631e-06 0 0 0.65049 0.759515 0 0
312.335 411.922 2.6475 4.9765 6.04147 600 0 2025 7 14 3.00617e-05 1.39997e-05 0 0 0.715439 0.698675 0 0
305.461 405.458 2.6475 4.9765 6.04147 600 0 1987 7 14 2.22314e-05 1.3526e-05 0 0 0.591322 0.806436 0 0
298.646 398.934 2.6475 4.9765 6.04147 600 0 1949 7 14 2.08223e-05 1.93045e-05 0 0 0.678632 0.734479 0 0
291.836 392.404 2.6475 4.9765 6.04147 600 0 1911 7 14 1.25007e-05 1.87221e-05 0 0 0.59802 0.801481 0 0
284.969 385.935 2.6475 4.9765 6.04147 600 0 1873 7 14 1.16731e-05 2.51367e-05 0 0 0.559173 0.829051 0 0
277.977 379.602 2.6475 4.9765 6.04147 600 0 1835 7 14 3.47745e-06 2.46862e-05 0 0 0.527572 0.84951 0 0
270.791 373.493 2.6475 4.9765 6.04147 600 0 1797 7 14 3.70757e-06 3.09506e-05 0 0 0.615557 0.788092 0 0
263.344 367.703 2.6475 4.9765 6.04147 600 0 1759 7 14 -3.55727e-06 3.06733e-05 0 0 0.568897 0.822409 0 0
255.585 362.341 2.6475 4.9765 6.04147 600 0 1721 7 14 -1.55308e-06 3.5217e-05 0 0 0.773305 0.634034 0 0
247.488 357.504 2.6475 4.9765 6.04147 600 0 1683 7 14 -6.83759e-06 3.41678e-05 0 0 0.787786 0.615949 0 0
239.054 353.282 2.6475 4.9765 6.04147 600 0 1210 7 15 -3.35433e-06 3.58282e-05 0 0 0.968873 0.247558 0 0
230.317 349.731 2.6475 4.9765 6.04147 600 0 1172 7 14 -6.54109e-06 3.29775e-05 0 0 0.984162 0.177269 0 0
221.331 346.87 2.6475 4.9765 6.04147 600 0 1134 7 14 -2.8165e-06 3.19995e-05 0 0 0.99383 0.110916 0 0
212.156 344.69 2.6475 4.9765 6.04147 600 0 1096 7 14 -4.84952e-06 2.80029e-05 0 0 0.981916 0.189318 0 0
202.854 343.137 2.6475 4.9765 6.04147 600 0 1058 7 14 -1.86264e-06 2.56566e-05 0 0 0.994339 0.106256 0 0
193.474 342.159 2.6475 4.9765 6.04147 600 0 1020 7 14 -3.3332e-06 2.22454e-05 0 0 0.981191 0.193039 0 0
184.055 341.687 2.6475 4.9765 6.04147 600 0 982 7 14 -1.3291e-06 1.99879e-05 0 0 0.999617 0.027689 0 0
174.624 341.665 2.6475 4.9765 6.04147 600 0 944 7 14 -2.16992e-06 1.76949e-05 0 0 0.973906 0.226952 0 0
165.201 342.04 2.6475 4.9765 6.04147 600 0 906 7 14 -9.45243e-07 1.57884e-05 0 0 0.990753 0.135679 0 0
155.798 342.764 2.6475 4.9765 6.04147 600 0 868 7 14 -1.10104e-06 1.41529e-05 0 0 0.997629 0.0688263 0 0
146.424 343.799 2.6475 4.9765 6.04147 600 0 830 7 14 -4.89995e-07 1.23495e-05 0 0 0.995883 0.090644 0 0
137.083 345.1 2.6475 4.9765 6.04147 600 0 792 7 14 -2.44781e-07 9.53136e-06 0 0 0.99926 0.0384585 0 0
127.773 346.607 2.6475 4.9765 6.04147 600 0 754 7 14 1.6518e-06 1.88539e-05 0 0 0.997652 -0.0684859 0 0
118.538 348.518 2.6475 4.9765 6.04147 600 0 716 7 14 -1.91036e-06 -4.06349e-06 0 0 0.99799 -0.0633766 0 0
112.437 341.339 2.6475 4.9765 6.04147 600 0 678 7 14 -6.00349e-06 -1.05605e-06 0 0 0.988511 -0.151151 0 0
109.259 350.208 2.6475 4.9765 6.04147 0.1 0 0 7 15 -7.61939e-07 1.08964e-06 0 0 6.95284e-310 0 0 0
100 352 2.6475 4.9765 6.04147 0.1 0 0 7 7 0.000430894 -0.0267569 0 0 4.74303e-322 4.65806e-310 0 0
100 361 2.6475 4.9765 6.04147 0.1 0 0 7 7 -0 -0 0 0 8.74496e-322 4.65695e-310 0 0
100 370 2.6475 4.9765 6.04147 0.1 0 0 7 7 -0 -0 0 0 2.37152e-322 4.65806e-310 0 0
100 379 2.6475 4.9765 6.04147 0.1 0 0 7 7 -0 -0 0 0 4.65695e-310 4.65695e-310 0 0
100 388 2.6475 4.9765 6.04147 0.1 0 0 7 7 -0 -0 0 0 3.79936e-321 4.65695e-310 0 0
100 397 2.6475 4.9765 6.04147 0.1 0 0 7 7 -0 -0 0 0 4.65695e-310 0 0 0
100 406 2.6475 4.9765 6.04147 0.1 0 0 7 7 -0 -0 0 0 4.65695e-310 7.11455e-322 0 0
100 415 2.6475 4.9765 6.04147 0.1 0 0 7 7 -0 -0 0 0 4.65695e-310 1.58101e-322 0 0
100 424 2.6475 4.9765 6.04147 0.1 0 0 7 7 -0 -0 0 0 4.65695e-310 3.95253e-322 0 0
100 433 2.6475 4.9765 6.04147 0.1 0 0 7 7 -0 -0 0 0 4.65695e-310 1.58101e-322 0 0
100 442 2.6475 4.9765 6.04147 0.1 0 0 7 7 -0 -0 0 0 4.65695e-310 4.74303e-322 0 0
100 451 2.6475 4.9765 6.04147 0.1 0 0 7 7 -0 -0 0 0 4.65695e-310 0 0 0
100 460 2.6475 4.9765 6.04147 0.1 0 0 7 7 -0 -0 0 0 4.65695e-310 3.16202e-322 0 0
100 469 2.6475 4.9765 6.04147 0.1 0 0 7 7 -0 -0 0 0 0 2.37152e-322 0 0
100 478 2.6475 4.9765 6.04147 0.1 0 0 7 7 -0 -0 0 0 4.65695e-310 1.10671e-321 0 0
100 487 2.6475 4.9765 6.04147 0.1 0 0 7 7 -0 -0 0 0 0 4.65693e-310 0 0
100 496 2.6475 4.9765 6.04147 0.1 0 0 7 7 -0 -0 0 0 4.65695e-310 1.58101e-322 0 0
100 505 2.6475 4.9765 6.04147 0.1 0 0 7 7 -0 -0 0 0 4.65695e-310 4.65695e-310 0 0
100 514 2.6475 4.9765 6.04147 0.1 0 0 7 7 -0 -0 0 0 4.65695e-310 7.11455e-322 0 0
100 523 2.6475 4.9765 6.04147 0.1 0 0 7 7 -0 -0 0 0 1.58101e-322 4.65806e-310 0 0
100 532 2.6475 4.9765 6.04147 0.1 0 0 7 7 -0 -0 0 0 4.65695e-310 4.74303e-322 0 0
100 541 2.6475 4.9765 6.04147 0.1 0 0 7 7 -0 -0 0 0 0 2.37152e-322 0 0
100 550 2.6475 4.9765 6.04147 0.1 0 0 7 7 -0 -0 0 0 4.65695e-310 0 0 0
100 559 2.6475 4.9765 6.04147 0.1 0 0 7 7 -0 -0 0 0 2.42092e-322 4.65695e-310 0 0
100 568 2.6475 4.9765 6.04147 0.1 0 0 7 7 -0 -0 0 0 4.65695e-310 0 0 0
100 577 2.6475 4.9765 6.04147 0.1 0 0 7 7 -0 -0 0 0 6.37345e-322 4.65695e-310 0 0
100 586 2.6475 4.9765 6.04147 0.1 0 0 7 7 -0 -0 0 0 2.42092e-322 4.65695e-310 0 0
100 595 2.6475 4.9765 6.04147 0.1 0 0 7 7 -0 -0 0 0 4.65695e-310 0 0 0
100 604 2.6475 4.9765 6.04147 0.1 0 0 7 7 -0 -0 0 0 0 7.11455e-322 0 0
100 613 2.6475 4.9765 6.04147 0.1 0 0 7 7 -0 -0 0 0 3.16202e-322 4.65806e-310 0 0
100 622 2.6475 4.9765 6.04147 0.1 0 0 7 7 -0 -0 0 0 4.65695e-310 1.58101e-322 0 0
100 631 2.6475 4.9765 6.04147 0.1 0 0 7 7 -0 -0 0 0 2.42092e-322 4.65695e-310 0 0
100 640 2.6475 4.9765 6.04147 0.1 0 0 7 7 -0 -0 0 0 4.65695e-310 4.65695e-310 0 0
100 649 2.6475 4.9765 6.04147 0.1 0 0 7 7 -0 -0 0 0 4.65695e-310 3.16202e-322 0 0
100 658 2.6475 4.9765 6.04147 0.1 0 0 7 7 0.00173951 0.0269587 0 0 2.1393e-321 4.65695e-310 0 0
109.34 659.53 2.6475 4.9765 6.04147 0.1 0 0 7 15 5.84193e-06 -2.10485e-05 0 0 4.65695e-310 4.65695e-310 0 0
118.697 660.945 2.6475 4.9765 6.04147 600 0 657 7 13 1.1239e-05 -4.09903e-05 0 0 0.987509 0.157564 0 0
128.086 662.137 2.6475 4.9765 6.04147 600 0 695 7 13 1.58319e-05 -5.85889e-05 0 0 0.995898 0.0904838 0 0
137.51 663.012 2.6475 4.9765 6.04147 600 0 733 7 13 1.94675e-05 -7.26628e-05 0 0 0.999809 0.0195353 0 0
146.963 663.496 2.6475 4.9765 6.04147 600 0 771 7 15 2.22622e-05 -8.23444e-05 0 0 0.996186 0.0872576 0 0
156.428 663.545 2.6475 4.9765 6.04147 600 0 1228 7 13 2.45566e-05 -8.73007e-05 0 0 0.9314 -0.363997 0 0
165.886 663.145 2.6475 4.9765 6.04147 600 0 1266 7 13 2.67791e-05 -8.77509e-05 0 0 0.921294 -0.388867 0 0
175.316 662.309 2.6475 4.9765 6.04147 600 0 1304 7 13 2.93001e-05 -8.43442e-05 0 0 0.943738 -0.330693 0 0
184.702 661.071 2.6475 4.9765 6.04147 600 0 1342 7 13 3.23361e-05 -7.80005e-05 0 0 0.790532 -0.61242 0 0
194.037 659.483 2.6475 4.9765 6.04147 600 0 1380 7 13 3.59285e-05 -6.97194e-05 0 0 0.867747 -0.497005 0 0
203.319 657.604 2.6475 4.9765 6.04147 600 0 1418 7 13 3.99782e-05 -6.04408e-05 0 0 0.800059 -0.599922 0 0
212.553 655.493 2.6475 4.9765 6.04147 600 0 1456 7 13 4.4305e-05 -5.09679e-05 0 0 0.864012 -0.503471 0 0
221.746 653.207 2.6475 4.9765 6.04147 600 0 1494 7 13 4.87065e-05 -4.19337e-05 0 0 0.824069 -0.56649 0 0
230.91 650.799 2.6475 4.9765 6.04147 600 0 1532 7 13 5.30036e-05 -3.37929e-05 0 0 0.877767 -0.479087 0 0
240.053 648.311 2.6475 4.9765 6.04147 600 0 1570 7 13 5.70666e-05 -2.68301e-05 0 0 0.839359 -0.543577 0 0
249.187 645.78 2.6475 4.9765 6.04147 600 0 1608 7 13 6.08247e-05 -2.11763e-05 0 0 0.892164 -0.451712 0 0
258.318 643.231 2.6475 4.9765 6.04147 600 0 1646 7 13 6.42628e-05 -1.68308e-05 0 0 0.856046 -0.516899 0 0
267.451 640.687 2.6475 4.9765 6.04147 600 0 1684 7 13 6.74061e-05 -1.36938e-05 0 0 0.838953 -0.544204 0 0
276.591 638.159 2.6475 4.9765 6.04147 600 0 1722 7 13 7.02969e-05 -1.16283e-05 0 0 0.831464 -0.555579 0 0
285.741 635.658 2.6475 4.9765 6.04147 600 0 1760 7 13 7.29446e-05 -1.06028e-05 0 0 0.918911 -0.394464 0 0
294.901 633.188 2.6475 4.9765 6.04147 600 0 1798 7 13 7.52356e-05 -1.10266e-05 0 0 0.889018 -0.457872 0 0
304.071 630.747 2.6475 4.9765 6.04147 600 0 1836 7 13 7.6751e-05 -1.44172e-05 0 0 0.925165 -0.379564 0 0
313.248 628.325 2.6475 4.9765 6.04147 600 0 1874 7 13 7.65344e-05 -2.434e-05 0 0 0.896171 -0.443709 0 0
322.424 625.889 2.6475 4.9765 6.04147 600 0 1912 7 13 7.29039e-05 -4.68162e-05 0 0 0.890517 -0.454951 0 0
331.579 623.369 2.6475 4.9765 6.04147 600 0 1950 7 13 6.37157e-05 -8.83687e-05 0 0 0.84995 -0.526864 0 0
340.678 620.642 2.6475 4.9765 6.04147 600 0 1988 7 13 4.736e-05 -0.000149908 0 0 0.892634 -0.450782 0 0
349.657 617.538 2.6475 4.9765 6.04147 600 0 2026 7 15 2.56954e-05 -0.000218295 0 0 0.850683 -0.525679 0 0
358.432 613.888 2.6475 4.9765 6.04147 600 0 2480 9 13 8.51628e-06 -0.000263589 0 0 0.763587 -0.645704 0 0
366.927 609.619 2.6475 4.9765 6.04147 600 0 20 8 10 1.4811e-05 -0.000254301 0 0 0.771258 -0.636523 0 0
376.207 611.34 2.6475 4.9765 6.04147 600 0 2480 12 14 1.59641e-05 -0.000254517 0 0 0.92843 -0.371508 0 0
385.631 610.863 2.6475 4.9765 6.04147 600 0 2178 7 15 2.71851e-05 -8.47681e-05 0 0 0.909936 -0.414748 0 0
394.919 609.196 2.6475 4.9765 6.04147 600 0 2216 7 13 4.05568e-05 -1.65265e-05 0 0 0.879296 -0.476276 0 0
404.185 607.406 2.6475 4.9765 6.04147 600 0 2254 7 13 4.65665e-05 -4.56933e-06 0 0 0.855304 -0.518127 0 0
413.463 605.669 2.6475 4.9765 6.04147 600 0 2292 7 13 4.8043e-05 -4.72492e-06 0 0 0.937106 -0.349044 0 0
422.75 603.981 2.6475 4.9765 6.04147 600 0 2330 7 13 5.1153e-05 -1.25394e-05 0 0 0.902654 -0.430367 0 0
432.033 602.259 2.6475 4.9765 6.04147 600 0 2368 7 13 6.21451e-05 3.42987e-05 0 0 0.922682 -0.385562 0 0
441.391 600.992 2.6475 4.9765 6.04147 600 0 2406 7 13 3.75631e-05 -0.000185551 0 0 0.860516 -0.509423 0 0
450.372 598.07 2.6475 4.9765 6.04147 600 0 2444 7 13 0.000205858 0.000320788 0 0 0.890531 -0.454922 0 0
459.819 598.179 2.6475 4.9765 6.04147 600 0 2482 9 13 0.000214156 -1.42135e-05 0 0 0.953996 -0.299818 0 0
468.813 601.11 2.6475 4.9765 6.04147 600 0 1272 8 10 0.000247875 -0.00011722 0 0 0.930012 -0.367528 0 0
463.01 608.569 2.6475 4.9765 6.04147 600 0 2482 9 14 0.000333741 -5.469e-05 0 0 0.953996 -0.299818 0 0
455.471 614.248 2.6475 4.9765 6.04147 600 0 2444 7 14 3.24716e-05 -0.000441677 0 0 0.9627 -0.27057 0 0
446.038 614.308 2.6475 4.9765 6.04147 600 0 2406 7 14 4.3776e-05 7.26514e-05 0 0 0.988186 -0.15326 0 0
436.704 615.678 2.6475 4.9765 6.04147 600 0 2368 7 14 2.17159e-05 4.95752e-05 0 0 0.978454 -0.206467 0 0
427.563 618.001 2.6475 4.9765 6.04147 600 0 2330 7 14 1.33193e-05 -7.04808e-05 0 0 0.977661 -0.210186 0 0
418.19 619.071 2.6475 4.9765 6.04147 600 0 2292 7 14 -2.82014e-06 3.98895e-05 0 0 0.996283 -0.0861348 0 0
408.936 620.888 2.6475 4.9765 6.04147 600 0 2254 7 14 2.41919e-05 5.81122e-06 0 0 0.989136 -0.147003 0 0
399.722 622.91 2.6475 4.9765 6.04147 600 0 2216 7 14 -1.66731e-05 -1.39911e-05 0 0 0.998935 -0.0461475 0 0
390.444 624.601 2.6475 4.9765 6.04147 600 0 2178 7 14 2.67412e-05 -6.89187e-06 0 0 0.993625 -0.112734 0 0
381.157 626.252 2.6475 4.9765 6.04147 600 0 2140 7 14 -7.29062e-06 2.63214e-05 0 0 0.998257 0.0590118 0 0
371.973 628.391 2.6475 4.9765 6.04147 600 0 2102 7 14 3.27235e-05 -6.15029e-06 0 0 0.996661 -0.0816502 0 0
362.793 630.562 2.6475 4.9765 6.04147 600 0 2064 7 14 -7.59766e-06 5.4803e-07 0 0 0.989455 -0.144842 0 0
353.611 632.708 2.6475 4.9765 6.04147 600 0 2026 7 14 4.0228e-05 -8.83075e-06 0 0 0.999976 -0.00699675 0 0
344.43 634.866 2.6475 4.9765 6.04147 600 0 1988 7 14 6.94284e-07 3.869e-06 0 0 0.996479 -0.0838474 0 0
335.273 637.114 2.6475 4.9765 6.04147 600 0 1950 7 14 4.81063e-05 -8.99954e-06 0 0 0.980507 -0.196483 0 0
326.133 639.435 2.6475 4.9765 6.04147 600 0 1912 7 14 7.51325e-06 1.61337e-06 0 0 0.995597 -0.0937351 0 0
317.019 641.846 2.6475 4.9765 6.04147 600 0 1874 7 14 5.31628e-05 -1.30756e-05 0 0 0.98442 -0.175834 0 0
307.911 644.288 2.6475 4.9765 6.04147 600 0 1836 7 14 1.14018e-05 -5.09294e-06 0 0 0.999118 -0.0419801 0 0
298.79 646.663 2.6475 4.9765 6.04147 600 0 1798 7 14 5.50402e-05 -1.48108e-05 0 0 0.994072 -0.108725 0 0
289.662 649.02 2.6475 4.9765 6.04147 600 0 1760 7 14 1.53529e-05 -2.23127e-06 0 0 0.99484 -0.101452 0 0
280.557 651.452 2.6475 4.9765 6.04147 600 0 1722 7 14 5.22712e-05 -1.32682e-05 0 0 0.974909 -0.222604 0 0
271.461 653.925 2.6475 4.9765 6.04147 600 0 1684 7 14 1.60825e-05 -3.39845e-06 0 0 0.961911 -0.273361 0 0
262.386 656.462 2.6475 4.9765 6.04147 600 0 1646 7 14 4.36746e-05 -9.95104e-06 0 0 0.980307 -0.197478 0 0
253.377 659.226 2.6475 4.9765 6.04147 600 0 1608 7 14 1.54392e-05 -4.0663e-06 0 0 0.976634 -0.214909 0 0
244.395 662.072 2.6475 4.9765 6.04147 600 0 1570 7 14 2.91582e-05 -8.5611e-06 0 0 0.967859 -0.251492 0 0
235.458 665.059 2.6475 4.9765 6.04147 600 0 1532 7 14 1.3756e-05 -4.53378e-06 0 0 0.966523 -0.256581 0 0
226.53 668.067 2.6475 4.9765 6.04147 600 0 1494 7 14 1.3546e-05 -4.56693e-06 0 0 0.955858 -0.293827 0 0
217.601 671.073 2.6475 4.9765 6.04147 600 0 1456 7 14 1.11562e-05 -3.75766e-06 0 0 0.949638 -0.31335 0 0
208.929 674.755 2.6475 4.9765 6.04147 600 0 1418 7 14 1.07809e-06 -3.42086e-07 0 0 0.940151 -0.340759 0 0
199.955 677.62 2.6475 4.9765 6.04147 600 0 1380 7 14 6.57872e-06 -5.77565e-06 0 0 0.915355 -0.402648 0 0
192.591 683.496 2.6475 4.9765 6.04147 600 0 1342 7 14 -3.53205e-06 5.18517e-06 0 0 0.968539 -0.248862 0 0
183.404 685.582 2.6475 4.9765 6.04147 600 0 1304 7 14 8.84002e-06 -6.13511e-06 0 0 0.932641 -0.360805 0 0
175.661 690.949 2.6475 4.9765 6.04147 600 0 1266 7 14 1.89413e-06 1.58501e-05 0 0 0.921294 -0.388867 0 0
184.181 694.972 2.6475 4.9765 6.04147 600 0 923 7 15 2.9026e-05 9.43248e-06 0 0 0.997939 0.064173 0 0
192.884 698.58 2.6475 4.9765 6.04147 600 0 961 7 13 3.88942e-06 1.73339e-06 0 0 0.999482 -0.032196 0 0
201.58 702.208 2.6475 4.9765 6.04147 600 0 999 7 13 2.53036e-05 6.30923e-06 0 0 0.999749 0.0224098 0 0
210.448 705.393 2.6475 4.9765 6.04147 600 0 1037 7 13 9.60457e-06 1.06197e-06 0 0 0.999261 -0.0384383 0 0
219.396 708.348 2.6475 4.9765 6.04147 600 0 1075 7 13 2.09143e-05 5.26792e-06 0 0 0.991724 0.128387 0 0
228.385 711.174 2.6475 4.9765 6.04147 600 0 1113 7 13 1.42296e-05 3.73149e-06 0 0 0.997377 0.0723855 0 0
237.391 713.949 2.6475 4.9765 6.04147 600 0 1151 7 13 1.71278e-05 5.18636e-06 0 0 0.998966 0.0454547 0 0
246.4 716.718 2.6475 4.9765 6.04147 600 0 1189 7 13 1.86337e-05 6.09338e-06 0 0 0.995515 -0.0946078 0 0
255.402 719.507 2.6475 4.9765 6.04147 600 0 1227 7 13 1.42586e-05 5.04558e-06 0 0 0.989538 -0.144271 0 0
264.396 722.327 2.6475 4.9765 6.04147 600 0 1265 7 13 2.25209e-05 7.81975e-06 0 0 0.986465 0.16397 0 0
273.379 725.18 2.6475 4.9765 6.04147 600 0 1303 7 13 1.22103e-05 4.57785e-06 0 0 0.997142 -0.0755466 0 0
282.354 728.061 2.6475 4.9765 6.04147 600 0 1341 7 13 2.56933e-05 8.75382e-06 0 0 0.991448 -0.130503 0 0
291.323 730.96 2.6475 4.9765 6.04147 600 0 1379 7 13 1.09455e-05 3.5514e-06 0 0 0.999699 -0.0245537 0 0
300.293 733.86 2.6475 4.9765 6.04147 600 0 1417 7 13 2.8246e-05 8.21114e-06 0 0 0.991871 -0.127247 0 0
309.272 736.731 2.6475 4.9765 6.04147 600 0 1455 7 13 1.08687e-05 8.62652e-07 0 0 0.978385 -0.206793 0 0
318.277 739.527 2.6475 4.9765 6.04147 600 0 1493 7 13 3.08969e-05 3.94965e-06 0 0 0.99621 -0.0869835 0 0
327.326 742.171 2.6475 4.9765 6.04147 600 0 1531 7 13 1.29635e-05 -6.29291e-06 0 0 0.991983 -0.126375 0 0
336.45 744.551 2.6475 4.9765 6.04147 600 0 1569 7 13 3.45908e-05 -7.76094e-06 0 0 0.98393 -0.178555 0 0
345.671 746.523 2.6475 4.9765 6.04147 600 0 1607 7 13 1.75985e-05 -2.11572e-05 0 0 0.995487 -0.0948953 0 0
355 747.896 2.6475 4.9765 6.04147 600 0 1645 7 13 3.84895e-05 -2.88623e-05 0 0 0.985003 -0.17254 0 0
364.411 748.495 2.6475 4.9765 6.04147 600 0 1683 7 13 2.23017e-05 -4.15617e-05 0 0 0.964429 -0.264343 0 0
373.837 748.164 2.6475 4.9765 6.04147 600 0 1721 7 15 3.93757e-05 -5.15229e-05 0 0 0.998124 -0.0612282 0 0
383.177 746.849 2.6475 4.9765 6.04147 600 0 2178 7 13 2.54689e-05 -5.52421e-05 0 0 0.883376 -0.468665 0 0
392.342 744.613 2.6475 4.9765 6.04147 600 0 2216 7 13 3.95547e-05 -5.98584e-05 0 0 0.808234 -0.588862 0 0
401.281 741.599 2.6475 4.9765 6.04147 600 0 2254 7 13 3.28255e-05 -5.20537e-05 0 0 0.807923 -0.589288 0 0
410.016 738.03 2.6475 4.9765 6.04147 600 0 2292 7 13 4.75985e-05 -4.79664e-05 0 0 0.766076 -0.64275 0 0
418.607 734.124 2.6475 4.9765 6.04147 600 0 2330 7 13 4.64187e-05 -4.01594e-05 0 0 0.731294 -0.682062 0 0
427.106 730.018 2.6475 4.9765 6.04147 600 0 2368 7 13 7.52573e-05 -3.35103e-06 0 0 0.796312 -0.604886 0 0
435.748 726.218 2.6475 4.9765 6.04147 600 0 2406 7 13 -1.0106e-05 -0.000196828 0 0 0.777235 -0.62921 0 0
443.445 720.749 2.6475 4.9765 6.04147 600 0 2444 7 13 0.000326621 0.000261237 0 0 0.740576 -0.671973 0 0
452.614 718.474 2.6475 4.9765 6.04147 600 0 2482 9 13 0.000240463 -8.64069e-05 0 0 0.818648 -0.574295 0 0
462.054 719.087 2.6475 4.9765 6.04147 600 0 322 8 10 0.000252517 -0.000149547 0 0 0.818648 -0.574295 0 0
458.277 727.751 2.6475 4.9765 6.04147 600 0 2482 9 14 0.000296314 -0.000117388 0 0 0.818648 -0.574295 0 0
452.228 734.994 2.6475 4.9765 6.04147 600 0 2444 7 14 -2.10098e-05 -0.000429633 0 0 0.88477 -0.466029 0 0
443.156 737.588 2.6475 4.9765 6.04147 600 0 2406 7 14 7.2552e-05 0.000110278 0 0 0.867955 -0.496643 0 0
435.044 742.391 2.6475 4.9765 6.04147 600 0 2368 7 14 0.00011101 -0.000102688 0 0 0.878617 -0.477528 0 0
426.521 746.441 2.6475 4.9765 6.04147 600 0 2330 7 14 -2.91379e-05 4.73436e-05 0 0 0.867104 -0.498127 0 0
418.347 751.124 2.6475 4.9765 6.04147 600 0 2292 7 14 0.000173785 -0.000110291 0 0 0.825827 -0.563923 0 0
409.931 755.415 2.6475 4.9765 6.04147 600 0 2254 7 14 -0.000288242 0.000296405 0 0 0.803345 -0.595514 0 0
400.685 757.112 2.6475 4.9765 6.04147 600 0 2216 7 14 0.000478188 9.73032e-05 0 0 0.900414 -0.435035 0 0
406.775 764.267 2.6475 4.9765 6.04147 600 0 1873 7 15 -4.74298e-05 -0.000509916 0 0 0.987658 -0.156625 0 0
412.648 771.658 2.6475 4.9765 6.04147 600 0 1911 7 13 0.000124459 5.70568e-05 0 0 0.973054 -0.230576 0 0
421.761 774.033 2.6475 4.9765 6.04147 600 0 1949 7 13 -3.24321e-05 3.9773e-06 0 0 0.977637 -0.210299 0 0
430.373 777.866 2.6475 4.9765 6.04147 600 0 1987 7 13 9.85486e-05 1.06951e-05 0 0 0.964507 -0.264057 0 0
439.523 780.111 2.6475 4.9765 6.04147 600 0 2025 7 13 -1.00627e-05 1.44645e-06 0 0 0.938141 -0.346253 0 0
448.623 782.57 2.6475 4.9765 6.04147 600 0 2063 7 13 4.66888e-05 3.39089e-06 0 0 0.962736 -0.270443 0 0
457.817 784.636 2.6475 4.9765 6.04147 600 0 2101 7 13 -6.73955e-06 -1.23415e-05 0 0 0.944277 -0.329151 0 0
467.111 786.21 2.6475 4.9765 6.04147 600 0 2139 7 13 1.55582e-05 -2.53268e-05 0 0 0.924471 -0.381253 0 0
476.53 786.56 2.6475 4.9765 6.04147 600 0 2177 7 13 -1.28666e-05 -9.78503e-06 0 0 0.971149 -0.238473 0 0
485.955 786.468 2.6475 4.9765 6.04147 600 0 2215 7 13 -7.20428e-06 -2.16444e-06 0 0 0.950936 -0.309387 0 0
495.378 786.266 2.6475 4.9765 6.04147 600 0 2253 7 13 -1.89357e-05 3.20158e-05 0 0 0.873125 -0.487497 0 0
504.682 787.768 2.6475 4.9765 6.04147 600 0 2291 7 13 4.96846e-06 -0.000106241 0 0 0.934573 -0.355772 0 0
513.306 783.963 2.6475 4.9765 6.04147 600 0 2329 7 13 7.12124e-05 5.27233e-05 0 0 0.891921 -0.452191 0 0
522.682 782.992 2.6475 4.9765 6.04147 600 0 2367 7 13 6.01629e-05 -6.58597e-05 0 0 0.826456 -0.563002 0 0
531.722 780.314 2.6475 4.9765 6.04147 600 0 2405 7 13 6.61804e-05 -4.31404e-05 0 0 0.795616 -0.605802 0 0
540.602 777.139 2.6475 4.9765 6.04147 600 0 2443 7 13 0.000191871 0.000303319 0 0 0.764888 -0.644163 0 0
549.65 779.814 2.6475 4.9765 6.04147 600 0 2481 9 13 0.000328744 -0.000157081 0 0 0.909328 -0.41608 0 0
557.949 784.328 2.6475 4.9765 6.04147 0.1 0 1843 8 10 0.000244457 -2.83278e-06 0 0 0.940369 -0.340155 0 0
550.876 790.615 2.6475 4.9765 6.04147 600 0 2481 9 14 0.000125024 -0.000134955 0 0 0.999816 -0.0191923 0 0
542.127 794.191 2.6475 4.9765 6.04147 600 0 2443 7 14 4.20053e-05 -0.000332314 0 0 0.999939 0.0110678 0 0
532.771 795.515 2.6475 4.9765 6.04147 600 0 2405 7 14 9.40118e-05 5.47125e-05 0 0 0.999447 -0.0332621 0 0
523.511 797.39 2.6475 4.9765 6.04147 600 0 2367 7 14 6.52952e-05 -7.39188e-05 0 0 0.999873 -0.0159601 0 0
514.161 798.727 2.6475 4.9765 6.04147 600 0 2329 7 14 6.55572e-05 -5.91169e-05 0 0 0.996743 0.0806489 0 0
504.756 799.576 2.6475 4.9765 6.04147 600 0 2291 7 14 6.35782e-05 -5.27048e-05 0 0 0.961693 0.27413 0 0
495.32 799.923 2.6475 4.9765 6.04147 600 0 2253 7 14 6.29091e-05 -3.95805e-05 0 0 0.985921 0.16721 0 0
485.88 799.839 2.6475 4.9765 6.04147 600 0 2215 7 14 5.93147e-05 -2.9868e-05 0 0 0.967459 0.253029 0 0
476.453 799.377 2.6475 4.9765 6.04147 600 0 2177 7 14 5.88356e-05 -2.40739e-05 0 0 0.98861 0.1505 0 0
467.051 798.552 2.6475 4.9765 6.04147 600 0 2139 7 14 5.17201e-05 -2.05538e-05 0 0 0.960346 0.27881 0 0
457.689 797.368 2.6475 4.9765 6.04147 600 0 2101 7 14 5.32759e-05 -1.60765e-05 0 0 0.976275 0.216533 0 0
448.379 795.832 2.6475 4.9765 6.04147 600 0 2063 7 14 3.89453e-05 -1.35289e-05 0 0 0.983867 0.178902 0 0
439.13 793.973 2.6475 4.9765 6.04147 600 0 2025 7 14 4.50351e-05 -7.15631e-06 0 0 0.96802 0.250874 0 0
429.942 791.834 2.6475 4.9765 6.04147 600 0 1987 7 14 2.03568e-05 -8.71746e-06 0 0 0.983879 0.178834 0 0
420.814 789.458 2.6475 4.9765 6.04147 600 0 1949 7 14 3.47226e-05 -1.64447e-06 0 0 0.949462 0.313883 0 0
411.739 786.881 2.6475 4.9765 6.04147 600 0 1911 7 14 -1.49745e-07 -9.40941e-06 0 0 0.973969 0.22668 0 0
402.717 784.134 2.6475 4.9765 6.04147 600 0 1873 7 14 2.36876e-05 -6.75859e-07 0 0 0.916705 0.399564 0 0
393.74 781.236 2.6475 4.9765 6.04147 600 0 1835 7 14 -1.59227e-05 -1.22508e-05 0 0 0.945345 0.326071 0 0
384.808 778.21 2.6475 4.9765 6.04147 600 0 1797 7 14 1.36622e-05 -8.79063e-07 0 0 0.952898 0.30329 0 0
375.909 775.082 2.6475 4.9765 6.04147 600 0 1759 7 14 -1.98413e-05 -1.06997e-05 0 0 0.915079 0.403274 0 0
367.035 771.889 2.6475 4.9765 6.04147 600 0 1721 7 14 7.81501e-06 1.50233e-06 0 0 0.937692 0.347468 0 0
358.167 768.673 2.6475 4.9765 6.04147 600 0 1683 7 14 -6.52608e-06 -5.20076e-07 0 0 0.949551 0.313614 0 0
349.289 765.49 2.6475 4.9765 6.04147 600 0 1645 7 14 9.31658e-06 7.94478e-06 0 0 0.971555 0.236815 0 0
340.382 762.389 2.6475 4.9765 6.04147 600 0 1607 7 14 2.63653e-05 1.65622e-05 0 0 0.980345 0.197293 0 0
331.427 759.43 2.6475 4.9765 6.04147 600 0 1569 7 14 1.78325e-05 1.63451e-05 0 0 0.873866 0.486167 0 0
322.407 756.686 2.6475 4.9765 6.04147 600 0 1531 7 14 7.58368e-05 3.48313e-05 0 0 0.863459 0.50442 0 0
313.296 754.249 2.6475 4.9765 6.04147 600 0 1493 7 14 2.19053e-05 3.61335e-05 0 0 0.902526 0.430636 0 0
303.999 752.697 2.6475 4.9765 6.04147 600 0 1455 7 14 9.49485e-05 -7.64382e-09 0 0 0.918615 0.395154 0 0
294.835 750.468 2.6475 4.9765 6.04147 600 0 1417 7 15 -9.8035e-05 0.000106576 0 0 0.84502 0.534734 0 0
285.66 748.358 2.6475 4.9765 6.04147 600 0 1756 7 13 0.00022908 0.000121426 0 0 0.646348 0.763043 0 0
288.42 757.355 2.6475 4.9765 6.04147 600 0 1794 7 13 7.54281e-05 -0.000175061 0 0 0.752687 0.658378 0 0
292.453 765.876 2.6475 4.9765 6.04147 600 0 1832 7 13 4.08131e-06 3.90671e-05 0 0 0.604208 0.796827 0 0
293.67 775.218 2.6475 4.9765 6.04147 600 0 1870 7 13 2.93871e-05 5.06984e-06 0 0 0.627593 0.778542 0 0
299.277 782.792 2.6475 4.9765 6.04147 600 0 1908 7 13 1.71718e-05 6.12676e-05 0 0 0.696634 0.717426 0 0
303.358 791.284 2.6475 4.9765 6.04147 600 0 1946 7 13 3.46402e-05 7.47839e-06 0 0 0.745985 0.665963 0 0
309.004 798.831 2.6475 4.9765 6.04147 600 0 1984 7 13 1.9877e-05 5.05272e-05 0 0 0.665634 0.746278 0 0
314.088 806.767 2.6475 4.9765 6.04147 600 0 2022 7 13 1.96018e-05 1.22613e-05 0 0 0.700718 0.713438 0 0
319.526 814.467 2.6475 4.9765 6.04147 600 0 2060 7 13 2.53823e-05 3.44627e-05 0 0 0.756709 0.653752 0 0
324.99 822.148 2.6475 4.9765 6.04147 600 0 2098 7 13 1.62567e-05 6.40664e-06 0 0 0.804045 0.594569 0 0
330.715 829.638 2.6475 4.9765 6.04147 600 0 2136 7 13 1.26807e-05 3.68644e-05 0 0 0.863714 0.503982 0 0
336.143 837.346 2.6475 4.9765 6.04147 600 0 2174 7 13 2.08292e-05 2.04533e-07 0 0 0.86307 0.505085 0 0
341.964 844.765 2.6475 4.9765 6.04147 600 0 2212 7 13 2.03779e-05 3.05921e-05 0 0 0.840044 0.542518 0 0
347.727 852.227 2.6475 4.9765 6.04147 600 0 2250 7 13 3.3722e-05 -7.59178e-06 0 0 0.87299 0.487739 0 0
354.087 859.19 2.6475 4.9765 6.04147 600 0 2288 7 13 2.76797e-05 2.85497e-05 0 0 0.861834 0.507191 0 0
360.468 866.133 2.6475 4.9765 6.04147 600 0 2326 7 13 4.44336e-05 -1.00062e-05 0 0 0.921701 0.387901 0 0
367.442 872.484 2.6475 4.9765 6.04147 600 0 2364 7 13 1.68353e-05 4.67379e-05 0 0 0.90127 0.433258 0 0
374.109 879.156 2.6475 4.9765 6.04147 600 0 2402 7 13 5.5268e-05 -6.01367e-06 0 0 0.94669 0.322147 0 0
381.296 885.267 2.6475 4.9765 6.04147 600 0 2440 7 13 -0.00017412 0.000279831 0 0 0.902457 0.430781 0 0
384.542 894.127 2.6475 4.9765 6.04147 600 0 2478 9 13 0.00022146 0.000131356 0 0 0.93094 0.365171 0 0
384.619 903.573 2.6475 4.9765 6.04147 600 0 782 8 10 7.66995e-05 0.000134985 0 0 0.76967 0.638442 0 0
375.69 900.433 2.6475 4.9765 6.04147 600 0 2478 9 14 0.000123771 -5.41148e-06 0 0 0.720029 0.693944 0 0
368.318 894.51 2.6475 4.9765 6.04147 600 0 2440 7 14 0.00019947 -0.00010114 0 0 0.666927 0.745123 0 0
361.889 887.578 2.6475 4.9765 6.04147 600 0 2402 7 14 8.06971e-06 7.2763e-05 0 0 0.71568 0.698428 0 0
355.246 880.853 2.6475 4.9765 6.04147 600 0 2364 7 14 6.37081e-05 1.51384e-05 0 0 0.585513 0.810663 0 0
348.787 873.952 2.6475 4.9765 6.04147 600 0 2326 7 14 5.79108e-05 1.72661e-05 0 0 0.661117 0.750283 0 0
342.504 866.893 2.6475 4.9765 6.04147 600 0 2288 7 14 5.37401e-05 1.82326e-05 0 0 0.464001 0.885835 0 0
336.392 859.687 2.6475 4.9765 6.04147 600 0 2250 7 14 4.96794e-05 1.88296e-05 0 0 0.557647 0.830078 0 0
330.447 852.343 2.6475 4.9765 6.04147 600 0 2212 7 14 4.5033e-05 2.01186e-05 0 0 0.55722 0.830365 0 0
324.656 844.879 2.6475 4.9765 6.04147 600 0 2174 7 14 3.95493e-05 2.20245e-05 0 0 0.630253 0.77639 0 0
318.994 837.319 2.6475 4.9765 6.04147 600 0 2136 7 14 3.45785e-05 2.36986e-05 0 0 0.474209 0.880412 0 0
313.435 829.683 2.6475 4.9765 6.04147 600 0 2098 7 14 3.07126e-05 2.46634e-05 0 0 0.494265 0.869311 0 0
307.959 821.989 2.6475 4.9765 6.04147 600 0 2060 7 14 2.77516e-05 2.51685e-05 0 0 0.342389 0.939558 0 0
302.551 814.248 2.6475 4.9765 6.04147 600 0 2022 7 14 2.50291e-05 2.56724e-05 0 0 0.404329 0.914614 0 0
297.193 806.473 2.6475 4.9765 6.04147 600 0 1984 7 14 2.18015e-05 2.66969e-05 0 0 0.550092 0.835104 0 0
291.862 798.681 2.6475 4.9765 6.04147 600 0 1946 7 14 1.76642e-05 2.85087e-05 0 0 0.386692 0.922209 0 0
286.516 790.9 2.6475 4.9765 6.04147 600 0 1908 7 14 1.23238e-05 3.13083e-05 0 0 0.408992 0.912538 0 0
281.097 783.171 2.6475 4.9765 6.04147 600 0 1870 7 14 6.30488e-06 3.4811e-05 0 0 0.368926 0.929459 0 0
275.527 775.55 2.6475 4.9765 6.04147 600 0 1832 7 14 -2.25085e-07 3.89695e-05 0 0 0.472277 0.88145 0 0
269.718 768.112 2.6475 4.9765 6.04147 600 0 1794 7 14 -6.07712e-06 4.30551e-05 0 0 0.400311 0.916379 0 0
263.581 760.942 2.6475 4.9765 6.04147 600 0 1756 7 14 -1.09714e-05 4.68245e-05 0 0 0.748695 0.662915 0 0
257.039 754.141 2.6475 4.9765 6.04147 600 0 1718 7 14 -1.39412e-05 4.93783e-05 0 0 0.780763 0.624827 0 0
250.047 747.805 2.6475 4.9765 6.04147 600 0 1265 7 15 -1.4882e-05 5.01496e-05 0 0 0.949076 0.315046 0 0
242.596 742.016 2.6475 4.9765 6.04147 600 0 1227 7 14 -1.40675e-05 4.89545e-05 0 0 0.859972 0.510342 0 0
234.717 736.825 2.6475 4.9765 6.04147 600 0 1189 7 14 -1.18938e-05 4.55297e-05 0 0 0.896619 0.442803 0 0
226.471 732.24 2.6475 4.9765 6.04147 600 0 1151 7 14 -9.36586e-06 4.09991e-05 0 0 0.926305 0.376774 0 0
217.927 728.238 2.6475 4.9765 6.04147 600 0 1113 7 14 -6.86087e-06 3.56932e-05 0 0 0.836447 0.548047 0 0
209.154 724.766 2.6475 4.9765 6.04147 600 0 1075 7 14 -4.88374e-06 3.09173e-05 0 0 0.882132 0.471001 0 0
200.208 721.77 2.6475 4.9765 6.04147 600 0 1037 7 14 -3.43485e-06 2.68557e-05 0 0 0.804703 0.593678 0 0
191.131 719.198 2.6475 4.9765 6.04147 600 0 999 7 14 -2.48639e-06 2.39977e-05 0 0 0.854622 0.519251 0 0
181.954 717.013 2.6475 4.9765 6.04147 600 0 961 7 14 -1.90712e-06 2.21422e-05 0 0 0.894128 0.447811 0 0
172.697 715.192 2.6475 4.9765 6.04147 600 0 923 7 14 -1.53086e-06 2.11084e-05 0 0 0.933399 0.35884 0 0
163.379 713.721 2.6475 4.9765 6.04147 600 0 885 7 14 -1.26247e-06 2.04936e-05 0 0 0.945027 0.326991 0 0
154.012 712.595 2.6475 4.9765 6.04147 600 0 847 7 14 -9.95471e-07 1.98943e-05 0 0 0.909383 0.41596 0 0
144.611 711.806 2.6475 4.9765 6.04147 600 0 809 7 14 -7.03261e-07 1.87219e-05 0 0 0.933493 0.358596 0 0
135.189 711.335 2.6475 4.9765 6.04147 600 0 771 7 14 -3.72536e-07 1.6294e-05 0 0 0.961519 0.274738 0 0
125.757 711.142 2.6475 4.9765 6.04147 600 0 733 7 14 -1.18126e-07 1.39817e-05 0 0 0.973796 0.227423 0 0
117.706 716.049 2.6475 4.9765 6.04147 600 0 695 7 14 -2.64823e-06 9.60185e-06 0 0 0.971828 0.235692 0 0
117.474 706.639 2.6475 4.9765 6.04147 600 0 657 7 14 2.5466e-06 9.35408e-06 0 0 0.999994 -0.0033773 0 0
109.423 711.546 2.6475 4.9765 6.04147 0.1 0 0 7 15 1.56547e-08 4.9556e-06 0 0 9.19036e-311 3.16202e-322 0 0
100 712 2.6475 4.9765 6.04147 0.1 0 0 7 7 0.000552755 -0.0267002 0 0 8.74496e-322 4.65695e-310 0 0
100 721 2.6475 4.9765 6.04147 0.1 0 0 7 7 -0 -0 0 0 3.16202e-322 4.65806e-310 0 0
100 730 2.6475 4.9765 6.04147 0.1 0 0 7 7 -0 -0 0 0 0 4.65695e-310 0 0
100 739 2.6475 4.9765 6.04147 0.1 0 0 7 7 -0 -0 0 0 4.65695e-310 4.65695e-310 0 0
100 748 2.6475 4.9765 6.04147 0.1 0 0 7 7 -0 -0 0 0 1.89474e-320 0 0 0
100 757 2.6475 4.9765 6.04147 0.1 0 0 7 7 -0 -0 0 0 4.65695e-310 4.65695e-310 0 0
100 766 2.6475 4.9765 6.04147 0.1 0 0 7 7 -0 -0 0 0 6.9211e-310 4.65695e-310 0 0
100 775 2.6475 4.9765 6.04147 0.1 0 0 7 7 -0 -0 0 0 4.65695e-310 1.58101e-322 0 0
100 784 2.6475 4.9765 6.04147 0.1 0 0 7 7 -0 -0 0 0 1.11165e-321 4.65695e-310 0 0
100 793 2.6475 4.9765 6.04147 0.1 0 0 7 7 -0 -0 0 0 2.37152e-322 4.65806e-310 0 0
100 802 2.6475 4.9765 6.04147 0.1 0 0 7 7 -0 0.0266735 0 0 3.16202e-322 4.65806e-310 0 0
