591.798 455.989 5.295 9.953 12.0829 0.1 0 75 3 1 -1.03068e-09 -7.42363e-10 0 0 0 0 0 0
597.212 416.765 5.295 9.953 12.0829 0.1 0 161 3 1 4.26143e-11 -1.29007e-09 0 0 4.94066e-324 1.25562e-314 0 0
596.555 436.66 5.295 9.953 12.0829 0.1 0 94 3 1 -2.18919e-11 -9.68412e-10 0 0 4.94066e-324 1.25562e-314 0 0
614.609 428.276 5.295 9.953 12.0829 0.1 0 90 3 1 3.11071e-10 -8.03281e-10 0 0 4.94066e-324 1.25562e-314 0 0
624.345 445.639 5.295 9.953 12.0829 0.1 0 67 3 1 2.26468e-10 -5.03548e-10 0 0 4.94066e-324 1.25562e-314 0 0
611.171 460.561 5.295 9.953 12.0829 0.1 0 52 3 1 -7.10466e-10 -8.32703e-10 0 0 1.11171e-315 6.9212e-310 0 0
639.122 432.302 5.295 9.953 12.0829 0.1 0 75 3 1 5.57876e-10 -5.03493e-10 0 0 4.94066e-324 1.25562e-314 0 0
643.082 452.361 5.295 9.953 12.0829 0.1 0 49 3 1 4.01746e-10 -2.90829e-10 0 0 0 0 0 0
661.112 428.823 5.295 9.953 12.0829 0.1 0 90 3 1 -2.28183e-10 -1.59967e-10 0 0 4.94066e-324 1.25562e-314 0 0
677.411 440.249 5.295 9.953 12.0829 0.1 0 77 3 1 7.31316e-10 -1.26797e-09 0 0 4.94066e-324 1.25562e-314 0 0
662.941 453.918 5.295 9.953 12.0829 0.1 0 51 3 1 2.74597e-10 -1.15986e-09 0 0 0 0 0 0
697.313 440.64 5.295 9.953 12.0829 0.1 0 110 3 1 9.88021e-10 1.93864e-11 0 0 4.94066e-324 1.25562e-314 0 0
685.204 458.968 5.295 9.953 12.0829 0.1 0 64 3 1 1.42284e-11 -1.46928e-11 0 0 0 0 0 0
587.932 475.515 5.295 9.953 12.0829 0.1 0 65 3 1 -1.80603e-09 -3.84417e-10 0 0 4.65695e-310 3.16202e-322 0 0
607.306 480.088 5.295 9.953 12.0829 0.1 0 44 3 1 -1.36064e-09 -5.50071e-10 0 0 4.65695e-310 3.16202e-322 0 0
651.664 470.321 5.295 9.953 12.0829 0.1 0 36 3 1 7.5749e-10 -2.20076e-10 0 0 4.94066e-324 1.25562e-314 0 0
629.643 467.98 5.295 9.953 12.0829 0.1 0 38 3 1 -8.30248e-11 -1.60837e-09 0 0 4.94066e-324 4.65806e-310 0 0
671.356 473.268 5.295 9.953 12.0829 0.1 0 41 3 1 -1.42284e-11 1.46928e-11 0 0 8.74496e-322 4.65695e-310 0 0
704.067 465.382 5.295 9.953 12.0829 0.1 0 82 3 1 5.14574e-10 -1.13083e-09 0 0 4.94066e-324 1.25562e-314 0 0
695.823 483.5 5.295 9.953 12.0829 0.1 0 65 3 1 1.17538e-09 -4.80749e-10 0 0 4.73629e-311 4.74266e-311 0 0
583.536 494.929 5.295 9.953 12.0829 0.1 0 66 3 2 -9.1489e-10 3.2828e-10 0 0 4.65695e-310 0 0 0
602.391 501.31 5.295 9.953 12.0829 0.1 0 43 3 1 -1.08913e-09 2.36917e-09 0 0 4.94066e-324 1.25562e-314 0 0
621.079 494.458 5.295 9.953 12.0829 0.1 0 34 3 1 -1.27819e-09 1.70602e-10 0 0 4.94066e-324 4.65806e-310 0 0
638.905 485.6 5.295 9.953 12.0829 0.1 1 1620 0 0 -7.58717e-10 -7.67474e-10 0 0 4.94066e-324 1.25562e-314 0 0
645.306 504.557 5.295 9.953 12.0829 0.1 1 648 0 0 3.05842e-10 -7.74338e-10 0 0 4.65695e-310 4.65695e-310 0 0
658.515 489.011 5.295 9.953 12.0829 0.1 1 941 0 0 -1.20132e-10 3.02605e-10 0 0 4.94066e-324 1.25562e-314 0 0
664.933 507.881 5.295 9.953 12.0829 0.1 1 1140 0 0 3.47826e-10 -6.57113e-10 0 0 5.30711e-311 5.31136e-311 0 0
678.101 492.564 5.295 9.953 12.0829 0.1 0 43 3 1 7.8561e-10 -5.87159e-11 0 0 4.94066e-324 1.25562e-314 0 0
715.727 483.301 5.295 9.953 12.0829 0.1 0 91 3 1 1.52444e-09 -4.01266e-10 0 0 4.94066e-324 1.25562e-314 0 0
713.956 503.128 5.295 9.953 12.0829 0.1 0 98 3 1 1.71342e-09 -2.05964e-10 0 0 4.94066e-324 1.25562e-314 0 0
720.417 521.956 5.295 9.953 12.0829 0.1 0 105 3 1 4.14998e-10 4.5187e-10 0 0 4.65695e-310 4.65695e-310 0 0
550.272 516.801 5.295 9.953 12.0829 0.1 0 157 3 1 -1.54965e-09 1.00061e-09 0 0 4.94066e-324 1.25562e-314 0 0
566.995 506.003 5.295 9.953 12.0829 0.1 0 91 3 1 -1.71924e-09 2.47047e-11 0 0 4.94066e-324 1.25562e-314 0 0
581.359 519.784 5.295 9.953 12.0829 0.1 0 79 3 1 -1.45579e-09 1.59522e-10 0 0 4.94066e-324 1.25562e-314 0 0
601.031 522.827 5.295 9.953 12.0829 0.1 0 51 3 1 -1.31281e-09 1.98153e-09 0 0 4.94066e-324 1.25562e-314 0 0
583.94 539.522 5.295 9.953 12.0829 0.1 0 73 3 1 -2.52114e-10 1.28797e-10 0 0 0 4.65695e-310 0 0
618.996 514.254 5.295 9.953 12.0829 0.1 0 40 3 1 -1.23086e-09 8.58084e-10 0 0 4.94066e-324 1.25562e-314 0 0
620.551 534.099 5.295 9.953 12.0829 0.1 0 46 3 1 5.163e-10 1.04447e-09 0 0 3.21143e-322 4.65695e-310 0 0
637.038 522.664 5.295 9.953 12.0829 0.1 1 1393 0 0 9.97399e-11 -5.80116e-10 0 0 4.94066e-324 1.25562e-314 0 0
643.955 541.329 5.295 9.953 12.0829 0.1 0 42 3 1 3.13669e-10 -1.34987e-10 0 0 4.65695e-310 5.02276e-311 0 0
656.664 525.988 5.295 9.953 12.0829 0.1 1 1828 0 0 5.15724e-10 -3.12618e-10 0 0 4.65695e-310 4.65695e-310 0 0
694.092 504.418 5.295 9.953 12.0829 0.1 0 54 3 1 1.35006e-09 2.87694e-10 0 0 4.94066e-324 1.25562e-314 0 0
680.643 520.736 5.295 9.953 12.0829 0.1 0 52 3 1 -0 -0 0 0 4.94066e-324 1.25562e-314 0 0
700.552 523.246 5.295 9.953 12.0829 0.1 0 68 3 1 3.17948e-10 1.18091e-09 0 0 6.9211e-310 4.65695e-310 0 0
603.32 544.066 5.295 9.953 12.0829 0.1 0 64 3 1 -1.38176e-10 3.05461e-10 0 0 4.94066e-324 1.25562e-314 0 0
591.335 561.678 5.295 9.953 12.0829 0.1 0 91 3 1 -5.11982e-10 8.16028e-11 0 0 4.94066e-324 1.25562e-314 0 0
572.342 555.719 5.295 9.953 12.0829 0.1 0 121 3 1 -6.71461e-10 -2.10688e-10 0 0 4.65695e-310 4.65695e-310 0 0
611.123 563.837 5.295 9.953 12.0829 0.1 0 76 3 1 -2.36716e-10 4.32514e-10 0 0 4.94066e-324 1.25562e-314 0 0
608.825 583.609 5.295 9.953 12.0829 0.1 0 122 3 1 -8.0238e-11 6.90457e-10 0 0 4.65695e-310 5.3538e-311 0 0
627.718 552.844 5.295 9.953 12.0829 0.1 0 56 3 1 -1.16323e-11 7.8442e-11 0 0 4.94066e-324 1.25562e-314 0 0
671.989 538.691 5.295 9.953 12.0829 0.1 0 48 3 1 4.73342e-10 4.00755e-10 0 0 4.94066e-324 1.25562e-314 0 0
659.29 554.02 5.295 9.953 12.0829 0.1 0 57 3 1 4.71238e-10 4.36427e-10 0 0 4.94066e-324 1.25562e-314 0 0
656.002 576.79 5.295 9.953 12.0829 0.1 0 89 3 1 -0 -0 0 0 4.94066e-324 1.25562e-314 0 0
692.635 580.356 5.295 9.953 12.0829 0.1 0 126 3 1 7.25077e-11 -2.32001e-11 0 0 4.94066e-324 1.25562e-314 0 0
673.676 586.422 5.295 9.953 12.0829 0.1 0 110 3 1 3.41804e-10 1.07762e-09 0 0 4.94066e-324 1.25562e-314 0 0
663.93 603.779 5.295 9.953 12.0829 0.1 0 171 3 1 -5.22587e-10 9.3063e-10 0 0 4.65695e-310 0 0 0
705.382 542.557 5.295 9.953 12.0829 0.1 0 90 3 1 1.77062e-09 1.22442e-09 0 0 4.94066e-324 1.25562e-314 0 0
687.459 551.217 5.295 9.953 12.0829 0.1 0 74 3 1 9.69626e-10 3.57038e-10 0 0 4.94066e-324 1.25562e-314 0 0
674.76 566.546 5.295 9.953 12.0829 0.1 0 78 3 1 8.09365e-10 6.99901e-10 0 0 4.65695e-310 0 0 0
80 235 2.6475 4.9765 6.04147 0.1 0 0 7 7 -0 -0.0266735 0 0 1.63042e-322 7.11455e-322 0 0
80 244 2.6475 4.9765 6.04147 0.1 0 0 7 7 -0 -0 0 0 0 0 0 0
80 253 2.6475 4.9765 6.04147 0.1 0 0 7 7 -0 -0 0 0 0 0 0 0
80 262 2.6475 4.9765 6.04147 0.1 0 0 7 7 -0 -0 0 0 0 0 0 0
80 271 2.6475 4.9765 6.04147 0.1 0 0 7 7 -0 -0 0 0 0 0 0 0
80 280 2.6475 4.9765 6.04147 0.1 0 0 7 7 -0 -0 0 0 0 0 0 0
80 289 2.6475 4.9765 6.04147 0.1 0 0 7 7 -0 -0 0 0 0 0 0 0
80 298 2.6475 4.9765 6.04147 0.1 0 0 7 7 -0 -0 0 0 0 0 0 0
80 307 2.6475 4.9765 6.04147 0.1 0 0 7 7 -0 -0 0 0 0 0 0 0
80 316 2.6475 4.9765 6.04147 0.1 0 0 7 7 -0 -0 0 0 0 0 0 0
80 325 2.6475 4.9765 6.04147 0.1 0 0 7 7 -0 -0 0 0 0 0 0 0
80 334 2.6475 4.9765 6.04147 0.1 0 0 7 7 -0 -0 0 0 0 0 0 0
80 343 2.6475 4.9765 6.04147 0.1 0 0 7 7 -0 -0 0 0 0 0 0 0
80 352 2.6475 4.9765 6.04147 0.1 0 0 7 7 -0 -0 0 0 0 0 0 0
80 361 2.6475 4.9765 6.04147 0.1 0 0 7 7 -0 -0 0 0 0 0 0 0
80 370 2.6475 4.9765 6.04147 0.1 0 0 7 7 -0 -0 0 0 0 0 0 0
80 379 2.6475 4.9765 6.04147 0.1 0 0 7 7 -0 -0 0 0 0 0 0 0
80 388 2.6475 4.9765 6.04147 0.1 0 0 7 7 -0 -0 0 0 0 0 0 0
80 397 2.6475 4.9765 6.04147 0.1 0 0 7 7 -0 -0 0 0 0 0 0 0
80 406 2.6475 4.9765 6.04147 0.1 0 0 7 7 -0 -0 0 0 4.65695e-310 6.32404e-322 0 0
80 415 2.6475 4.9765 6.04147 0.1 0 0 7 7 -0 -0 0 0 4.65695e-310 4.65806e-310 0 0
80 424 2.6475 4.9765 6.04147 0.1 0 0 7 7 -0 -0 0 0 4.65695e-310 4.65695e-310 0 0
80 433 2.6475 4.9765 6.04147 0.1 0 0 7 7 -0 -0 0 0 4.74303e-322 4.65806e-310 0 0
80 442 2.6475 4.9765 6.04147 0.1 0 0 7 7 -0 -0 0 0 0 0 0 0
80 451 2.6475 4.9765 6.04147 0.1 0 0 7 7 -0 -0 0 0 0 4.98018e-321 0 0
80 460 2.6475 4.9765 6.04147 0.1 0 0 7 7 -0 -0 0 0 4.65695e-310 6.32404e-322 0 0
80 469 2.6475 4.9765 6.04147 0.1 0 0 7 7 -0 -0 0 0 4.65695e-310 4.65695e-310 0 0
80 478 2.6475 4.9765 6.04147 0.1 0 0 7 7 -0 -0 0 0 4.65695e-310 4.65695e-310 0 0
80 487 2.6475 4.9765 6.04147 0.1 0 0 7 7 -0 -0 0 0 2.37152e-322 4.65806e-310 0 0
80 496 2.6475 4.9765 6.04147 0.1 0 0 7 7 -0 -0 0 0 4.65695e-310 4.65695e-310 0 0
80 505 2.6475 4.9765 6.04147 0.1 0 0 7 7 -0 -0 0 0 4.65695e-310 4.65695e-310 0 0
80 514 2.6475 4.9765 6.04147 0.1 0 0 7 7 -0 -0 0 0 6.77129e-311 4.65695e-310 0 0
80 523 2.6475 4.9765 6.04147 0.1 0 0 7 7 -0 -0 0 0 4.65695e-310 0 0 0
80 532 2.6475 4.9765 6.04147 0.1 0 0 7 7 -0 -0 0 0 2.37152e-322 4.65806e-310 0 0
80 541 2.6475 4.9765 6.04147 0.1 0 0 7 7 -0 -0 0 0 4.65695e-310 6.32404e-322 0 0
80 550 2.6475 4.9765 6.04147 0.1 0 0 7 7 -0 -0 0 0 1.63042e-322 4.65695e-310 0 0
80 559 2.6475 4.9765 6.04147 0.1 0 0 7 7 -0 -0 0 0 4.74303e-322 4.65806e-310 0 0
80 568 2.6475 4.9765 6.04147 0.1 0 0 7 7 -0 -0 0 0 0 4.65695e-310 0 0
80 577 2.6475 4.9765 6.04147 0.1 0 0 7 7 -0 -0 0 0 4.65695e-310 5.81002e-311 0 0
80 586 2.6475 4.9765 6.04147 0.1 0 0 7 7 -0 -0 0 0 0 4.65695e-310 0 0
80 595 2.6475 4.9765 6.04147 0.1 0 0 7 7 -0 -0 0 0 4.65695e-310 0 0 0
80 604 2.6475 4.9765 6.04147 0.1 0 0 7 7 -0 -0 0 0 4.74303e-322 4.65806e-310 0 0
80 613 2.6475 4.9765 6.04147 0.1 0 0 7 7 -0 -0 0 0 1.02301e-310 4.65695e-310 0 0
80 622 2.6475 4.9765 6.04147 0.1 0 0 7 7 -0 -0 0 0 0 4.65695e-310 0 0
80 631 2.6475 4.9765 6.04147 0.1 0 0 7 7 -0 -0 0 0 4.65695e-310 1.58101e-322 0 0
80 640 2.6475 4.9765 6.04147 0.1 0 0 7 7 -0 -0 0 0 2.19662e-320 1.02766e-321 0 0
80 649 2.6475 4.9765 6.04147 0.1 0 0 7 7 -0 -0 0 0 6.37345e-322 4.65695e-310 0 0
80 658 2.6475 4.9765 6.04147 0.1 0 0 7 7 -0 -0 0 0 4.65695e-310 4.65695e-310 0 0
80 667 2.6475 4.9765 6.04147 0.1 0 0 7 7 -0 -0 0 0 1.58101e-322 4.65806e-310 0 0
80 676 2.6475 4.9765 6.04147 0.1 0 0 7 7 -0 -0 0 0 1.90215e-321 4.65695e-310 0 0
80 685 2.6475 4.9765 6.04147 0.1 0 0 7 7 -0 -0 0 0 6.92121e-310 1.58101e-322 0 0
80 694 2.6475 4.9765 6.04147 0.1 0 0 7 7 -0 -0 0 0 1.63042e-322 4.65695e-310 0 0
80 703 2.6475 4.9765 6.04147 0.1 0 0 7 7 -0 -0 0 0 4.65695e-310 4.65695e-310 0 0
80 712 2.6475 4.9765 6.04147 0.1 0 0 7 7 -0 -0 0 0 4.37131e-311 4.37768e-311 0 0
80 721 2.6475 4.9765 6.04147 0.1 0 0 7 7 -0 -0 0 0 4.65695e-310 7.79833e-311 0 0
80 730 2.6475 4.9765 6.04147 0.1 0 0 7 7 -0 -0 0 0 2.42092e-322 4.65695e-310 0 0
80 739 2.6475 4.9765 6.04147 0.1 0 0 7 7 -0 -0 0 0 0 2.37152e-321 0 0
80 748 2.6475 4.9765 6.04147 0.1 0 0 7 7 -0 -0 0 0 7.21054e-311 8.66199e-311 0 0
80 757 2.6475 4.9765 6.04147 0.1 0 0 7 7 -0 -0 0 0 2.37152e-322 4.65806e-310 0 0
80 766 2.6475 4.9765 6.04147 0.1 0 0 7 7 -0 -0 0 0 0 2.37152e-322 0 0
80 775 2.6475 4.9765 6.04147 0.1 0 0 7 7 -0 0.0266735 0 0 6.9211e-310 4.65695e-310 0 0
100 208 2.6475 4.9765 6.04147 0.1 0 0 7 7 -0 -0.0266735 0 0 4.79244e-322 4.65695e-310 0 0
100 217 2.6475 4.9765 6.04147 0.1 0 0 7 7 -0 -0 0 0 0 2.37152e-322 0 0
100 226 2.6475 4.9765 6.04147 0.1 0 0 7 7 -0 -0 0 0 4.65695e-310 7.90019e-311 0 0
100 235 2.6475 4.9765 6.04147 0.1 0 0 7 7 -0 -0 0 0 5.89915e-311 5.90551e-311 0 0
100 244 2.6475 4.9765 6.04147 0.1 0 0 7 7 -0 -0 0 0 2.37152e-322 4.65806e-310 0 0
100 253 2.6475 4.9765 6.04147 0.1 0 0 7 7 -0 -0 0 0 4.65695e-310 2.13436e-321 0 0
100 262 2.6475 4.9765 6.04147 0.1 0 0 7 7 -0 -0 0 0 4.65695e-310 4.65695e-310 0 0
100 271 2.6475 4.9765 6.04147 0.1 0 0 7 7 -0 -0 0 0 1.665e-321 4.65695e-310 0 0
100 280 2.6475 4.9765 6.04147 0.1 0 0 7 7 -0 -0 0 0 6.9211e-310 4.65695e-310 0 0
100 289 2.6475 4.9765 6.04147 0.1 0 0 7 7 -0 -0 0 0 4.65695e-310 0 0 0
100 298 2.6475 4.9765 6.04147 0.1 0 0 7 7 -0.0014088 0.0262242 0 0 4.65695e-310 7.11455e-322 0 0
108.908 300.844 2.6475 4.9765 6.04147 0.1 0 0 7 15 -0.00287591 -0.000676364 0 0 5.97554e-311 5.97978e-311 0 0
118.011 303.235 2.6475 4.9765 6.04147 600 0 678 7 13 0.00366731 0.00103484 0 0 0.999167 -0.0408176 0 0
127.361 304.592 2.6475 4.9765 6.04147 600 0 716 7 13 0.00719705 3.68765e-05 0 0 0.994191 -0.107634 0 0
136.885 304.499 2.6475 4.9765 6.04147 600 0 754 7 13 -0.000358296 -0.00111167 0 0 0.986595 -0.163186 0 0
146.088 302.914 2.6475 4.9765 6.04147 600 0 792 7 15 -0.0753111 0.0241395 0 0 0.982629 -0.18558 0 0
156.094 299.588 2.6475 4.9765 6.04147 600 0 1249 7 13 0.0761379 -0.0260837 0 0 0.782111 -0.62314 0 0
163.772 296.119 2.6475 4.9765 6.04147 600 0 1287 7 13 -0.0179525 0.00890826 0 0 0.673168 -0.73949 0 0
172.329 291.572 2.6475 4.9765 6.04147 600 0 1325 7 13 0.0174948 -0.00971361 0 0 0.658756 -0.752356 0 0
180.21 286.887 2.6475 4.9765 6.04147 600 0 1363 7 13 -0.0171655 0.0106304 0 0 0.620295 -0.784369 0 0
188.394 281.692 2.6475 4.9765 6.04147 600 0 1401 7 13 0.0171115 -0.011023 0 0 0.58889 -0.808214 0 0
196.049 276.645 2.6475 4.9765 6.04147 600 0 1439 7 13 -0.0170971 0.0113922 0 0 0.667815 -0.744327 0 0
204.102 271.243 2.6475 4.9765 6.04147 600 0 1477 7 13 0.0170674 -0.0114552 0 0 0.66166 -0.749804 0 0
211.723 266.123 2.6475 4.9765 6.04147 600 0 1515 7 13 -0.0161377 0.0107472 0 0 0.549281 -0.835638 0 0
219.798 260.778 2.6475 4.9765 6.04147 600 0 1553 7 13 0.0160192 -0.0104765 0 0 0.546138 -0.837695 0 0
227.542 255.807 2.6475 4.9765 6.04147 600 0 1591 7 13 -0.0152894 0.00954779 0 0 0.723738 -0.690075 0 0
235.786 250.761 2.6475 4.9765 6.04147 600 0 1629 7 13 0.0151287 -0.00903075 0 0 0.674788 -0.738011 0 0
243.764 246.171 2.6475 4.9765 6.04147 600 0 1667 7 13 -0.0156027 0.00860499 0 0 0.684745 -0.728783 0 0
252.276 241.611 2.6475 4.9765 6.04147 600 0 1705 7 13 0.0153884 -0.00800494 0 0 0.637328 -0.770592 0 0
260.524 237.52 2.6475 4.9765 6.04147 600 0 1743 7 13 -0.0145623 0.00691143 0 0 0.624319 -0.781169 0 0
269.271 233.5 2.6475 4.9765 6.04147 600 0 1781 7 13 0.0137064 -0.00613239 0 0 0.817913 -0.575342 0 0
277.758 229.874 2.6475 4.9765 6.04147 600 0 1819 7 13 -0.0122561 0.00501111 0 0 0.673862 -0.738857 0 0
286.673 226.346 2.6475 4.9765 6.04147 600 0 1857 7 13 0.0115007 -0.00457139 0 0 0.741463 -0.670994 0 0
295.296 222.884 2.6475 4.9765 6.04147 600 0 1895 7 13 -0.00791219 0.00270541 0 0 0.673068 -0.739581 0 0
304.503 220.385 2.6475 4.9765 6.04147 600 0 1933 7 13 0.00675938 -0.00368267 0 0 0.717243 -0.696823 0 0
310.562 215.206 1.87207 3.51892 4.27197 600 0 1971 11 13 -0.00611517 0.00183097 0 0 0.865368 -0.501136 0 0
316.987 217.197 1.87207 3.51892 4.27197 600 0 1971 11 13 0.00354646 0.0009135 0 0 0.861057 -0.508508 0 0
325 217.198 2.6475 4.9765 6.04147 600 0 751 8 10 0.000147331 -0.00182442 0 0 0.859897 -0.510467 0 0
321.122 224.291 1.87207 3.51892 4.27197 600 0 1971 11 14 -0.00218856 0.00492477 0 0 0.885453 -0.464729 0 0
318.836 230.498 1.87207 3.51892 4.27197 600 0 1971 11 14 0.000620871 -0.0027581 0 0 0.96567 -0.259771 0 0
310.994 232.243 2.6475 4.9765 6.04147 600 0 1933 7 14 0.00236731 -0.000918796 0 0 0.988902 -0.148571 0 0
302.272 235.949 2.6475 4.9765 6.04147 600 0 1895 7 14 -0.00538472 0.00191426 0 0 0.974587 -0.224009 0 0
293.36 238.759 2.6475 4.9765 6.04147 600 0 1857 7 14 0.00759931 -0.00278189 0 0 0.894681 -0.446705 0 0
284.519 242.358 2.6475 4.9765 6.04147 600 0 1819 7 14 -0.00888465 0.00359284 0 0 0.890087 -0.45579 0 0
275.862 245.834 2.6475 4.9765 6.04147 600 0 1781 7 14 0.00851853 -0.00346773 0 0 0.879606 -0.475702 0 0
267.024 249.495 2.6475 4.9765 6.04147 600 0 1743 7 14 -0.00868654 0.00387886 0 0 0.919937 -0.392065 0 0
258.629 253.448 2.6475 4.9765 6.04147 600 0 1705 7 14 0.0125372 -0.00669687 0 0 0.900579 -0.434692 0 0
250.337 258.2 2.6475 4.9765 6.04147 600 0 1667 7 14 -0.0093213 0.00511243 0 0 0.879274 -0.476316 0 0
241.81 261.859 2.6475 4.9765 6.04147 600 0 1629 7 14 0.00383183 -0.00241032 0 0 0.900259 -0.435355 0 0
234.366 267.685 2.6475 4.9765 6.04147 600 0 1591 7 14 -0.00224376 0.00175401 0 0 0.870839 -0.491569 0 0
226.814 273.246 2.6475 4.9765 6.04147 600 0 1553 7 14 0.000686494 -0.00047437 0 0 0.900982 -0.433857 0 0
219.037 278.562 2.6475 4.9765 6.04147 600 0 1515 7 14 -0.000377301 0.000237371 0 0 0.836123 -0.548542 0 0
211.619 284.35 2.6475 4.9765 6.04147 600 0 1477 7 14 2.45732e-05 3.64041e-05 0 0 0.806153 -0.591707 0 0
203.355 288.862 2.6475 4.9765 6.04147 600 0 1439 7 14 -7.44026e-05 -2.91717e-05 0 0 0.844375 -0.535753 0 0
196.611 295.433 2.6475 4.9765 6.04147 600 0 1401 7 14 -3.63652e-06 7.83647e-05 0 0 0.769652 -0.638463 0 0
188.205 299.675 2.6475 4.9765 6.04147 600 0 1363 7 14 -5.78292e-05 -0.000119319 0 0 0.72262 -0.691246 0 0
183.936 308.068 2.6475 4.9765 6.04147 600 0 1325 7 14 6.7237e-05 -2.27221e-05 0 0 0.865408 -0.501068 0 0
174.751 310.151 2.6475 4.9765 6.04147 600 0 1287 7 14 0.00015042 0.000303083 0 0 0.73952 -0.673135 0 0
181.162 317.066 2.6475 4.9765 6.04147 600 0 944 7 15 0.000379655 6.37005e-05 0 0 0.941444 -0.337171 0 0
190.405 318.973 2.6475 4.9765 6.04147 600 0 982 7 13 0.000344644 0.000102712 0 0 0.89926 -0.437415 0 0
199.598 321.147 2.6475 4.9765 6.04147 600 0 1020 7 13 0.000330242 -1.67272e-05 0 0 0.970475 -0.241203 0 0
208.922 322.709 2.6475 4.9765 6.04147 600 0 1058 7 13 0.000281001 -3.66983e-05 0 0 0.953281 -0.302085 0 0
218.318 323.808 2.6475 4.9765 6.04147 600 0 1096 7 13 0.000217021 8.06639e-06 0 0 0.960687 -0.277633 0 0
227.73 324.822 2.6475 4.9765 6.04147 600 0 1134 7 13 0.00015109 5.62822e-05 0 0 0.937713 -0.347411 0 0
237.125 326.02 2.6475 4.9765 6.04147 600 0 1172 7 13 8.86077e-05 8.47457e-05 0 0 0.940711 -0.33921 0 0
246.476 327.537 2.6475 4.9765 6.04147 600 0 1210 7 13 2.5846e-05 0.000144374 0 0 0.898162 -0.439665 0 0
255.713 329.642 2.6475 4.9765 6.04147 600 0 1248 7 13 -2.6824e-05 0.00016553 0 0 0.912634 -0.408777 0 0
264.766 332.44 2.6475 4.9765 6.04147 600 0 1286 7 13 -5.13612e-05 0.000122623 0 0 0.979651 -0.20071 0 0
273.635 335.776 2.6475 4.9765 6.04147 600 0 1324 7 13 -2.61475e-05 -5.05434e-05 0 0 0.94751 -0.319728 0 0
282.762 333.307 2.6475 4.9765 6.04147 600 0 1362 7 13 -4.9238e-05 -0.000115859 0 0 0.94313 -0.332423 0 0
292.212 333.19 2.6475 4.9765 6.04147 600 0 1400 7 13 -5.57299e-05 0.000198191 0 0 0.999818 0.019052 0 0
301.547 334.654 2.6475 4.9765 6.04147 600 0 1438 7 13 -2.94506e-05 1.31413e-05 0 0 0.966056 -0.258334 0 0
310.857 336.263 2.6475 4.9765 6.04147 600 0 1476 7 13 -3.69662e-05 2.17454e-05 0 0 0.946126 -0.323798 0 0
320.124 338.103 2.6475 4.9765 6.04147 600 0 1514 7 13 -3.99365e-05 1.14916e-05 0 0 0.996363 -0.0852078 0 0
329.356 340.105 2.6475 4.9765 6.04147 600 0 1552 7 13 -4.6495e-05 7.42607e-06 0 0 0.959261 -0.282521 0 0
338.553 342.259 2.6475 4.9765 6.04147 600 0 1590 7 13 -5.38289e-05 4.18918e-06 0 0 0.986448 -0.164074 0 0
347.711 344.565 2.6475 4.9765 6.04147 600 0 1628 7 13 -6.29142e-05 -2.9352e-06 0 0 0.970459 -0.241266 0 0
356.836 346.995 2.6475 4.9765 6.04147 600 0 1666 7 13 -6.94303e-05 -1.46546e-05 0 0 0.999598 0.0283344 0 0
365.949 349.463 2.6475 4.9765 6.04147 600 0 1704 7 13 -8.10583e-05 -2.7867e-05 0 0 0.994429 -0.105412 0 0
375.077 351.864 2.6475 4.9765 6.04147 600 0 1742 7 13 -8.56041e-05 -3.23825e-05 0 0 0.997743 -0.0671514 0 0
384.237 354.134 2.6475 4.9765 6.04147 600 0 1780 7 13 -0.000107962 -3.4087e-05 0 0 0.991747 -0.128212 0 0
393.422 356.289 2.6475 4.9765 6.04147 600 0 1818 7 13 -0.000101182 -2.2411e-05 0 0 0.991405 -0.130828 0 0
402.597 358.469 2.6475 4.9765 6.04147 600 0 1856 7 13 -0.000140572 -3.1842e-05 0 0 0.999197 -0.0400633 0 0
411.76 360.692 2.6475 4.9765 6.04147 600 0 1894 7 13 -0.0001071 2.07017e-05 0 0 0.998767 0.0496391 0 0
420.27 364.744 2.6475 4.9765 6.04147 600 0 1932 7 13 -0.000146423 -9.25333e-05 0 0 0.998582 -0.0532319 0 0
428.413 365.144 1.9207 3.61033 4.27197 600 0 1970 11 13 -3.72635e-05 2.68445e-05 0 0 1 0.000463961 0 0
431.705 371.181 1.9207 3.61033 4.27197 600 0 1970 11 13 -0.000161697 -0.00016902 0 0 0.947047 0.321096 0 0
437.588 376.821 2.6475 4.9765 6.04147 0.1 0 1322 8 10 -3.82678e-05 0.000123447 0 0 0.949131 0.314882 0 0
429.713 378.895 1.9207 3.61033 4.27197 600 0 1970 11 14 -0.000373651 6.65433e-05 0 0 0.947047 0.321096 0 0
423.745 382.305 1.9207 3.61033 4.27197 600 0 1970 11 14 -6.65788e-05 8.13643e-05 0 0 0.947047 0.321096 0 0
416.72 378.172 2.6475 4.9765 6.04147 600 0 1932 7 14 -0.000139575 -7.29748e-05 0 0 0.878358 0.478004 0 0
408.289 373.966 2.6475 4.9765 6.04147 600 0 1894 7 14 -6.38366e-05 2.3866e-05 0 0 0.924307 0.381651 0 0
398.987 372.446 2.6475 4.9765 6.04147 600 0 1856 7 14 -0.000119075 -4.03484e-05 0 0 0.866137 0.499807 0 0
389.813 370.275 2.6475 4.9765 6.04147 600 0 1818 7 14 -6.93564e-05 -1.57347e-05 0 0 0.910114 0.414359 0 0
380.633 368.12 2.6475 4.9765 6.04147 600 0 1780 7 14 -8.60069e-05 -2.95839e-05 0 0 0.856 0.516976 0 0
371.496 365.781 2.6475 4.9765 6.04147 600 0 1742 7 14 -5.64425e-05 -2.47674e-05 0 0 0.903502 0.428584 0 0
362.405 363.264 2.6475 4.9765 6.04147 600 0 1704 7 14 -5.45089e-05 -2.03779e-05 0 0 0.921688 0.387933 0 0
353.335 360.667 2.6475 4.9765 6.04147 600 0 1666 7 14 -3.79642e-05 -1.58072e-06 0 0 0.863504 0.504341 0 0
344.228 358.202 2.6475 4.9765 6.04147 600 0 1628 7 14 -2.82671e-05 9.93036e-06 0 0 0.944121 0.329599 0 0
335.057 355.981 2.6475 4.9765 6.04147 600 0 1590 7 14 -8.90169e-06 7.2193e-06 0 0 0.968081 0.250639 0 0
325.856 353.891 2.6475 4.9765 6.04147 600 0 1552 7 14 5.33879e-06 1.09856e-05 0 0 0.892574 0.450901 0 0
316.624 351.938 2.6475 4.9765 6.04147 600 0 1514 7 14 2.84859e-05 -2.08324e-05 0 0 0.895017 0.446033 0 0
307.485 349.592 2.6475 4.9765 6.04147 600 0 1476 7 14 1.9639e-05 6.69372e-05 0 0 0.951252 0.308414 0 0
298.154 348.201 2.6475 4.9765 6.04147 600 0 1438 7 14 6.65165e-05 -0.000155921 0 0 0.970133 0.242573 0 0
289.635 344.149 2.6475 4.9765 6.04147 600 0 1400 7 14 -5.96617e-05 0.000134892 0 0 0.983573 0.180508 0 0
280.363 342.405 2.6475 4.9765 6.04147 600 0 1362 7 15 -2.05145e-06 -9.14735e-05 0 0 0.95265 0.304068 0 0
271.289 344.91 2.6475 4.9765 6.04147 600 0 1721 7 13 1.40151e-05 -3.92289e-05 0 0 0.856484 0.516174 0 0
278.004 351.53 2.6475 4.9765 6.04147 600 0 1759 7 13 5.51649e-05 -8.79764e-05 0 0 0.918855 0.394595 0 0
284.278 358.57 2.6475 4.9765 6.04147 600 0 1797 7 13 -6.09177e-05 1.93392e-05 0 0 0.724586 0.689185 0 0
289.397 366.489 2.6475 4.9765 6.04147 600 0 1835 7 13 1.93791e-05 -3.82968e-05 0 0 0.780011 0.625765 0 0
295.303 373.84 2.6475 4.9765 6.04147 600 0 1873 7 13 -1.35424e-05 -1.17441e-05 0 0 0.762585 0.646889 0 0
301.142 381.243 2.6475 4.9765 6.04147 600 0 1911 7 13 9.16384e-05 -9.63876e-05 0 0 0.839112 0.543959 0 0
309.339 385.904 2.6475 4.9765 6.04147 600 0 1949 7 13 -0.000209524 0.000435661 0 0 0.832966 0.553324 0 0
310.786 395.228 2.6475 4.9765 6.04147 600 0 1987 9 13 0.000365336 0.000347139 0 0 0.79482 0.606845 0 0
311.576 404.646 2.6475 4.9765 6.04147 600 0 317 8 10 0.000259903 0.000355733 0 0 0.742906 0.669396 0 0
302.443 402.202 2.6475 4.9765 6.04147 600 0 1987 9 14 0.000286791 0.000249964 0 0 0.616595 0.787281 0 0
294.268 397.482 2.6475 4.9765 6.04147 600 0 1949 7 14 0.000481573 -9.19651e-05 0 0 0.678632 0.734479 0 0
290.426 388.866 2.6475 4.9765 6.04147 600 0 1911 7 14 -0.000130993 0.000177684 0 0 0.59802 0.801481 0 0
283.443 382.525 2.6475 4.9765 6.04147 600 0 1873 7 14 4.72229e-05 -2.25048e-05 0 0 0.559173 0.829051 0 0
277.166 375.485 2.6475 4.9765 6.04147 600 0 1835 7 14 -8.35896e-06 2.45253e-05 0 0 0.527572 0.84951 0 0
270.542 368.772 2.6475 4.9765 6.04147 600 0 1797 7 14 -1.00776e-05 2.41697e-05 0 0 0.615557 0.788092 0 0
263.557 362.435 2.6475 4.9765 6.04147 600 0 1759 7 14 -1.95106e-05 3.34753e-05 0 0 0.568897 0.822409 0 0
256.041 356.738 2.6475 4.9765 6.04147 600 0 1721 7 14 -2.43797e-05 3.93365e-05 0 0 0.773305 0.634034 0 0
247.956 351.882 2.6475 4.9765 6.04147 600 0 1683 7 14 -2.51612e-05 4.10837e-05 0 0 0.787786 0.615949 0 0
239.38 347.959 2.6475 4.9765 6.04147 600 0 1210 7 15 -2.35048e-05 3.89234e-05 0 0 0.968873 0.247558 0 0
230.445 344.94 2.6475 4.9765 6.04147 600 0 1172 7 14 -2.10198e-05 3.46671e-05 0 0 0.984162 0.177269 0 0
221.279 342.718 2.6475 4.9765 6.04147 600 0 1134 7 14 -1.85767e-05 3.00588e-05 0 0 0.99383 0.110916 0 0
211.975 341.169 2.6475 4.9765 6.04147 600 0 1096 7 14 -1.6291e-05 2.5618e-05 0 0 0.981916 0.189318 0 0
202.596 340.17 2.6475 4.9765 6.04147 600 0 1058 7 14 -1.42661e-05 2.26326e-05 0 0 0.994339 0.106256 0 0
193.179 339.635 2.6475 4.9765 6.04147 600 0 1020 7 14 -1.23157e-05 2.02119e-05 0 0 0.981191 0.193039 0 0
183.747 339.495 2.6475 4.9765 6.04147 600 0 982 7 14 -1.04291e-05 1.92059e-05 0 0 0.999617 0.027689 0 0
174.317 339.714 2.6475 4.9765 6.04147 600 0 944 7 14 -8.55659e-06 1.86358e-05 0 0 0.973906 0.226952 0 0
164.9 340.268 2.6475 4.9765 6.04147 600 0 906 7 14 -6.68967e-06 1.8615e-05 0 0 0.990753 0.135679 0 0
155.508 341.147 2.6475 4.9765 6.04147 600 0 868 7 14 -4.89422e-06 1.82967e-05 0 0 0.997629 0.0688263 0 0
146.15 342.338 2.6475 4.9765 6.04147 600 0 830 7 14 -3.0782e-06 1.86784e-05 0 0 0.995883 0.090644 0 0
136.837 343.844 2.6475 4.9765 6.04147 600 0 792 7 14 -1.77637e-06 1.61799e-05 0 0 0.99926 0.0384585 0 0
127.572 345.618 2.6475 4.9765 6.04147 600 0 754 7 14 2.00037e-06 2.73293e-05 0 0 0.997652 -0.0684859 0 0
118.406 347.85 2.6475 4.9765 6.04147 600 0 716 7 14 -3.93924e-06 -3.64425e-06 0 0 0.99799 -0.0633766 0 0
112.028 340.917 2.6475 4.9765 6.04147 600 0 678 7 14 -6.12142e-06 -1.67807e-06 0 0 0.988511 -0.151151 0 0
109.198 349.902 2.6475 4.9765 6.04147 0.1 0 0 7 15 -1.61754e-06 -2.66784e-07 0 0 6.95284e-310 0 0 0
100 352 2.6475 4.9765 6.04147 0.1 0 0 7 7 0.000543542 -0.0267975 0 0 4.74303e-322 4.65806e-310 0 0
100 361 2.6475 4.9765 6.04147 0.1 0 0 7 7 -0 -0 0 0 8.74496e-322 4.65695e-310 0 0
100 370 2.6475 4.9765 6.04147 0.1 0 0 7 7 -0 -0 0 0 2.37152e-322 4.65806e-310 0 0
100 379 2.6475 4.9765 6.04147 0.1 0 0 7 7 -0 -0 0 0 4.65695e-310 4.65695e-310 0 0
100 388 2.6475 4.9765 6.04147 0.1 0 0 7 7 -0 -0 0 0 3.79936e-321 4.65695e-310 0 0
100 397 2.6475 4.9765 6.04147 0.1 0 0 7 7 -0 -0 0 0 4.65695e-310 0 0 0
100 406 2.6475 4.9765 6.04147 0.1 0 0 7 7 -0 -0 0 0 4.65695e-310 7.11455e-322 0 0
100 415 2.6475 4.9765 6.04147 0.1 0 0 7 7 -0 -0 0 0 4.65695e-310 1.58101e-322 0 0
100 424 2.6475 4.9765 6.04147 0.1 0 0 7 7 -0 -0 0 0 4.65695e-310 3.95253e-322 0 0
100 433 2.6475 4.9765 6.04147 0.1 0 0 7 7 -0 -0 0 0 4.65695e-310 1.58101e-322 0 0
100 442 2.6475 4.9765 6.04147 0.1 0 0 7 7 -0 -0 0 0 4.65695e-310 4.74303e-322 0 0
100 451 2.6475 4.9765 6.04147 0.1 0 0 7 7 -0 -0 0 0 4.65695e-310 0 0 0
100 460 2.6475 4.9765 6.04147 0.1 0 0 7 7 -0 -0 0 0 4.65695e-310 3.16202e-322 0 0
100 469 2.6475 4.9765 6.04147 0.1 0 0 7 7 -0 -0 0 0 0 2.37152e-322 0 0
100 478 2.6475 4.9765 6.04147 0.1 0 0 7 7 -0 -0 0 0 4.65695e-310 1.10671e-321 0 0
100 487 2.6475 4.9765 6.04147 0.1 0 0 7 7 -0 -0 0 0 0 4.65693e-310 0 0
100 496 2.6475 4.9765 6.04147 0.1 0 0 7 7 -0 -0 0 0 4.65695e-310 1.58101e-322 0 0
100 505 2.6475 4.9765 6.04147 0.1 0 0 7 7 -0 -0 0 0 4.65695e-310 4.65695e-310 0 0
100 514 2.6475 4.9765 6.04147 0.1 0 0 7 7 -0 -0 0 0 4.65695e-310 7.11455e-322 0 0
100 523 2.6475 4.9765 6.04147 0.1 0 0 7 7 -0 -0 0 0 1.58101e-322 4.65806e-310 0 0
100 532 2.6475 4.9765 6.04147 0.1 0 0 7 7 -0 -0 0 0 4.65695e-310 4.74303e-322 0 0
100 541 2.6475 4.9765 6.04147 0.1 0 0 7 7 -0 -0 0 0 0 2.37152e-322 0 0
100 550 2.6475 4.9765 6.04147 0.1 0 0 7 7 -0 -0 0 0 4.65695e-310 0 0 0
100 559 2.6475 4.9765 6.04147 0.1 0 0 7 7 -0 -0 0 0 2.42092e-322 4.65695e-310 0 0
100 568 2.6475 4.9765 6.04147 0.1 0 0 7 7 -0 -0 0 0 4.65695e-310 0 0 0
100 577 2.6475 4.9765 6.04147 0.1 0 0 7 7 -0 -0 0 0 6.37345e-322 4.65695e-310 0 0
100 586 2.6475 4.9765 6.04147 0.1 0 0 7 7 -0 -0 0 0 2.42092e-322 4.65695e-310 0 0
100 595 2.6475 4.9765 6.04147 0.1 0 0 7 7 -0 -0 0 0 4.65695e-310 0 0 0
100 604 2.6475 4.9765 6.04147 0.1 0 0 7 7 -0 -0 0 0 0 7.11455e-322 0 0
100 613 2.6475 4.9765 6.04147 0.1 0 0 7 7 -0 -0 0 0 3.16202e-322 4.65806e-310 0 0
100 622 2.6475 4.9765 6.04147 0.1 0 0 7 7 -0 -0 0 0 4.65695e-310 1.58101e-322 0 0
100 631 2.6475 4.9765 6.04147 0.1 0 0 7 7 -0 -0 0 0 2.42092e-322 4.65695e-310 0 0
100 640 2.6475 4.9765 6.04147 0.1 0 0 7 7 -0 -0 0 0 4.65695e-310 4.65695e-310 0 0
100 649 2.6475 4.9765 6.04147 0.1 0 0 7 7 -0 -0 0 0 4.65695e-310 3.16202e-322 0 0
100 658 2.6475 4.9765 6.04147 0.1 0 0 7 7 0.000681355 0.0268806 0 0 2.1393e-321 4.65695e-310 0 0
109.03 660.745 2.6475 4.9765 6.04147 0.1 0 0 7 15 1.35539e-05 -1.02403e-05 0 0 4.65695e-310 4.65695e-310 0 0
118.111 663.317 2.6475 4.9765 6.04147 600 0 657 7 13 2.75402e-05 -2.48372e-05 0 0 0.987509 0.157564 0 0
127.293 665.503 2.6475 4.9765 6.04147 600 0 695 7 13 3.9743e-05 -3.94881e-05 0 0 0.995898 0.0904838 0 0
136.593 667.121 2.6475 4.9765 6.04147 600 0 733 7 13 4.91739e-05 -5.26914e-05 0 0 0.999809 0.0195353 0 0
145.988 668.045 2.6475 4.9765 6.04147 600 0 771 7 15 5.53823e-05 -6.2819e-05 0 0 0.996186 0.0872576 0 0
155.427 668.231 2.6475 4.9765 6.04147 600 0 1228 7 13 5.85553e-05 -7.13996e-05 0 0 0.9314 -0.363997 0 0
164.854 667.677 2.6475 4.9765 6.04147 600 0 1266 7 13 5.91078e-05 -7.11638e-05 0 0 0.921294 -0.388867 0 0
174.223 666.482 2.6475 4.9765 6.04147 600 0 1304 7 13 5.71352e-05 -6.96986e-05 0 0 0.943738 -0.330693 0 0
183.507 664.742 2.6475 4.9765 6.04147 600 0 1342 7 13 5.36243e-05 -6.15528e-05 0 0 0.790532 -0.61242 0 0
192.706 662.586 2.6475 4.9765 6.04147 600 0 1380 7 13 4.80134e-05 -5.13715e-05 0 0 0.867747 -0.497005 0 0
201.829 660.126 2.6475 4.9765 6.04147 600 0 1418 7 13 4.02101e-05 -3.98675e-05 0 0 0.800059 -0.599922 0 0
210.896 657.46 2.6475 4.9765 6.04147 600 0 1456 7 13 3.05452e-05 -2.64785e-05 0 0 0.864012 -0.503471 0 0
219.927 654.674 2.6475 4.9765 6.04147 600 0 1494 7 13 1.83183e-05 -1.44666e-05 0 0 0.824069 -0.56649 0 0
228.941 651.829 2.6475 4.9765 6.04147 600 0 1532 7 13 4.6697e-06 -1.44187e-06 0 0 0.877767 -0.479087 0 0
237.954 648.984 2.6475 4.9765 6.04147 600 0 1570 7 13 -1.09634e-05 9.11402e-06 0 0 0.839359 -0.543577 0 0
246.98 646.177 2.6475 4.9765 6.04147 600 0 1608 7 13 -2.7413e-05 1.88432e-05 0 0 0.892164 -0.451712 0 0
256.026 643.442 2.6475 4.9765 6.04147 600 0 1646 7 13 -4.44923e-05 2.5994e-05 0 0 0.856046 -0.516899 0 0
265.098 640.797 2.6475 4.9765 6.04147 600 0 1684 7 13 -6.12822e-05 3.10192e-05 0 0 0.838953 -0.544204 0 0
274.197 638.254 2.6475 4.9765 6.04147 600 0 1722 7 13 -7.71792e-05 3.36646e-05 0 0 0.831464 -0.555579 0 0
283.322 635.812 2.6475 4.9765 6.04147 600 0 1760 7 13 -9.22381e-05 3.06513e-05 0 0 0.918911 -0.394464 0 0
292.459 633.426 2.6475 4.9765 6.04147 600 0 1798 7 13 -0.000103206 3.29985e-05 0 0 0.889018 -0.457872 0 0
301.61 631.104 2.6475 4.9765 6.04147 600 0 1836 7 13 -0.000118903 3.37601e-06 0 0 0.925165 -0.379564 0 0
310.67 628.46 2.6475 4.9765 6.04147 600 0 1874 7 13 -8.87009e-05 0.000123454 0 0 0.896171 -0.443709 0 0
320.023 627.214 2.6475 4.9765 6.04147 600 0 1912 7 13 -0.000142931 -0.000276395 0 0 0.890517 -0.454951 0 0
327.536 621.506 2.6475 4.9765 6.04147 600 0 1950 7 13 0.000409998 0.000447633 0 0 0.84995 -0.526864 0 0
336.929 622.46 2.6475 4.9765 6.04147 600 0 1988 9 13 0.000465815 -8.38234e-05 0 0 0.912828 -0.408343 0 0
346.02 625.074 2.6475 4.9765 6.04147 600 0 772 8 10 0.000464042 -7.50541e-05 0 0 0.938711 -0.344705 0 0
340.492 632.735 2.6475 4.9765 6.04147 600 0 1988 9 14 0.00045392 -8.21333e-05 0 0 0.9856 -0.169094 0 0
334.298 639.849 2.6475 4.9765 6.04147 600 0 1950 7 14 7.3693e-05 -0.000412237 0 0 0.980507 -0.196483 0 0
324.919 638.904 2.6475 4.9765 6.04147 600 0 1912 7 14 2.0403e-05 0.000111691 0 0 0.995597 -0.0937351 0 0
316.029 642.04 2.6475 4.9765 6.04147 600 0 1874 7 14 -1.86411e-05 -1.89919e-06 0 0 0.98442 -0.175834 0 0
307.05 644.915 2.6475 4.9765 6.04147 600 0 1836 7 14 -2.22253e-05 -2.09013e-05 0 0 0.999118 -0.0419801 0 0
297.845 646.949 2.6475 4.9765 6.04147 600 0 1798 7 14 -1.29253e-05 4.71047e-06 0 0 0.994072 -0.108725 0 0
288.651 649.038 2.6475 4.9765 6.04147 600 0 1760 7 14 -4.327e-06 2.09318e-05 0 0 0.99484 -0.101452 0 0
279.606 651.696 2.6475 4.9765 6.04147 600 0 1722 7 14 -6.50509e-06 -6.62488e-06 0 0 0.974909 -0.222604 0 0
270.494 654.12 2.6475 4.9765 6.04147 600 0 1684 7 14 1.45854e-06 -2.08212e-06 0 0 0.961911 -0.273361 0 0
261.37 656.496 2.6475 4.9765 6.04147 600 0 1646 7 14 1.3304e-05 1.55119e-05 0 0 0.980307 -0.197478 0 0
252.406 659.415 2.6475 4.9765 6.04147 600 0 1608 7 14 1.40762e-05 -5.79045e-06 0 0 0.976634 -0.214909 0 0
243.43 662.298 2.6475 4.9765 6.04147 600 0 1570 7 14 2.29498e-05 -2.1686e-06 0 0 0.967859 -0.251492 0 0
234.509 665.346 2.6475 4.9765 6.04147 600 0 1532 7 14 2.79597e-05 -9.34441e-06 0 0 0.966523 -0.256581 0 0
225.592 668.402 2.6475 4.9765 6.04147 600 0 1494 7 14 3.26942e-05 -1.56142e-05 0 0 0.955858 -0.293827 0 0
216.614 671.274 2.6475 4.9765 6.04147 600 0 1456 7 14 4.51486e-05 4.64717e-06 0 0 0.949638 -0.31335 0 0
208.015 675.131 2.6475 4.9765 6.04147 600 0 1418 7 14 3.35973e-05 -3.25747e-05 0 0 0.940151 -0.340759 0 0
198.979 677.805 2.6475 4.9765 6.04147 600 0 1380 7 14 4.98987e-05 9.9548e-06 0 0 0.915355 -0.402648 0 0
191.178 683.091 2.6475 4.9765 6.04147 600 0 1342 7 14 2.5002e-05 -3.12214e-05 0 0 0.968539 -0.248862 0 0
182.201 685.95 2.6475 4.9765 6.04147 600 0 1304 7 14 3.11304e-05 -1.69826e-05 0 0 0.932641 -0.360805 0 0
173.082 688.319 2.6475 4.9765 6.04147 600 0 1266 7 14 4.43828e-05 3.15804e-05 0 0 0.921294 -0.388867 0 0
179.694 695.032 2.6475 4.9765 6.04147 600 0 923 7 15 7.93013e-05 -3.71589e-06 0 0 0.997939 0.064173 0 0
188.926 696.922 2.6475 4.9765 6.04147 600 0 961 7 13 6.11725e-05 7.52455e-05 0 0 0.999482 -0.032196 0 0
197.148 701.53 2.6475 4.9765 6.04147 600 0 999 7 13 0.000100535 -2.10607e-06 0 0 0.999749 0.0224098 0 0
206.048 704.639 2.6475 4.9765 6.04147 600 0 1037 7 13 8.94884e-05 1.39886e-05 0 0 0.999261 -0.0384383 0 0
215.075 707.367 2.6475 4.9765 6.04147 600 0 1075 7 13 8.11017e-05 1.86416e-05 0 0 0.991724 0.128387 0 0
224.136 709.986 2.6475 4.9765 6.04147 600 0 1113 7 13 7.16994e-05 2.22732e-05 0 0 0.997377 0.0723855 0 0
233.191 712.631 2.6475 4.9765 6.04147 600 0 1151 7 13 6.24847e-05 2.12957e-05 0 0 0.998966 0.0454547 0 0
242.235 715.319 2.6475 4.9765 6.04147 600 0 1189 7 13 5.30655e-05 1.81834e-05 0 0 0.995515 -0.0946078 0 0
251.271 718.04 2.6475 4.9765 6.04147 600 0 1227 7 13 4.30118e-05 1.54771e-05 0 0 0.989538 -0.144271 0 0
260.298 720.792 2.6475 4.9765 6.04147 600 0 1265 7 13 3.22184e-05 1.45983e-05 0 0 0.986465 0.16397 0 0
269.31 723.599 2.6475 4.9765 6.04147 600 0 1303 7 13 2.13749e-05 1.42647e-05 0 0 0.997142 -0.0755466 0 0
278.295 726.492 2.6475 4.9765 6.04147 600 0 1341 7 13 1.16059e-05 1.18336e-05 0 0 0.991448 -0.130503 0 0
287.251 729.473 2.6475 4.9765 6.04147 600 0 1379 7 13 3.60792e-06 6.12229e-06 0 0 0.999699 -0.0245537 0 0
296.19 732.507 2.6475 4.9765 6.04147 600 0 1417 7 13 -2.46645e-06 -2.56171e-06 0 0 0.991871 -0.127247 0 0
305.134 735.522 2.6475 4.9765 6.04147 600 0 1455 7 13 -8.23047e-06 -9.07026e-06 0 0 0.978385 -0.206793 0 0
314.102 738.468 2.6475 4.9765 6.04147 600 0 1493 7 13 -1.46517e-05 -1.01671e-05 0 0 0.99621 -0.0869835 0 0
323.089 741.354 2.6475 4.9765 6.04147 600 0 1531 7 13 -2.12228e-05 -7.0035e-06 0 0 0.991983 -0.126375 0 0
332.076 744.238 2.6475 4.9765 6.04147 600 0 1569 7 13 -2.70615e-05 -2.34109e-06 0 0 0.98393 -0.178555 0 0
341.037 747.198 2.6475 4.9765 6.04147 600 0 1607 7 13 -3.11035e-05 3.09722e-07 0 0 0.995487 -0.0948953 0 0
349.953 750.29 2.6475 4.9765 6.04147 600 0 1645 7 13 -3.32909e-05 6.7433e-07 0 0 0.985003 -0.17254 0 0
358.812 753.54 2.6475 4.9765 6.04147 600 0 1683 7 13 -3.32842e-05 -2.07938e-06 0 0 0.964429 -0.264343 0 0
367.619 756.926 2.6475 4.9765 6.04147 600 0 1721 7 13 -3.13546e-05 -7.40886e-06 0 0 0.998124 -0.0612282 0 0
376.4 760.377 2.6475 4.9765 6.04147 600 0 1759 7 13 -2.87873e-05 -1.18698e-05 0 0 0.986471 -0.163935 0 0
385.183 763.82 2.6475 4.9765 6.04147 600 0 1797 7 13 -2.65947e-05 -1.393e-05 0 0 0.992657 -0.120966 0 0
393.987 767.207 2.6475 4.9765 6.04147 600 0 1835 7 13 -1.86706e-05 -2.89556e-05 0 0 0.976603 -0.215052 0 0
402.922 770.231 2.6475 4.9765 6.04147 600 0 1873 7 13 -2.31569e-05 -8.47214e-06 0 0 0.987658 -0.156625 0 0
411.861 773.242 2.6475 4.9765 6.04147 600 0 1911 7 13 3.23315e-05 -0.00016434 0 0 0.973054 -0.230576 0 0
421.29 772.978 2.6475 4.9765 6.04147 600 0 1949 7 13 5.51136e-05 0.000529394 0 0 0.977637 -0.210299 0 0
428.085 779.528 2.6475 4.9765 6.04147 600 0 1987 9 13 0.000441469 0.000131978 0 0 0.970477 -0.241194 0 0
433.956 786.938 2.6475 4.9765 6.04147 0.1 0 1343 8 10 0.000414378 0.000154566 0 0 0.982796 0.184695 0 0
424.999 789.957 2.6475 4.9765 6.04147 600 0 1987 9 14 0.000401907 0.000118163 0 0 0.977678 0.210109 0 0
415.668 791.368 2.6475 4.9765 6.04147 600 0 1949 7 14 0.000328589 -0.000361247 0 0 0.949462 0.313883 0 0
407.925 785.983 2.6475 4.9765 6.04147 600 0 1911 7 14 -4.34143e-05 0.000172535 0 0 0.973969 0.22668 0 0
398.682 784.108 2.6475 4.9765 6.04147 600 0 1873 7 14 7.40117e-06 -7.05022e-05 0 0 0.916705 0.399564 0 0
389.87 780.749 2.6475 4.9765 6.04147 600 0 1835 7 14 -1.43683e-05 -2.7587e-06 0 0 0.945345 0.326071 0 0
381.038 777.439 2.6475 4.9765 6.04147 600 0 1797 7 14 -5.77104e-06 -9.42341e-06 0 0 0.952898 0.30329 0 0
372.257 773.998 2.6475 4.9765 6.04147 600 0 1759 7 14 -5.77852e-07 -1.88171e-06 0 0 0.915079 0.403274 0 0
363.487 770.527 2.6475 4.9765 6.04147 600 0 1721 7 14 6.4069e-06 4.58384e-06 0 0 0.937692 0.347468 0 0
354.703 767.094 2.6475 4.9765 6.04147 600 0 1683 7 14 1.38428e-05 1.28486e-05 0 0 0.949551 0.313614 0 0
345.865 763.802 2.6475 4.9765 6.04147 600 0 1645 7 14 2.26273e-05 1.90847e-05 0 0 0.971555 0.236815 0 0
336.949 760.731 2.6475 4.9765 6.04147 600 0 1607 7 14 3.33328e-05 2.02079e-05 0 0 0.980345 0.197293 0 0
327.966 757.862 2.6475 4.9765 6.04147 600 0 1569 7 14 4.47096e-05 1.76139e-05 0 0 0.873866 0.486167 0 0
318.957 755.085 2.6475 4.9765 6.04147 600 0 1531 7 14 5.28385e-05 2.25062e-05 0 0 0.863459 0.50442 0 0
309.887 752.514 2.6475 4.9765 6.04147 600 0 1493 7 14 5.94505e-05 2.81747e-05 0 0 0.902526 0.430636 0 0
300.69 750.454 2.6475 4.9765 6.04147 600 0 1455 7 14 6.95093e-05 1.2456e-05 0 0 0.918615 0.395154 0 0
291.547 748.171 2.6475 4.9765 6.04147 600 0 1417 7 15 6.16019e-05 6.25564e-05 0 0 0.84502 0.534734 0 0
282.125 748.087 2.6475 4.9765 6.04147 600 0 1756 7 13 6.44465e-05 4.35384e-05 0 0 0.646348 0.763043 0 0
286.763 756.289 2.6475 4.9765 6.04147 600 0 1794 7 13 4.77788e-05 5.45377e-05 0 0 0.752687 0.658378 0 0
290.306 765.022 2.6475 4.9765 6.04147 600 0 1832 7 13 1.33968e-06 7.50991e-05 0 0 0.604208 0.796827 0 0
292.713 774.135 2.6475 4.9765 6.04147 600 0 1870 7 13 0.000124853 4.40728e-05 0 0 0.627593 0.778542 0 0
298.209 781.796 2.6475 4.9765 6.04147 600 0 1908 7 13 6.10045e-05 9.18125e-05 0 0 0.696634 0.717426 0 0
303.631 789.512 2.6475 4.9765 6.04147 600 0 1946 7 13 -0.000233245 0.000300635 0 0 0.745985 0.665963 0 0
303.739 798.948 2.6475 4.9765 6.04147 600 0 1984 9 13 0.000334663 0.000295405 0 0 0.567557 0.823334 0 0
302.014 808.239 2.6475 4.9765 6.04147 600 0 282 8 10 0.000110936 0.000253558 0 0 0.567557 0.823334 0 0
293.847 803.436 2.6475 4.9765 6.04147 600 0 1984 9 14 0.000226897 5.43582e-05 0 0 0.564354 0.825533 0 0
287.817 796.145 2.6475 4.9765 6.04147 600 0 1946 7 14 0.000425401 -0.000111013 0 0 0.386692 0.922209 0 0
283.861 787.554 2.6475 4.9765 6.04147 600 0 1908 7 14 -8.49235e-06 8.83395e-05 0 0 0.408992 0.912538 0 0
279.652 779.085 2.6475 4.9765 6.04147 600 0 1870 7 14 5.4597e-05 5.83097e-05 0 0 0.368926 0.929459 0 0
275.583 770.551 2.6475 4.9765 6.04147 600 0 1832 7 14 -3.1999e-05 0.000102517 0 0 0.472277 0.88145 0 0
271.049 762.257 2.6475 4.9765 6.04147 600 0 1794 7 14 -7.0931e-05 0.000128245 0 0 0.400311 0.916379 0 0
265.715 754.455 2.6475 4.9765 6.04147 600 0 1756 7 14 -8.78561e-05 0.000146055 0 0 0.748695 0.662915 0 0
259.408 747.419 2.6475 4.9765 6.04147 600 0 1718 7 14 -8.17964e-05 0.000148872 0 0 0.780763 0.624827 0 0
252.175 741.339 2.6475 4.9765 6.04147 600 0 1265 7 15 -5.93286e-05 0.000133166 0 0 0.949076 0.315046 0 0
244.233 736.222 2.6475 4.9765 6.04147 600 0 1227 7 14 -3.30841e-05 0.000106801 0 0 0.859972 0.510342 0 0
235.823 731.92 2.6475 4.9765 6.04147 600 0 1189 7 14 -1.03944e-05 8.05429e-05 0 0 0.896619 0.442803 0 0
227.125 728.236 2.6475 4.9765 6.04147 600 0 1151 7 14 6.95027e-06 6.09568e-05 0 0 0.926305 0.376774 0 0
218.248 725.008 2.6475 4.9765 6.04147 600 0 1113 7 14 2.02337e-05 4.79555e-05 0 0 0.836447 0.548047 0 0
209.255 722.122 2.6475 4.9765 6.04147 600 0 1075 7 14 3.0443e-05 4.01829e-05 0 0 0.882132 0.471001 0 0
200.18 719.511 2.6475 4.9765 6.04147 600 0 1037 7 14 3.80898e-05 3.63209e-05 0 0 0.804703 0.593678 0 0
191.039 717.144 2.6475 4.9765 6.04147 600 0 999 7 14 4.35421e-05 3.4761e-05 0 0 0.854622 0.519251 0 0
181.839 715.021 2.6475 4.9765 6.04147 600 0 961 7 14 4.6811e-05 3.49753e-05 0 0 0.894128 0.447811 0 0
172.583 713.168 2.6475 4.9765 6.04147 600 0 923 7 14 4.81679e-05 3.53399e-05 0 0 0.933399 0.35884 0 0
163.271 711.626 2.6475 4.9765 6.04147 600 0 885 7 14 4.76207e-05 3.54508e-05 0 0 0.945027 0.326991 0 0
153.907 710.448 2.6475 4.9765 6.04147 600 0 847 7 14 4.52866e-05 3.44527e-05 0 0 0.909383 0.41596 0 0
144.502 709.681 2.6475 4.9765 6.04147 600 0 809 7 14 4.1246e-05 3.14092e-05 0 0 0.933493 0.358596 0 0
135.073 709.348 2.6475 4.9765 6.04147 600 0 771 7 14 3.54814e-05 2.6587e-05 0 0 0.961519 0.274738 0 0
125.639 709.433 2.6475 4.9765 6.04147 600 0 733 7 14 2.80986e-05 2.3247e-05 0 0 0.973796 0.227423 0 0
117.905 714.826 2.6475 4.9765 6.04147 600 0 695 7 14 1.44097e-05 1.15606e-05 0 0 0.971828 0.235692 0 0
117.094 705.447 2.6475 4.9765 6.04147 600 0 657 7 14 2.59631e-05 1.57974e-05 0 0 0.999994 -0.0033773 0 0
109.361 710.841 2.6475 4.9765 6.04147 0.1 0 0 7 15 1.12794e-05 5.20366e-06 0 0 9.19036e-311 3.16202e-322 0 0
100 712 2.6475 4.9765 6.04147 0.1 0 0 7 7 0.000492135 -0.0267345 0 0 8.74496e-322 4.65695e-310 0 0
100 721 2.6475 4.9765 6.04147 0.1 0 0 7 7 -0 -0 0 0 3.16202e-322 4.65806e-310 0 0
100 730 2.6475 4.9765 6.04147 0.1 0 0 7 7 -0 -0 0 0 0 4.65695e-310 0 0
100 739 2.6475 4.9765 6.04147 0.1 0 0 7 7 -0 -0 0 0 4.65695e-310 4.65695e-310 0 0
100 748 2.6475 4.9765 6.04147 0.1 0 0 7 7 -0 -0 0 0 1.89474e-320 0 0 0
100 757 2.6475 4.9765 6.04147 0.1 0 0 7 7 -0 -0 0 0 4.65695e-310 4.65695e-310 0 0
100 766 2.6475 4.9765 6.04147 0.1 0 0 7 7 -0 -0 0 0 6.9211e-310 4.65695e-310 0 0
100 775 2.6475 4.9765 6.04147 0.1 0 0 7 7 -0 -0 0 0 4.65695e-310 1.58101e-322 0 0
100 784 2.6475 4.9765 6.04147 0.1 0 0 7 7 -0 -0 0 0 1.11165e-321 4.65695e-310 0 0
100 793 2.6475 4.9765 6.04147 0.1 0 0 7 7 -0 -0 0 0 2.37152e-322 4.65806e-310 0 0
100 802 2.6475 4.9765 6.04147 0.1 0 0 7 7 -0 0.0266735 0 0 3.16202e-322 4.65806e-310 0 0
