0 0 30 0 0.05
1 0 12 12 0 128 0 0
2 0 12 11 0 128 0 0
3 0 12 11 0 128 0 0
4 0 12 9 0 128 0 0
5 0 12 6 0 128 0 0
6 0 12 5 0 128 0 0
7 0 11 4 0 128 0 0
8 0 11 3 0 128 0 0
9 0 11 2 0 128 0 0
10 0 13 1 0 128 0 0
11 0 15 1 0 128 0 0
12 0 14 2 0 128 0 0
13 0 18 2 0 128 0 0
14 0 23 3 0 128 0 0
15 0 25 3 0 128 0 0
16 0 28 3 0 128 0 0
17 0 29 4 0 128 0 0
18 0 30 5 0 128 0 0
19 0 32 5 0 128 0 0
20 0 32 5 0 128 0 0
21 0 30 6 0 128 0 0
22 0 30 6 0 128 0 0
23 0 30 5 0 128 0 0
24 0 30 5 0 128 0 0
25 0 32 4 0 128 0 0
26 0 32 3 0 128 0 0
27 0 32 2 0 128 0 0
28 0 32 2 0 128 0 0
29 0 32 2 0 128 0 0
30 0 34 0 0 128 0 0
31 0 33 1 0 128 0 0
32 0 32 2 2 128 0 0
33 0 30 3 3 128 0 0
34 0 31 3 4 128 0 0
35 0 32 3 5 128 0 0
36 0 32 3 7 128 0 0
37 0 30 4 8 128 0 0
38 0 29 4 9 128 0 0
39 0 33 4 9 128 0 0
40 0 32 3 10 128 0 0
41 0 31 2 11 128 0 0
42 0 29 2 12 128 0 0
43 0 27 2 14 128 0 0
44 0 26 2 15 128 0 0
45 0 25 3 15 128 0 0
46 0 23 3 16 128 0 0
47 0 23 3 16 128 0 0
48 0 21 4 17 128 0 0
49 0 22 4 18 128 0 0
50 0 24 4 18 128 0 0
51 0 24 3 20 128 0 0
52 0 22 3 22 128 0 0
53 0 22 3 22 128 0 0
54 0 19 4 23 128 0 0
55 0 20 4 23 128 0 0
56 0 19 4 24 128 0 0
57 0 17 4 25 128 0 0
58 0 16 4 25 128 0 0
59 0 16 4 25 128 0 0
60 0 17 5 25 128 0 0
61 0 17 5 25 128 0 0
62 0 17 5 25 128 0 0
63 0 19 3 25 128 0 0
64 0 19 2 27 128 0 0
65 0 17 2 29 128 0 0
66 0 19 1 30 128 0 0
67 0 18 1 31 128 0 0
68 0 17 1 32 128 0 0
69 0 17 0 32 128 0 0
70 0 17 0 32 128 0 0
71 0 17 0 32 128 0 0
72 0 21 0 32 128 0 0
73 0 22 0 33 128 0 0
74 0 20 1 34 128 0 0
75 0 18 1 36 128 0 0
76 0 17 1 37 128 0 0
77 0 16 1 38 128 0 0
78 0 17 1 39 128 0 0
79 0 15 2 40 128 0 0
80 0 15 2 40 128 0 0
81 0 15 2 40 128 0 0
82 0 14 2 41 128 0 0
83 0 14 1 41 128 0 0
84 0 14 1 41 128 0 0
85 0 14 1 41 128 0 0
86 0 14 1 41 128 0 0
87 0 13 1 42 128 0 0
88 0 13 0 42 128 0 0
89 0 13 0 42 128 0 0
90 0 10 0 45 128 0 0
91 0 7 0 48 128 0 0
92 0 9 0 48 128 0 0
93 0 9 0 48 128 0 0
94 0 8 0 49 128 0 0
95 0 8 0 49 128 0 0
96 0 8 0 49 128 0 0
97 0 10 0 49 128 0 0
98 0 9 0 50 128 0 0
99 0 9 0 50 128 0 0
100 0 9 0 50 128 0 0
101 0 9 0 50 128 0 0
102 0 9 0 50 128 0 0
103 0 9 0 50 128 0 0
104 0 9 0 50 128 0 0
105 0 8 0 51 128 0 0
106 0 8 0 51 128 0 0
107 0 8 0 51 128 0 0
108 0 8 0 51 128 0 0
109 0 8 0 51 128 0 0
110 0 6 0 53 128 0 0
111 0 6 0 53 128 0 0
112 0 6 0 53 128 0 0
113 0 6 0 53 128 0 0
114 0 6 0 53 128 0 0
115 0 6 0 53 128 0 0
116 0 6 0 53 128 0 0
117 0 6 0 53 128 0 0
118 0 6 0 53 128 0 0
119 0 6 0 53 128 0 0
120 0 6 0 53 128 0 0
121 0 5 0 54 128 0 0
122 0 4 0 55 128 0 0
123 0 4 0 55 128 0 0
124 0 4 0 55 128 0 0
125 0 4 0 55 128 0 0
126 0 3 0 56 128 0 0
127 0 3 0 56 128 0 0
128 0 3 0 56 128 0 0
129 0 3 0 56 128 0 0
130 0 3 0 56 128 0 0
131 0 3 0 56 128 0 0
132 0 3 0 56 128 0 0
133 0 3 0 56 128 0 0
134 0 3 0 56 128 0 0
135 0 3 0 56 128 0 0
136 0 3 0 56 128 0 0
137 0 3 0 56 128 0 0
138 0 3 0 56 128 0 0
139 0 3 0 56 128 0 0
140 0 3 0 56 128 0 0
141 0 3 0 56 128 0 0
142 0 3 0 56 128 0 0
143 0 3 0 56 128 0 0
144 0 3 0 56 128 0 0
145 0 3 0 56 128 0 0
146 0 3 0 56 128 0 0
147 0 3 0 56 128 0 0
148 0 3 0 56 128 0 0
149 0 3 0 56 128 0 0
150 0 3 0 56 128 0 0
151 0 3 0 56 128 0 0
152 0 3 0 56 128 0 0
153 0 3 0 56 128 0 0
154 0 3 0 56 128 0 0
155 0 3 0 56 128 0 0
156 0 3 0 56 128 0 0
157 0 2 0 57 128 0 0
158 0 2 0 57 128 0 0
159 0 2 0 57 128 0 0
160 0 2 0 57 128 0 0
161 0 1 0 58 128 0 0
162 0 1 0 58 128 0 0
163 0 1 0 58 128 0 0
164 0 1 0 58 128 0 0
165 0 1 0 58 128 0 0
166 0 1 0 58 128 0 0
167 0 1 0 58 128 0 0
168 0 1 0 58 128 0 0
169 0 1 0 58 128 0 0
170 0 1 0 58 128 0 0
171 0 0 0 59 128 0 0
172 0 0 0 59 128 0 0
173 0 0 0 59 128 0 0
174 0 0 0 59 128 0 0
175 0 0 0 59 128 0 0
176 0 0 0 59 128 0 0
177 0 0 0 59 128 0 0
178 0 0 0 59 128 0 0
179 0 0 0 59 128 0 0
180 0 0 0 59 128 0 0
181 0 0 0 59 128 0 0
182 0 0 0 59 128 0 0
183 0 0 0 59 128 0 0
184 0 0 0 59 128 0 0
185 0 0 0 59 128 0 0
186 0 0 0 59 128 0 0
187 0 0 0 59 128 0 0
188 0 0 0 59 128 0 0
189 0 0 0 59 128 0 0
190 0 0 0 59 128 0 0
191 0 0 0 59 128 0 0
192 0 0 0 59 128 0 0
193 0 0 0 59 128 0 0
194 0 0 0 59 128 0 0
195 0 0 0 59 128 0 0
196 0 0 0 59 128 0 0
197 0 0 0 59 128 0 0
198 0 0 0 59 128 0 0
199 0 0 0 59 128 0 0
200 0 0 0 59 128 0 0
201 0 0 0 59 128 0 0
202 0 0 0 59 128 0 0
203 0 0 0 59 128 0 0
204 0 0 0 59 128 0 0
205 0 0 0 59 128 0 0
206 0 0 0 59 128 0 0
207 0 0 0 59 128 0 0
208 0 0 0 59 128 0 0
209 0 0 0 59 128 0 0
210 0 0 0 59 128 0 0
211 0 0 0 59 128 0 0
212 0 0 0 59 128 0 0
213 0 0 0 59 128 0 0
214 0 0 0 59 128 0 0
215 0 0 0 59 128 0 0
216 0 0 0 59 128 0 0
217 0 0 0 59 128 0 0
218 0 0 0 59 128 0 0
219 0 0 0 59 128 0 0
220 0 0 0 59 128 0 0
221 0 0 0 59 128 0 0
222 0 0 0 59 128 0 0
223 0 0 0 59 128 0 0
224 0 0 0 59 128 0 0
225 0 0 0 59 128 0 0
226 0 0 0 59 128 0 0
227 0 0 0 59 128 0 0
228 0 0 0 59 128 0 0
229 0 0 0 59 128 0 0
230 0 0 0 59 128 0 0
231 0 0 0 59 128 0 0
232 0 0 0 59 128 0 0
233 0 0 0 59 128 0 0
234 0 0 0 59 128 0 0
235 0 0 0 59 128 0 0
236 0 0 0 59 128 0 0
237 0 0 0 59 128 0 0
238 0 0 0 59 128 0 0
239 0 0 0 59 128 0 0
240 0 0 0 59 128 0 0
241 0 0 0 59 128 0 0
242 0 0 0 59 128 0 0
243 0 0 0 59 128 0 0
244 0 0 0 59 128 0 0
245 0 0 0 59 128 0 0
246 0 0 0 59 128 0 0
247 0 0 0 59 128 0 0
248 0 0 0 59 128 0 0
249 0 0 0 59 128 0 0
250 0 0 0 59 128 0 0
251 0 0 0 59 128 0 0
252 0 0 0 59 128 0 0
253 0 0 0 59 128 0 0
254 0 0 0 59 128 0 0
255 0 0 0 59 128 0 0
256 0 0 0 59 128 0 0
257 0 0 0 59 128 0 0
258 0 0 0 59 128 0 0
259 0 0 0 59 128 0 0
260 0 0 0 59 128 0 0
261 0 0 0 59 128 0 0
262 0 0 0 59 128 0 0
263 0 0 0 59 128 0 0
264 0 0 0 59 128 0 0
265 0 0 0 59 128 0 0
266 0 0 0 59 128 0 0
267 0 0 0 59 128 0 0
268 0 0 0 59 128 0 0
269 0 0 0 59 128 0 0
270 0 0 0 59 128 0 0
271 0 0 0 59 128 0 0
272 0 0 0 59 128 0 0
273 0 0 0 59 128 0 0
274 0 0 0 59 128 0 0
275 0 0 0 59 128 0 0
276 0 0 0 59 128 0 0
277 0 0 0 59 128 0 0
278 0 0 0 59 128 0 0
279 0 0 0 59 128 0 0
280 0 0 0 59 128 0 0
281 0 0 0 59 128 0 0
282 0 0 0 59 128 0 0
283 0 0 0 59 128 0 0
284 0 0 0 59 128 0 0
285 0 0 0 59 128 0 0
286 0 0 0 59 128 0 0
287 0 0 0 59 128 0 0
288 0 0 0 59 128 0 0
289 0 0 0 59 128 0 0
290 0 0 0 59 128 0 0
291 0 0 0 59 128 0 0
292 0 0 0 59 128 0 0
293 0 0 0 59 128 0 0
294 0 0 0 59 128 0 0
295 0 0 0 59 128 0 0
296 0 0 0 59 128 0 0
297 0 0 0 59 128 0 0
298 0 0 0 59 128 0 0
299 0 0 0 59 128 0 0
300 0 0 0 59 128 0 0
301 0 0 0 59 128 0 0
302 0 0 0 59 128 0 0
303 0 0 0 59 128 0 0
304 0 0 0 59 128 0 0
305 0 0 0 59 128 0 0
306 0 0 0 59 128 0 0
307 0 0 0 59 128 0 0
308 0 0 0 59 128 0 0
309 0 0 0 59 128 0 0
310 0 0 0 59 128 0 0
311 0 0 0 59 128 0 0
312 0 0 0 59 128 0 0
313 0 0 0 59 128 0 0
314 0 0 0 59 128 0 0
315 0 0 0 59 128 0 0
316 0 0 0 59 128 0 0
317 0 0 0 59 128 0 0
318 0 0 0 59 128 0 0
319 0 0 0 59 128 0 0
320 0 0 0 59 128 0 0
321 0 0 0 59 128 0 0
322 0 0 0 59 128 0 0
323 0 0 0 59 128 0 0
324 0 0 0 59 128 0 0
325 0 0 0 59 128 0 0
326 0 0 0 59 128 0 0
327 0 0 0 59 128 0 0
328 0 0 0 59 128 0 0
329 0 0 0 59 128 0 0
330 0 0 0 59 128 0 0
331 0 0 0 59 128 0 0
332 0 0 0 59 128 0 0
333 0 0 0 59 128 0 0
334 0 0 0 59 128 0 0
335 0 0 0 59 128 0 0
336 0 0 0 59 128 0 0
337 0 0 0 59 128 0 0
338 0 0 0 59 128 0 0
339 0 0 0 59 128 0 0
340 0 0 0 59 128 0 0
341 0 0 0 59 128 0 0
342 0 0 0 59 128 0 0
343 0 0 0 59 128 0 0
344 0 0 0 59 128 0 0
345 0 0 0 59 128 0 0
346 0 0 0 59 128 0 0
347 0 0 0 59 128 0 0
348 0 0 0 59 128 0 0
349 0 0 0 59 128 0 0
350 0 0 0 59 128 0 0
351 0 0 0 59 128 0 0
352 0 0 0 59 128 0 0
353 0 0 0 59 128 0 0
354 0 0 0 59 128 0 0
355 0 0 0 59 128 0 0
356 0 0 0 59 128 0 0
357 0 0 0 59 128 0 0
358 0 0 0 59 128 0 0
359 0 0 0 59 128 0 0
360 0 0 0 59 128 0 0
361 0 0 0 59 128 0 0
362 0 0 0 59 128 0 0
363 0 0 0 59 128 0 0
364 0 0 0 59 128 0 0
365 0 0 0 59 128 0 0
366 0 0 0 59 128 0 0
367 0 0 0 59 128 0 0
368 0 0 0 59 128 0 0
369 0 0 0 59 128 0 0
370 0 0 0 59 128 0 0
371 0 0 0 59 128 0 0
372 0 0 0 59 128 0 0
373 0 0 0 59 128 0 0
374 0 0 0 59 128 0 0
375 0 0 0 59 128 0 0
376 0 0 0 59 128 0 0
377 0 0 0 59 128 0 0
378 0 0 0 59 128 0 0
379 0 0 0 59 128 0 0
380 0 0 0 59 128 0 0
381 0 0 0 59 128 0 0
382 0 0 0 59 128 0 0
383 0 0 0 59 128 0 0
384 0 0 0 59 128 0 0
385 0 0 0 59 128 0 0
386 0 0 0 59 128 0 0
387 0 0 0 59 128 0 0
388 0 0 0 59 128 0 0
389 0 0 0 59 128 0 0
390 0 0 0 59 128 0 0
391 0 0 0 59 128 0 0
392 0 0 0 59 128 0 0
393 0 0 0 59 128 0 0
394 0 0 0 59 128 0 0
395 0 0 0 59 128 0 0
396 0 0 0 59 128 0 0
397 0 0 0 59 128 0 0
398 0 0 0 59 128 0 0
399 0 0 0 59 128 0 0
400 0 0 0 59 128 0 0
401 0 0 0 59 128 0 0
402 0 0 0 59 128 0 0
403 0 0 0 59 128 0 0
404 0 0 0 59 128 0 0
405 0 0 0 59 128 0 0
406 0 0 0 59 128 0 0
407 0 0 0 59 128 0 0
408 0 0 0 59 128 0 0
409 0 0 0 59 128 0 0
410 0 0 0 59 128 0 0
411 0 0 0 59 128 0 0
412 0 0 0 59 128 0 0
413 0 0 0 59 128 0 0
414 0 0 0 59 128 0 0
415 0 0 0 59 128 0 0
416 0 0 0 59 128 0 0
417 0 0 0 59 128 0 0
418 0 0 0 59 128 0 0
419 0 0 0 59 128 0 0
420 0 0 0 59 128 0 0
421 0 0 0 59 128 0 0
422 0 0 0 59 128 0 0
423 0 0 0 59 128 0 0
424 0 0 0 59 128 0 0
425 0 0 0 59 128 0 0
426 0 0 0 59 128 0 0
427 0 0 0 59 128 0 0
428 0 0 0 59 128 0 0
429 0 0 0 59 128 0 0
430 0 0 0 59 128 0 0
431 0 0 0 59 128 0 0
432 0 0 0 59 128 0 0
433 0 0 0 59 128 0 0
434 0 0 0 59 128 0 0
435 0 0 0 59 128 0 0
436 0 0 0 59 128 0 0
437 0 0 0 59 128 0 0
438 0 0 0 59 128 0 0
439 0 0 0 59 128 0 0
440 0 0 0 59 128 0 0
441 0 0 0 59 128 0 0
442 0 0 0 59 128 0 0
443 0 0 0 59 128 0 0
444 0 0 0 59 128 0 0
445 0 0 0 59 128 0 0
446 0 0 0 59 128 0 0
447 0 0 0 59 128 0 0
448 0 0 0 59 128 0 0
449 0 0 0 59 128 0 0
450 0 0 0 59 128 0 0
451 0 0 0 59 128 0 0
452 0 0 0 59 128 0 0
453 0 0 0 59 128 0 0
454 0 0 0 59 128 0 0
455 0 0 0 59 128 0 0
456 0 0 0 59 128 0 0
457 0 0 0 59 128 0 0
458 0 0 0 59 128 0 0
459 0 0 0 59 128 0 0
460 0 0 0 59 128 0 0
461 0 0 0 59 128 0 0
462 0 0 0 59 128 0 0
463 0 0 0 59 128 0 0
464 0 0 0 59 128 0 0
465 0 0 0 59 128 0 0
466 0 0 0 59 128 0 0
467 0 0 0 59 128 0 0
468 0 0 0 59 128 0 0
469 0 0 0 59 128 0 0
470 0 0 0 59 128 0 0
471 0 0 0 59 128 0 0
472 0 0 0 59 128 0 0
473 0 0 0 59 128 0 0
474 0 0 0 59 128 0 0
475 0 0 0 59 128 0 0
476 0 0 0 59 128 0 0
477 0 0 0 59 128 0 0
478 0 0 0 59 128 0 0
479 0 0 0 59 128 0 0
480 0 0 0 59 128 0 0
481 0 0 0 59 128 0 0
482 0 0 0 59 128 0 0
483 0 0 0 59 128 0 0
484 0 0 0 59 128 0 0
485 0 0 0 59 128 0 0
486 0 0 0 59 128 0 0
487 0 0 0 59 128 0 0
488 0 0 0 59 128 0 0
489 0 0 0 59 128 0 0
490 0 0 0 59 128 0 0
491 0 0 0 59 128 0 0
492 0 0 0 59 128 0 0
493 0 0 0 59 128 0 0
494 0 0 0 59 128 0 0
495 0 0 0 59 128 0 0
496 0 0 0 59 128 0 0
497 0 0 0 59 128 0 0
498 0 0 0 59 128 0 0
499 0 0 0 59 128 0 0
500 0 0 0 59 128 0 0
501 0 0 0 59 128 0 0
502 0 0 0 59 128 0 0
503 0 0 0 59 128 0 0
504 0 0 0 59 128 0 0
505 0 0 0 59 128 0 0
506 0 0 0 59 128 0 0
507 0 0 0 59 128 0 0
508 0 0 0 59 128 0 0
509 0 0 0 59 128 0 0
510 0 0 0 59 128 0 0
511 0 0 0 59 128 0 0
512 0 0 0 59 128 0 0
513 0 0 0 59 128 0 0
514 0 0 0 59 128 0 0
515 0 0 0 59 128 0 0
516 0 0 0 59 128 0 0
517 0 0 0 59 128 0 0
518 0 0 0 59 128 0 0
519 0 0 0 59 128 0 0
520 0 0 0 59 128 0 0
521 0 0 0 59 128 0 0
522 0 0 0 59 128 0 0
523 0 0 0 59 128 0 0
524 0 0 0 59 128 0 0
525 0 0 0 59 128 0 0
526 0 0 0 59 128 0 0
527 0 0 0 59 128 0 0
528 0 0 0 59 128 0 0
529 0 0 0 59 128 0 0
530 0 0 0 59 128 0 0
531 0 0 0 59 128 0 0
532 0 0 0 59 128 0 0
533 0 0 0 59 128 0 0
534 0 0 0 59 128 0 0
535 0 0 0 59 128 0 0
536 0 0 0 59 128 0 0
537 0 0 0 59 128 0 0
538 0 0 0 59 128 0 0
539 0 0 0 59 128 0 0
540 0 0 0 59 128 0 0
541 0 0 0 59 128 0 0
542 0 0 0 59 128 0 0
543 0 0 0 59 128 0 0
544 0 0 0 59 128 0 0
545 0 0 0 59 128 0 0
546 0 0 0 59 128 0 0
547 0 0 0 59 128 0 0
548 0 0 0 59 128 0 0
549 0 0 0 59 128 0 0
550 0 0 0 59 128 0 0
551 0 0 0 59 128 0 0
552 0 0 0 59 128 0 0
553 0 0 0 59 128 0 0
554 0 0 0 59 128 0 0
555 0 0 0 59 128 0 0
556 0 0 0 59 128 0 0
557 0 0 0 59 128 0 0
558 0 0 0 59 128 0 0
559 0 0 0 59 128 0 0
560 0 0 0 59 128 0 0
561 0 0 0 59 128 0 0
562 0 0 0 59 128 0 0
563 0 0 0 59 128 0 0
564 0 0 0 59 128 0 0
565 0 0 0 59 128 0 0
566 0 0 0 59 128 0 0
567 0 0 0 59 128 0 0
568 0 0 0 59 128 0 0
569 0 0 0 59 128 0 0
570 0 0 0 59 128 0 0
571 0 0 0 59 128 0 0
572 0 0 0 59 128 0 0
573 0 0 0 59 128 0 0
574 0 0 0 59 128 0 0
575 0 0 0 59 128 0 0
576 0 0 0 59 128 0 0
577 0 0 0 59 128 0 0
578 0 0 0 59 128 0 0
579 0 0 0 59 128 0 0
580 0 0 0 59 128 0 0
581 0 0 0 59 128 0 0
582 0 0 0 59 128 0 0
583 0 0 0 59 128 0 0
584 0 0 0 59 128 0 0
585 0 0 0 59 128 0 0
586 0 0 0 59 128 0 0
587 0 0 0 59 128 0 0
588 0 0 0 59 128 0 0
589 0 0 0 59 128 0 0
590 0 0 0 59 128 0 0
591 0 0 0 59 128 0 0
592 0 0 0 59 128 0 0
593 0 0 0 59 128 0 0
594 0 0 0 59 128 0 0
595 0 0 0 59 128 0 0
596 0 0 0 59 128 0 0
597 0 0 0 59 128 0 0
598 0 0 0 59 128 0 0
599 0 0 0 59 128 0 0
600 0 0 0 59 128 0 0
601 0 0 0 59 128 0 0
602 0 0 0 59 128 0 0
603 0 0 0 59 128 0 0
604 0 0 0 59 128 0 0
605 0 0 0 59 128 0 0
606 0 0 0 59 128 0 0
607 0 0 0 59 128 0 0
608 0 0 0 59 128 0 0
609 0 0 0 59 128 0 0
610 0 0 0 59 128 0 0
611 0 0 0 59 128 0 0
612 0 0 0 59 128 0 0
613 0 0 0 59 128 0 0
614 0 0 0 59 128 0 0
615 0 0 0 59 128 0 0
616 0 0 0 59 128 0 0
617 0 0 0 59 128 0 0
618 0 0 0 59 128 0 0
619 0 0 0 59 128 0 0
620 0 0 0 59 128 0 0
621 0 0 0 59 128 0 0
622 0 0 0 59 128 0 0
623 0 0 0 59 128 0 0
624 0 0 0 59 128 0 0
625 0 0 0 59 128 0 0
626 0 0 0 59 128 0 0
627 0 0 0 59 128 0 0
628 0 0 0 59 128 0 0
629 0 0 0 59 128 0 0
630 0 0 0 59 128 0 0
631 0 0 0 59 128 0 0
632 0 0 0 59 128 0 0
633 0 0 0 59 128 0 0
634 0 0 0 59 128 0 0
635 0 0 0 59 128 0 0
636 0 0 0 59 128 0 0
637 0 0 0 59 128 0 0
638 0 0 0 59 128 0 0
639 0 0 0 59 128 0 0
640 0 0 0 59 128 0 0
641 0 0 0 59 128 0 0
642 0 0 0 59 128 0 0
643 0 0 0 59 128 0 0
644 0 0 0 59 128 0 0
645 0 0 0 59 128 0 0
646 0 0 0 59 128 0 0
647 0 0 0 59 128 0 0
648 1 0 0 58 128 0 0
649 1 0 0 58 128 0 0
650 1 0 0 58 128 0 0
651 1 0 0 58 128 0 0
652 1 0 0 58 128 0 0
653 1 0 0 58 128 0 0
654 1 0 0 58 128 0 0
655 1 0 0 58 128 0 0
656 1 0 0 58 128 0 0
657 1 0 0 58 128 0 0
658 1 0 0 58 128 0 0
659 1 0 0 58 128 0 0
660 1 0 0 58 128 0 0
661 1 0 0 58 128 0 0
662 1 0 0 58 128 0 0
663 1 0 0 58 128 0 0
664 1 0 0 58 128 0 0
665 1 0 0 58 128 0 0
666 1 0 0 58 128 0 0
667 1 0 0 58 128 0 0
668 1 0 0 58 128 0 0
669 1 0 0 58 128 0 0
670 1 0 0 58 128 0 0
671 1 0 0 58 128 0 0
672 1 0 0 58 128 0 0
673 1 0 0 58 128 0 0
674 1 0 0 58 128 0 0
675 1 0 0 58 128 0 0
676 1 0 0 58 128 0 0
677 1 0 0 58 128 0 0
678 1 0 0 58 128 0 0
679 1 0 0 58 128 0 0
680 1 0 0 58 128 0 0
681 1 0 0 58 128 0 0
682 1 0 0 58 128 0 0
683 1 0 0 58 128 0 0
684 1 0 0 58 128 0 0
685 1 0 0 58 128 0 0
686 1 0 0 58 128 0 0
687 1 0 0 58 128 0 0
688 1 0 0 58 128 0 0
689 1 0 0 58 128 0 0
690 1 0 0 58 128 0 0
691 1 0 0 58 128 0 0
692 1 0 0 58 128 0 0
693 1 0 0 58 128 0 0
694 1 0 0 58 128 0 0
695 1 0 0 58 128 0 0
696 1 0 0 58 128 0 0
697 1 0 0 58 128 0 0
698 1 0 0 58 128 0 0
699 1 0 0 58 128 0 0
700 1 0 0 58 128 0 0
701 1 0 0 58 128 0 0
702 1 0 0 58 128 0 0
703 1 0 0 58 128 0 0
704 1 0 0 58 128 0 0
705 1 0 0 58 128 0 0
706 1 0 0 58 128 0 0
707 1 0 0 58 128 0 0
708 1 0 0 58 128 0 0
709 1 0 0 58 128 0 0
710 1 0 0 58 128 0 0
711 1 0 0 58 128 0 0
712 1 0 0 58 128 0 0
713 1 0 0 58 128 0 0
714 1 0 0 58 128 0 0
715 1 0 0 58 128 0 0
716 1 0 0 58 128 0 0
717 1 0 0 58 128 0 0
718 1 0 0 58 128 0 0
719 1 0 0 58 128 0 0
720 1 0 0 58 128 0 0
721 1 0 0 58 128 0 0
722 1 0 0 58 128 0 0
723 1 0 0 58 128 0 0
724 1 0 0 58 128 0 0
725 1 0 0 58 128 0 0
726 1 0 0 58 128 0 0
727 1 0 0 58 128 0 0
728 1 0 0 58 128 0 0
729 1 0 0 58 128 0 0
730 1 0 0 58 128 0 0
731 1 0 0 58 128 0 0
732 1 0 0 58 128 0 0
733 1 0 0 58 128 0 0
734 1 0 0 58 128 0 0
735 1 0 0 58 128 0 0
736 1 0 0 58 128 0 0
737 1 0 0 58 128 0 0
738 1 0 0 58 128 0 0
739 1 0 0 58 128 0 0
740 1 0 0 58 128 0 0
741 1 0 0 58 128 0 0
742 1 0 0 58 128 0 0
743 1 0 0 58 128 0 0
744 1 0 0 58 128 0 0
745 1 0 0 58 128 0 0
746 1 0 0 58 128 0 0
747 1 0 0 58 128 0 0
748 1 0 0 58 128 0 0
749 1 0 0 58 128 0 0
750 1 0 0 58 128 0 0
751 1 0 0 58 128 0 0
752 1 0 0 58 128 0 0
753 1 0 0 58 128 0 0
754 1 0 0 58 128 0 0
755 1 0 0 58 128 0 0
756 1 0 0 58 128 0 0
757 1 0 0 58 128 0 0
758 1 0 0 58 128 0 0
759 1 0 0 58 128 0 0
760 1 0 0 58 128 0 0
761 1 0 0 58 128 0 0
762 1 0 0 58 128 0 0
763 1 0 0 58 128 0 0
764 1 0 0 58 128 0 0
765 1 0 0 58 128 0 0
766 1 0 0 58 128 0 0
767 1 0 0 58 128 0 0
768 1 0 0 58 128 0 0
769 1 0 0 58 128 0 0
770 1 0 0 58 128 0 0
771 1 0 0 58 128 0 0
772 1 0 0 58 128 0 0
773 1 0 0 58 128 0 0
774 1 0 0 58 128 0 0
775 1 0 0 58 128 0 0
776 1 0 0 58 128 0 0
777 1 0 0 58 128 0 0
778 1 0 0 58 128 0 0
779 1 0 0 58 128 0 0
780 1 0 0 58 128 0 0
781 1 0 0 58 128 0 0
782 1 0 0 58 128 0 0
783 1 0 0 58 128 0 0
784 1 0 0 58 128 0 0
785 1 0 0 58 128 0 0
786 1 0 0 58 128 0 0
787 1 0 0 58 128 0 0
788 1 0 0 58 128 0 0
789 1 0 0 58 128 0 0
790 1 0 0 58 128 0 0
791 1 0 0 58 128 0 0
792 1 0 0 58 128 0 0
793 1 0 0 58 128 0 0
794 1 0 0 58 128 0 0
795 1 0 0 58 128 0 0
796 1 0 0 58 128 0 0
797 1 0 0 58 128 0 0
798 1 0 0 58 128 0 0
799 1 0 0 58 128 0 0
800 1 0 0 58 128 0 0
801 1 0 0 58 128 0 0
802 1 0 0 58 128 0 0
803 1 0 0 58 128 0 0
804 1 0 0 58 128 0 0
805 1 0 0 58 128 0 0
806 1 0 0 58 128 0 0
807 1 0 0 58 128 0 0
808 1 0 0 58 128 0 0
809 1 0 0 58 128 0 0
810 1 0 0 58 128 0 0
811 1 0 0 58 128 0 0
812 1 0 0 58 128 0 0
813 1 0 0 58 128 0 0
814 1 0 0 58 128 0 0
815 1 0 0 58 128 0 0
816 1 0 0 58 128 0 0
817 1 0 0 58 128 0 0
818 1 0 0 58 128 0 0
819 1 0 0 58 128 0 0
820 1 0 0 58 128 0 0
821 1 0 0 58 128 0 0
822 1 0 0 58 128 0 0
823 1 0 0 58 128 0 0
824 1 0 0 58 128 0 0
825 1 0 0 58 128 0 0
826 1 0 0 58 128 0 0
827 1 0 0 58 128 0 0
828 1 0 0 58 128 0 0
829 1 0 0 58 128 0 0
830 1 0 0 58 128 0 0
831 1 0 0 58 128 0 0
832 1 0 0 58 128 0 0
833 1 0 0 58 128 0 0
834 1 0 0 58 128 0 0
835 1 0 0 58 128 0 0
836 1 0 0 58 128 0 0
837 1 0 0 58 128 0 0
838 1 0 0 58 128 0 0
839 1 0 0 58 128 0 0
840 1 0 0 58 128 0 0
841 1 0 0 58 128 0 0
842 1 0 0 58 128 0 0
843 1 0 0 58 128 0 0
844 1 0 0 58 128 0 0
845 1 0 0 58 128 0 0
846 1 0 0 58 128 0 0
847 1 0 0 58 128 0 0
848 1 0 0 58 128 0 0
849 1 0 0 58 128 0 0
850 1 0 0 58 128 0 0
851 1 0 0 58 128 0 0
852 1 0 0 58 128 0 0
853 1 0 0 58 128 0 0
854 1 0 0 58 128 0 0
855 1 0 0 58 128 0 0
856 1 0 0 58 128 0 0
857 1 0 0 58 128 0 0
858 1 0 0 58 128 0 0
859 1 0 0 58 128 0 0
860 1 0 0 58 128 0 0
861 1 0 0 58 128 0 0
862 1 0 0 58 128 0 0
863 1 0 0 58 128 0 0
864 1 0 0 58 128 0 0
865 1 0 0 58 128 0 0
866 1 0 0 58 128 0 0
867 1 0 0 58 128 0 0
868 1 0 0 58 128 0 0
869 1 0 0 58 128 0 0
870 1 0 0 58 128 0 0
871 1 0 0 58 128 0 0
872 1 0 0 58 128 0 0
873 1 0 0 58 128 0 0
874 1 0 0 58 128 0 0
875 1 0 0 58 128 0 0
876 1 0 0 58 128 0 0
877 1 0 0 58 128 0 0
878 1 0 0 58 128 0 0
879 1 0 0 58 128 0 0
880 1 0 0 58 128 0 0
881 1 0 0 58 128 0 0
882 1 0 0 58 128 0 0
883 1 0 0 58 128 0 0
884 1 0 0 58 128 0 0
885 1 0 0 58 128 0 0
886 1 0 0 58 128 0 0
887 1 0 0 58 128 0 0
888 1 0 0 58 128 0 0
889 1 0 0 58 128 0 0
890 1 0 0 58 128 0 0
891 1 0 0 58 128 0 0
892 1 0 0 58 128 0 0
893 1 0 0 58 128 0 0
894 1 0 0 58 128 0 0
895 1 0 0 58 128 0 0
896 1 0 0 58 128 0 0
897 1 0 0 58 128 0 0
898 1 0 0 58 128 0 0
899 1 0 0 58 128 0 0
900 1 0 0 58 128 0 0
901 1 0 0 58 128 0 0
902 1 0 0 58 128 0 0
903 1 0 0 58 128 0 0
904 1 0 0 58 128 0 0
905 1 0 0 58 128 0 0
906 1 0 0 58 128 0 0
907 1 0 0 58 128 0 0
908 1 0 0 58 128 0 0
909 1 0 0 58 128 0 0
910 1 0 0 58 128 0 0
911 1 0 0 58 128 0 0
912 1 0 0 58 128 0 0
913 1 0 0 58 128 0 0
914 1 0 0 58 128 0 0
915 1 0 0 58 128 0 0
916 1 0 0 58 128 0 0
917 1 0 0 58 128 0 0
918 1 0 0 58 128 0 0
919 1 0 0 58 128 0 0
920 1 0 0 58 128 0 0
921 1 0 0 58 128 0 0
922 1 0 0 58 128 0 0
923 1 0 0 58 128 0 0
924 1 0 0 58 128 0 0
925 1 0 0 58 128 0 0
926 1 0 0 58 128 0 0
927 1 0 0 58 128 0 0
928 1 0 0 58 128 0 0
929 1 0 0 58 128 0 0
930 1 0 0 58 128 0 0
931 1 0 0 58 128 0 0
932 1 0 0 58 128 0 0
933 1 0 0 58 128 0 0
934 1 0 0 58 128 0 0
935 1 0 0 58 128 0 0
936 1 0 0 58 128 0 0
937 1 0 0 58 128 0 0
938 1 0 0 58 128 0 0
939 1 0 0 58 128 0 0
940 1 0 0 58 128 0 0
941 2 0 0 57 128 0 0
942 2 0 0 57 128 0 0
943 2 0 0 57 128 0 0
944 2 0 0 57 125 1 2
945 2 0 0 57 125 1 2
946 2 0 0 57 125 1 2
947 2 0 0 57 125 1 2
948 2 0 0 57 125 1 2
949 2 0 0 57 125 1 2
950 2 0 0 57 125 1 2
951 2 0 0 57 125 1 2
952 2 0 0 57 125 1 2
953 2 0 0 57 125 1 2
954 2 0 0 57 125 1 2
955 2 0 0 57 125 1 2
956 2 0 0 57 125 1 2
957 2 0 0 57 125 1 2
958 2 0 0 57 125 1 2
959 2 0 0 57 125 1 2
960 2 0 0 57 125 1 2
961 2 0 0 57 125 1 2
962 2 0 0 57 125 1 2
963 2 0 0 57 125 1 2
964 2 0 0 57 125 1 2
965 2 0 0 57 125 1 2
966 2 0 0 57 125 1 2
967 2 0 0 57 125 1 2
968 2 0 0 57 125 1 2
969 2 0 0 57 125 1 2
970 2 0 0 57 125 1 2
971 2 0 0 57 125 1 2
972 2 0 0 57 125 1 2
973 2 0 0 57 125 1 4
974 2 0 0 57 125 1 4
975 2 0 0 57 125 1 4
976 2 0 0 57 125 1 4
977 2 0 0 57 127 1 2
978 2 0 0 57 127 1 2
979 2 0 0 57 127 1 2
980 2 0 0 57 127 1 2
981 2 0 0 57 127 1 2
982 2 0 0 57 127 1 2
983 2 0 0 57 127 1 2
984 2 0 0 57 127 1 2
985 2 0 0 57 127 1 2
986 2 0 0 57 127 1 2
987 2 0 0 57 127 1 2
988 2 0 0 57 127 1 2
989 2 0 0 57 127 1 2
990 2 0 0 57 127 1 2
991 2 0 0 57 127 1 2
992 2 0 0 57 127 1 2
993 2 0 0 57 127 1 2
994 2 0 0 57 127 1 2
995 2 0 0 57 127 1 2
996 2 0 0 57 124 2 4
997 2 0 0 57 124 2 4
998 2 0 0 57 124 2 4
999 2 0 0 57 124 2 4
1000 2 0 0 57 124 2 4
1001 2 0 0 57 124 2 4
1002 2 0 0 57 124 2 4
1003 2 0 0 57 124 2 4
1004 2 0 0 57 124 2 4
1005 2 0 0 57 124 2 4
1006 2 0 0 57 124 2 4
1007 2 0 0 57 124 2 4
1008 2 0 0 57 124 2 4
1009 2 0 0 57 124 2 4
1010 2 0 0 57 124 2 4
1011 2 0 0 57 124 2 6
1012 2 0 0 57 124 2 6
1013 2 0 0 57 125 2 5
1014 2 0 0 57 126 2 4
1015 2 0 0 57 126 2 4
1016 2 0 0 57 126 2 4
1017 2 0 0 57 126 2 4
1018 2 0 0 57 126 2 4
1019 2 0 0 57 126 2 4
1020 2 0 0 57 126 2 4
1021 2 0 0 57 126 2 4
1022 2 0 0 57 126 2 4
1023 2 0 0 57 126 2 4
1024 2 0 0 57 126 2 4
1025 2 0 0 57 126 2 6
1026 2 0 0 57 126 2 6
1027 2 0 0 57 127 2 5
1028 2 0 0 57 128 2 4
1029 2 0 0 57 128 2 4
1030 2 0 0 57 128 2 4
1031 2 0 0 57 128 2 4
1032 2 0 0 57 128 2 4
1033 2 0 0 57 128 2 4
1034 2 0 0 57 128 2 4
1035 2 0 0 57 128 2 4
1036 2 0 0 57 128 2 4
1037 2 0 0 57 128 2 4
1038 2 0 0 57 128 2 4
1039 2 0 0 57 128 2 4
1040 2 0 0 57 128 2 4
1041 2 0 0 57 128 2 4
1042 2 0 0 57 128 2 4
1043 2 0 0 57 128 2 4
1044 2 0 0 57 128 2 4
1045 2 0 0 57 128 2 4
1046 2 0 0 57 128 2 4
1047 2 0 0 57 128 2 4
1048 2 0 0 57 128 2 4
1049 2 0 0 57 128 2 6
1050 2 0 0 57 128 2 6
1051 2 0 0 57 128 2 6
1052 2 0 0 57 129 2 5
1053 2 0 0 57 130 2 4
1054 2 0 0 57 130 2 4
1055 2 0 0 57 130 2 4
1056 2 0 0 57 130 2 4
1057 2 0 0 57 130 2 4
1058 2 0 0 57 130 2 4
1059 2 0 0 57 130 2 4
1060 2 0 0 57 130 2 4
1061 2 0 0 57 130 2 4
1062 2 0 0 57 130 2 4
1063 2 0 0 57 130 2 6
1064 2 0 0 57 131 2 5
1065 2 0 0 57 131 2 5
1066 2 0 0 57 132 2 4
1067 2 0 0 57 132 2 4
1068 2 0 0 57 132 2 4
1069 2 0 0 57 132 2 4
1070 2 0 0 57 132 2 4
1071 2 0 0 57 132 2 4
1072 2 0 0 57 132 2 4
1073 2 0 0 57 132 2 4
1074 2 0 0 57 132 2 4
1075 2 0 0 57 132 2 4
1076 2 0 0 57 132 2 4
1077 2 0 0 57 132 2 4
1078 2 0 0 57 132 2 4
1079 2 0 0 57 132 2 4
1080 2 0 0 57 132 2 4
1081 2 0 0 57 132 2 4
1082 2 0 0 57 132 2 4
1083 2 0 0 57 132 2 4
1084 2 0 0 57 132 2 4
1085 2 0 0 57 132 2 4
1086 2 0 0 57 132 2 4
1087 2 0 0 57 132 2 6
1088 2 0 0 57 132 2 6
1089 2 0 0 57 132 2 6
1090 2 0 0 57 134 2 4
1091 2 0 0 57 134 2 4
1092 2 0 0 57 134 2 4
1093 2 0 0 57 134 2 4
1094 2 0 0 57 134 2 4
1095 2 0 0 57 134 2 4
1096 2 0 0 57 134 2 4
1097 2 0 0 57 134 2 4
1098 2 0 0 57 134 2 4
1099 2 0 0 57 134 2 4
1100 2 0 0 57 134 2 4
1101 2 0 0 57 134 2 6
1102 2 0 0 57 135 2 5
1103 2 0 0 57 135 2 5
1104 2 0 0 57 136 2 4
1105 2 0 0 57 136 2 4
1106 2 0 0 57 136 2 4
1107 2 0 0 57 136 2 4
1108 2 0 0 57 136 2 4
1109 2 0 0 57 136 2 4
1110 2 0 0 57 136 2 4
1111 2 0 0 57 136 2 4
1112 2 0 0 57 136 2 4
1113 2 0 0 57 136 2 4
1114 2 0 0 57 136 2 4
1115 2 0 0 57 136 2 4
1116 2 0 0 57 136 2 4
1117 2 0 0 57 136 2 4
1118 2 0 0 57 136 2 4
1119 2 0 0 57 136 2 4
1120 2 0 0 57 136 2 4
1121 2 0 0 57 136 2 4
1122 2 0 0 57 136 2 4
1123 2 0 0 57 136 2 4
1124 2 0 0 57 136 2 4
1125 2 0 0 57 136 2 6
1126 2 0 0 57 136 2 6
1127 2 0 0 57 136 2 6
1128 2 0 0 57 136 2 6
1129 2 0 0 57 137 2 5
1130 2 0 0 57 138 2 4
1131 2 0 0 57 138 2 4
1132 2 0 0 57 138 2 4
1133 2 0 0 57 138 2 4
1134 2 0 0 57 138 2 4
1135 2 0 0 57 138 2 4
1136 2 0 0 57 138 2 4
1137 2 0 0 57 138 2 4
1138 2 0 0 57 138 2 4
1139 2 0 0 57 138 2 6
1140 3 0 0 56 139 2 5
1141 3 0 0 56 139 2 5
1142 3 0 0 56 139 2 5
1143 3 0 0 56 140 2 4
1144 3 0 0 56 140 2 4
1145 3 0 0 56 140 2 4
1146 3 0 0 56 140 2 4
1147 3 0 0 56 140 2 4
1148 3 0 0 56 140 2 4
1149 3 0 0 56 140 2 4
1150 3 0 0 56 140 2 4
1151 3 0 0 56 140 2 4
1152 3 0 0 56 140 2 4
1153 3 0 0 56 140 2 4
1154 3 0 0 56 140 2 4
1155 3 0 0 56 140 2 4
1156 3 0 0 56 140 2 4
1157 3 0 0 56 140 2 4
1158 3 0 0 56 140 2 4
1159 3 0 0 56 140 2 4
1160 3 0 0 56 140 2 4
1161 3 0 0 56 140 2 4
1162 3 0 0 56 140 2 4
1163 3 0 0 56 140 2 6
1164 3 0 0 56 140 2 6
1165 3 0 0 56 140 2 6
1166 3 0 0 56 141 2 5
1167 3 0 0 56 142 2 4
1168 3 0 0 56 142 2 4
1169 3 0 0 56 142 2 4
1170 3 0 0 56 142 2 4
1171 3 0 0 56 142 2 4
1172 3 0 0 56 142 2 4
1173 3 0 0 56 142 2 4
1174 3 0 0 56 142 2 4
1175 3 0 0 56 142 2 4
1176 3 0 0 56 142 2 4
1177 3 0 0 56 142 2 6
1178 3 0 0 56 142 2 6
1179 3 0 0 56 143 2 5
1180 3 0 0 56 143 2 5
1181 3 0 0 56 144 2 4
1182 3 0 0 56 144 2 4
1183 3 0 0 56 144 2 4
1184 3 0 0 56 144 2 4
1185 3 0 0 56 144 2 4
1186 3 0 0 56 144 2 4
1187 3 0 0 56 144 2 4
1188 3 0 0 56 144 2 4
1189 3 0 0 56 144 2 4
1190 3 0 0 56 144 2 4
1191 3 0 0 56 144 2 4
1192 3 0 0 56 144 2 4
1193 3 0 0 56 144 2 4
1194 3 0 0 56 144 2 4
1195 3 0 0 56 144 2 4
1196 3 0 0 56 144 2 4
1197 3 0 0 56 144 2 4
1198 3 0 0 56 144 2 4
1199 3 0 0 56 144 2 4
1200 3 0 0 56 144 2 4
1201 3 0 0 56 144 2 6
1202 3 0 0 56 144 2 6
1203 3 0 0 56 145 2 5
1204 3 0 0 56 145 2 5
1205 3 0 0 56 146 2 4
1206 3 0 0 56 146 2 4
1207 3 0 0 56 146 2 4
1208 3 0 0 56 146 2 4
1209 3 0 0 56 146 2 4
1210 3 0 0 56 146 2 4
1211 3 0 0 56 146 2 4
1212 3 0 0 56 146 2 4
1213 3 0 0 56 146 2 4
1214 3 0 0 56 146 2 4
1215 3 0 0 56 146 2 6
1216 3 0 0 56 147 2 5
1217 3 0 0 56 148 2 4
1218 3 0 0 56 148 2 4
1219 3 0 0 56 148 2 4
1220 3 0 0 56 148 2 4
1221 3 0 0 56 148 2 4
1222 3 0 0 56 148 2 4
1223 3 0 0 56 148 2 4
1224 3 0 0 56 148 2 4
1225 3 0 0 56 148 2 4
1226 3 0 0 56 148 2 4
1227 3 0 0 56 148 2 4
1228 3 0 0 56 148 2 4
1229 3 0 0 56 148 2 4
1230 3 0 0 56 148 2 4
1231 3 0 0 56 148 2 4
1232 3 0 0 56 148 2 4
1233 3 0 0 56 148 2 4
1234 3 0 0 56 148 2 4
1235 3 0 0 56 148 2 4
1236 3 0 0 56 148 2 4
1237 3 0 0 56 148 2 4
1238 3 0 0 56 148 2 4
1239 3 0 0 56 148 2 6
1240 3 0 0 56 148 2 6
1241 3 0 0 56 148 2 6
1242 3 0 0 56 149 2 5
1243 3 0 0 56 150 2 4
1244 3 0 0 56 150 2 4
1245 3 0 0 56 150 2 4
1246 3 0 0 56 150 2 4
1247 3 0 0 56 150 2 4
1248 3 0 0 56 150 2 4
1249 3 0 0 56 150 2 4
1250 3 0 0 56 150 2 4
1251 3 0 0 56 150 2 4
1252 3 0 0 56 150 2 4
1253 3 0 0 56 150 2 6
1254 3 0 0 56 151 2 5
1255 3 0 0 56 151 2 5
1256 3 0 0 56 151 2 5
1257 3 0 0 56 152 2 4
1258 3 0 0 56 152 2 4
1259 3 0 0 56 152 2 4
1260 3 0 0 56 152 2 4
1261 3 0 0 56 152 2 4
1262 3 0 0 56 152 2 4
1263 3 0 0 56 152 2 4
1264 3 0 0 56 152 2 4
1265 3 0 0 56 152 2 4
1266 3 0 0 56 152 2 4
1267 3 0 0 56 152 2 4
1268 3 0 0 56 152 2 4
1269 3 0 0 56 152 2 4
1270 3 0 0 56 152 2 4
1271 3 0 0 56 152 2 4
1272 3 0 0 56 152 2 4
1273 3 0 0 56 152 2 4
1274 3 0 0 56 152 2 4
1275 3 0 0 56 152 2 4
1276 3 0 0 56 152 2 4
1277 3 0 0 56 152 2 6
1278 3 0 0 56 152 2 6
1279 3 0 0 56 152 2 6
1280 3 0 0 56 152 2 6
1281 3 0 0 56 154 2 4
1282 3 0 0 56 154 2 4
1283 3 0 0 56 154 2 4
1284 3 0 0 56 154 2 4
1285 3 0 0 56 154 2 4
1286 3 0 0 56 154 2 4
1287 3 0 0 56 154 2 4
1288 3 0 0 56 154 2 4
1289 3 0 0 56 154 2 4
1290 3 0 0 56 154 2 4
1291 3 0 0 56 154 2 6
1292 3 0 0 56 155 2 5
1293 3 0 0 56 155 2 5
1294 3 0 0 56 155 2 5
1295 3 0 0 56 155 2 5
1296 3 0 0 56 156 2 4
1297 3 0 0 56 156 2 4
1298 3 0 0 56 156 2 4
1299 3 0 0 56 156 2 4
1300 3 0 0 56 156 2 4
1301 3 0 0 56 156 2 4
1302 3 0 0 56 156 2 4
1303 3 0 0 56 156 2 4
1304 3 0 0 56 156 2 4
1305 3 0 0 56 156 2 4
1306 3 0 0 56 156 2 4
1307 3 0 0 56 156 2 4
1308 3 0 0 56 156 2 4
1309 3 0 0 56 156 2 4
1310 3 0 0 56 156 2 4
1311 3 0 0 56 156 2 4
1312 3 0 0 56 156 2 4
1313 3 0 0 56 156 2 4
1314 3 0 0 56 156 2 4
1315 3 0 0 56 156 2 6
1316 3 0 0 56 156 2 6
1317 3 0 0 56 156 2 6
1318 3 0 0 56 156 2 6
1319 3 0 0 56 157 2 5
1320 3 0 0 56 158 2 4
1321 3 0 0 56 158 2 4
1322 3 0 0 56 158 2 4
1323 3 0 0 56 158 2 4
1324 3 0 0 56 158 2 4
1325 3 0 0 56 158 2 4
1326 3 0 0 56 158 2 4
1327 3 0 0 56 158 2 4
1328 3 0 0 56 158 2 4
1329 3 0 0 56 158 2 6
1330 3 0 0 56 158 2 6
1331 3 0 0 56 158 2 6
1332 3 0 0 56 159 2 5
1333 3 0 0 56 159 2 5
1334 3 0 0 56 159 2 5
1335 3 0 0 56 160 2 4
1336 3 0 0 56 160 2 4
1337 3 0 0 56 160 2 4
1338 3 0 0 56 160 2 4
1339 3 0 0 56 160 2 4
1340 3 0 0 56 160 2 4
1341 3 0 0 56 160 2 4
1342 3 0 0 56 160 2 4
1343 3 0 0 56 160 2 4
1344 3 0 0 56 160 2 4
1345 3 0 0 56 160 2 4
1346 3 0 0 56 160 2 4
1347 3 0 0 56 160 2 4
1348 3 0 0 56 160 2 4
1349 3 0 0 56 160 2 4
1350 3 0 0 56 160 2 4
1351 3 0 0 56 160 2 4
1352 3 0 0 56 160 2 4
1353 3 0 0 56 160 2 6
1354 3 0 0 56 160 2 6
1355 3 0 0 56 161 2 5
1356 3 0 0 56 161 2 5
1357 3 0 0 56 162 2 4
1358 3 0 0 56 162 2 4
1359 3 0 0 56 162 2 4
1360 3 0 0 56 162 2 4
1361 3 0 0 56 162 2 4
1362 3 0 0 56 162 2 4
1363 3 0 0 56 162 2 4
1364 3 0 0 56 162 2 4
1365 3 0 0 56 162 2 4
1366 3 0 0 56 162 2 4
1367 3 0 0 56 162 2 6
1368 3 0 0 56 162 2 6
1369 3 0 0 56 162 2 6
1370 3 0 0 56 163 2 5
1371 3 0 0 56 163 2 5
1372 3 0 0 56 164 2 4
1373 3 0 0 56 164 2 4
1374 3 0 0 56 164 2 4
1375 3 0 0 56 164 2 4
1376 3 0 0 56 164 2 4
1377 3 0 0 56 164 2 4
1378 3 0 0 56 164 2 4
1379 3 0 0 56 164 2 4
1380 3 0 0 56 164 2 4
1381 3 0 0 56 164 2 4
1382 3 0 0 56 164 2 4
1383 3 0 0 56 164 2 4
1384 3 0 0 56 164 2 4
1385 3 0 0 56 164 2 4
1386 3 0 0 56 164 2 4
1387 3 0 0 56 164 2 4
1388 3 0 0 56 164 2 4
1389 3 0 0 56 164 2 4
1390 3 0 0 56 164 2 4
1391 3 0 0 56 164 2 6
1392 3 0 0 56 164 2 6
1393 3 0 0 56 164 2 6
1394 3 0 0 56 165 2 5
1395 4 0 0 55 165 2 5
1396 4 0 0 55 166 2 4
1397 4 0 0 55 166 2 4
1398 4 0 0 55 166 2 4
1399 4 0 0 55 166 2 4
1400 4 0 0 55 166 2 4
1401 4 0 0 55 166 2 4
1402 4 0 0 55 166 2 4
1403 4 0 0 55 166 2 4
1404 4 0 0 55 166 2 4
1405 4 0 0 55 166 2 6
1406 4 0 0 55 168 2 4
1407 4 0 0 55 168 2 4
1408 4 0 0 55 168 2 4
1409 4 0 0 55 168 2 4
1410 4 0 0 55 168 2 4
1411 4 0 0 55 168 2 4
1412 4 0 0 55 168 2 4
1413 4 0 0 55 168 2 4
1414 4 0 0 55 168 2 4
1415 4 0 0 55 168 2 4
1416 4 0 0 55 168 2 4
1417 4 0 0 55 168 2 4
1418 4 0 0 55 168 2 4
1419 4 0 0 55 168 2 4
1420 4 0 0 55 168 2 4
1421 4 0 0 55 168 2 4
1422 4 0 0 55 168 2 4
1423 4 0 0 55 168 2 4
1424 4 0 0 55 168 2 4
1425 4 0 0 55 168 2 4
1426 4 0 0 55 168 2 4
1427 4 0 0 55 168 2 4
1428 4 0 0 55 168 2 4
1429 4 0 0 55 168 2 6
1430 4 0 0 55 169 2 5
1431 4 0 0 55 169 2 5
1432 4 0 0 55 169 2 5
1433 4 0 0 55 169 2 5
1434 4 0 0 55 169 2 5
1435 4 0 0 55 170 2 4
1436 4 0 0 55 170 2 4
1437 4 0 0 55 170 2 4
1438 4 0 0 55 170 2 4
1439 4 0 0 55 170 2 4
1440 4 0 0 55 170 2 4
1441 4 0 0 55 170 2 4
1442 4 0 0 55 170 2 4
1443 4 0 0 55 170 2 6
1444 4 0 0 55 170 2 6
1445 4 0 0 55 170 2 6
1446 4 0 0 55 170 2 6
1447 4 0 0 55 171 2 5
1448 4 0 0 55 171 2 5
1449 4 0 0 55 171 2 5
1450 4 0 0 55 172 2 4
1451 4 0 0 55 172 2 4
1452 4 0 0 55 172 2 4
1453 4 0 0 55 172 2 4
1454 4 0 0 55 172 2 4
1455 4 0 0 55 172 2 4
1456 4 0 0 55 172 2 4
1457 4 0 0 55 172 2 4
1458 4 0 0 55 172 2 4
1459 4 0 0 55 172 2 4
1460 4 0 0 55 172 2 4
1461 4 0 0 55 172 2 4
1462 4 0 0 55 172 2 4
1463 4 0 0 55 172 2 4
1464 4 0 0 55 172 2 4
1465 4 0 0 55 172 2 4
1466 4 0 0 55 172 2 4
1467 4 0 0 55 172 2 6
1468 4 0 0 55 172 2 6
1469 4 0 0 55 172 2 6
1470 4 0 0 55 173 2 5
1471 4 0 0 55 174 2 4
1472 4 0 0 55 174 2 4
1473 4 0 0 55 174 2 4
1474 4 0 0 55 174 2 4
1475 4 0 0 55 174 2 4
1476 4 0 0 55 174 2 4
1477 4 0 0 55 174 2 4
1478 4 0 0 55 174 2 4
1479 4 0 0 55 174 2 4
1480 4 0 0 55 174 2 4
1481 4 0 0 55 174 2 6
1482 4 0 0 55 174 2 6
1483 4 0 0 55 175 2 5
1484 4 0 0 55 175 2 5
1485 4 0 0 55 175 2 5
1486 4 0 0 55 176 2 4
1487 4 0 0 55 176 2 4
1488 4 0 0 55 176 2 4
1489 4 0 0 55 176 2 4
1490 4 0 0 55 176 2 4
1491 4 0 0 55 176 2 4
1492 4 0 0 55 176 2 4
1493 4 0 0 55 176 2 4
1494 4 0 0 55 176 2 4
1495 4 0 0 55 176 2 4
1496 4 0 0 55 176 2 4
1497 4 0 0 55 176 2 4
1498 4 0 0 55 176 2 4
1499 4 0 0 55 176 2 4
1500 4 0 0 55 176 2 4
1501 4 0 0 55 176 2 4
1502 4 0 0 55 176 2 4
1503 4 0 0 55 176 2 4
1504 4 0 0 55 176 2 4
1505 4 0 0 55 176 2 6
1506 4 0 0 55 176 2 6
1507 4 0 0 55 177 2 5
1508 4 0 0 55 178 2 4
1509 4 0 0 55 178 2 4
1510 4 0 0 55 178 2 4
1511 4 0 0 55 178 2 4
1512 4 0 0 55 178 2 4
1513 4 0 0 55 178 2 4
1514 4 0 0 55 178 2 4
1515 4 0 0 55 178 2 4
1516 4 0 0 55 178 2 4
1517 4 0 0 55 178 2 4
1518 4 0 0 55 178 2 4
1519 4 0 0 55 178 2 6
1520 4 0 0 55 178 2 6
1521 4 0 0 55 179 2 5
1522 4 0 0 55 180 2 4
1523 4 0 0 55 180 2 4
1524 4 0 0 55 180 2 4
1525 4 0 0 55 180 2 4
1526 4 0 0 55 180 2 4
1527 4 0 0 55 180 2 4
1528 4 0 0 55 180 2 4
1529 4 0 0 55 180 2 4
1530 4 0 0 55 180 2 4
1531 4 0 0 55 180 2 4
1532 4 0 0 55 180 2 4
1533 4 0 0 55 180 2 4
1534 4 0 0 55 180 2 4
1535 4 0 0 55 180 2 4
1536 4 0 0 55 180 2 4
1537 4 0 0 55 180 2 4
1538 4 0 0 55 180 2 4
1539 4 0 0 55 180 2 4
1540 4 0 0 55 180 2 4
1541 4 0 0 55 180 2 4
1542 4 0 0 55 180 2 4
1543 4 0 0 55 180 2 6
1544 4 0 0 55 180 2 6
1545 4 0 0 55 182 2 4
1546 4 0 0 55 182 2 4
1547 4 0 0 55 182 2 4
1548 4 0 0 55 182 2 4
1549 4 0 0 55 182 2 4
1550 4 0 0 55 179 3 5
1551 4 0 0 55 179 3 5
1552 4 0 0 55 179 3 5
1553 4 0 0 55 179 3 5
1554 4 0 0 55 179 3 5
1555 4 0 0 55 179 3 5
1556 4 0 0 55 179 3 5
1557 4 0 0 55 179 3 7
1558 4 0 0 55 180 3 6
1559 4 0 0 55 180 3 6
1560 4 0 0 55 180 3 6
1561 4 0 0 55 181 3 5
1562 4 0 0 55 181 3 5
1563 4 0 0 55 181 3 5
1564 4 0 0 55 181 3 5
1565 4 0 0 55 181 3 5
1566 4 0 0 55 181 3 5
1567 4 0 0 55 181 3 5
1568 4 0 0 55 181 3 5
1569 4 0 0 55 181 3 5
1570 4 0 0 55 181 3 5
1571 4 0 0 55 181 3 5
1572 4 0 0 55 181 3 5
1573 4 0 0 55 181 3 5
1574 4 0 0 55 181 3 5
1575 4 0 0 55 181 3 5
1576 4 0 0 55 181 3 5
1577 4 0 0 55 181 3 5
1578 4 0 0 55 181 3 5
1579 4 0 0 55 181 3 6
1580 4 0 0 55 182 3 5
1581 4 0 0 55 182 3 7
1582 4 0 0 55 182 3 7
1583 4 0 0 55 182 3 7
1584 4 0 0 55 182 3 7
1585 4 0 0 55 183 3 6
1586 4 0 0 55 184 3 5
1587 4 0 0 55 184 3 5
1588 4 0 0 55 184 3 6
1589 4 0 0 55 184 3 6
1590 4 0 0 55 184 3 6
1591 4 0 0 55 184 3 6
1592 4 0 0 55 184 3 6
1593 4 0 0 55 184 3 6
1594 4 0 0 55 184 3 6
1595 4 0 0 55 184 3 8
1596 4 0 0 55 185 3 7
1597 4 0 0 55 185 3 7
1598 4 0 0 55 185 3 7
1599 4 0 0 55 185 3 7
1600 4 0 0 55 186 3 6
1601 4 0 0 55 186 3 6
1602 4 0 0 55 186 3 6
1603 4 0 0 55 186 3 6
1604 4 0 0 55 186 3 6
1605 4 0 0 55 186 3 6
1606 4 0 0 55 186 3 6
1607 4 0 0 55 186 3 6
1608 4 0 0 55 186 3 6
1609 4 0 0 55 186 3 6
1610 4 0 0 55 186 3 6
1611 4 0 0 55 186 3 6
1612 4 0 0 55 186 3 6
1613 4 0 0 55 186 3 6
1614 4 0 0 55 186 3 6
1615 4 0 0 55 186 3 6
1616 4 0 0 55 186 3 6
1617 4 0 0 55 186 3 8
1618 4 0 0 55 186 3 8
1619 4 0 0 55 187 3 9
1620 4 0 0 55 187 3 9
1621 4 0 0 55 187 3 9
1622 5 0 0 54 189 3 7
1623 5 0 0 54 190 3 6
1624 5 0 0 54 190 3 6
1625 5 0 0 54 190 3 6
1626 5 0 0 54 190 3 6
1627 5 0 0 54 190 3 6
1628 5 0 0 54 190 3 6
1629 5 0 0 54 190 3 6
1630 5 0 0 54 190 3 6
1631 5 0 0 54 190 3 6
1632 5 0 0 54 190 3 6
1633 5 0 0 54 190 3 8
1634 5 0 0 54 191 3 7
1635 5 0 0 54 192 3 6
1636 5 0 0 54 192 3 6
1637 5 0 0 54 192 3 6
1638 5 0 0 54 192 3 6
1639 5 0 0 54 192 3 6
1640 5 0 0 54 192 3 6
1641 5 0 0 54 192 3 6
1642 5 0 0 54 192 3 6
1643 5 0 0 54 192 3 6
1644 5 0 0 54 192 3 6
1645 5 0 0 54 192 3 6
1646 5 0 0 54 192 3 6
1647 5 0 0 54 192 3 6
1648 5 0 0 54 192 3 6
1649 5 0 0 54 192 3 6
1650 5 0 0 54 192 3 6
1651 5 0 0 54 192 3 6
1652 5 0 0 54 192 3 6
1653 5 0 0 54 192 3 6
1654 5 0 0 54 192 3 6
1655 5 0 0 54 192 3 8
1656 5 0 0 54 194 3 6
1657 5 0 0 54 194 3 8
1658 5 0 0 54 194 3 8
1659 5 0 0 54 195 3 7
1660 5 0 0 54 195 3 7
1661 5 0 0 54 196 3 6
1662 5 0 0 54 196 3 6
1663 5 0 0 54 196 3 6
1664 5 0 0 54 196 3 6
1665 5 0 0 54 196 3 6
1666 5 0 0 54 196 3 6
1667 5 0 0 54 196 3 6
1668 5 0 0 54 196 3 6
1669 5 0 0 54 196 3 6
1670 5 0 0 54 196 3 6
1671 5 0 0 54 196 3 8
1672 5 0 0 54 196 3 8
1673 5 0 0 54 196 3 8
1674 5 0 0 54 196 3 8
1675 5 0 0 54 198 3 6
1676 5 0 0 54 198 3 6
1677 5 0 0 54 198 3 6
1678 5 0 0 54 198 3 6
1679 5 0 0 54 198 3 6
1680 5 0 0 54 198 3 6
1681 5 0 0 54 195 4 7
1682 5 0 0 54 195 4 7
1683 5 0 0 54 195 4 7
1684 5 0 0 54 195 4 7
1685 5 0 0 54 195 4 7
1686 5 0 0 54 195 4 7
1687 5 0 0 54 195 4 7
1688 5 0 0 54 195 4 7
1689 5 0 0 54 195 4 7
1690 5 0 0 54 195 4 7
1691 5 0 0 54 195 4 7
1692 5 0 0 54 195 4 7
1693 5 0 0 54 195 4 9
1694 5 0 0 54 195 4 9
1695 5 0 0 54 195 4 11
1696 5 0 0 54 195 4 11
1697 5 0 0 54 198 4 8
1698 5 0 0 54 198 4 8
1699 5 0 0 54 199 4 7
1700 5 0 0 54 199 4 7
1701 5 0 0 54 199 4 7
1702 5 0 0 54 199 4 7
1703 5 0 0 54 199 4 7
1704 5 0 0 54 199 4 7
1705 5 0 0 54 199 4 7
1706 5 0 0 54 199 4 7
1707 5 0 0 54 199 4 7
1708 5 0 0 54 199 4 7
1709 5 0 0 54 199 4 9
1710 5 0 0 54 199 4 10
1711 5 0 0 54 199 4 10
1712 5 0 0 54 199 4 10
1713 5 0 0 54 201 4 8
1714 5 0 0 54 202 4 7
1715 5 0 0 54 202 4 7
1716 5 0 0 54 202 4 7
1717 5 0 0 54 202 4 7
1718 5 0 0 54 202 4 7
1719 5 0 0 54 202 4 8
1720 5 0 0 54 202 4 8
1721 5 0 0 54 202 4 8
1722 5 0 0 54 202 4 8
1723 5 0 0 54 202 4 8
1724 5 0 0 54 202 4 8
1725 5 0 0 54 202 4 8
1726 5 0 0 54 203 4 7
1727 5 0 0 54 203 4 7
1728 5 0 0 54 203 4 7
1729 5 0 0 54 203 4 7
1730 5 0 0 54 203 4 7
1731 5 0 0 54 203 4 9
1732 5 0 0 54 203 4 9
1733 5 0 0 54 205 4 9
1734 5 0 0 54 205 4 9
1735 5 0 0 54 205 4 9
1736 5 0 0 54 205 4 9
1737 5 0 0 54 207 4 7
1738 5 0 0 54 207 4 7
1739 5 0 0 54 207 4 7
1740 5 0 0 54 207 4 7
1741 5 0 0 54 207 4 7
1742 5 0 0 54 207 4 7
1743 5 0 0 54 207 4 7
1744 5 0 0 54 207 4 7
1745 5 0 0 54 207 4 7
1746 5 0 0 54 207 4 7
1747 5 0 0 54 207 4 9
1748 5 0 0 54 207 4 10
1749 5 0 0 54 207 4 10
1750 5 0 0 54 207 4 10
1751 5 0 0 54 209 4 8
1752 5 0 0 54 210 4 7
1753 5 0 0 54 210 4 7
1754 5 0 0 54 210 4 7
1755 5 0 0 54 210 4 7
1756 5 0 0 54 210 4 7
1757 5 0 0 54 210 4 7
1758 5 0 0 54 210 4 7
1759 5 0 0 54 210 4 7
1760 5 0 0 54 210 4 7
1761 5 0 0 54 210 4 7
1762 5 0 0 54 210 4 7
1763 5 0 0 54 210 4 7
1764 5 0 0 54 210 4 7
1765 5 0 0 54 210 4 7
1766 5 0 0 54 210 4 7
1767 5 0 0 54 210 4 7
1768 5 0 0 54 210 4 7
1769 5 0 0 54 210 4 9
1770 5 0 0 54 211 4 8
1771 5 0 0 54 211 4 10
1772 5 0 0 54 211 4 10
1773 5 0 0 54 212 4 9
1774 5 0 0 54 212 4 9
1775 5 0 0 54 214 4 7
1776 5 0 0 54 214 4 7
1777 5 0 0 54 214 4 7
1778 5 0 0 54 214 4 7
1779 5 0 0 54 214 4 7
1780 5 0 0 54 214 4 7
1781 5 0 0 54 214 4 7
1782 5 0 0 54 214 4 7
1783 5 0 0 54 214 4 7
1784 5 0 0 54 214 4 7
1785 5 0 0 54 214 4 9
1786 5 0 0 54 214 4 10
1787 5 0 0 54 214 4 10
1788 5 0 0 54 215 4 9
1789 5 0 0 54 216 4 8
1790 5 0 0 54 217 4 7
1791 5 0 0 54 217 4 7
1792 5 0 0 54 217 4 7
1793 5 0 0 54 217 4 7
1794 5 0 0 54 217 4 7
1795 5 0 0 54 217 4 7
1796 5 0 0 54 217 4 7
1797 5 0 0 54 217 4 7
1798 5 0 0 54 217 4 7
1799 5 0 0 54 217 4 7
1800 5 0 0 54 217 4 7
1801 5 0 0 54 217 4 7
1802 5 0 0 54 217 4 7
1803 5 0 0 54 217 4 7
1804 5 0 0 54 217 4 7
1805 5 0 0 54 217 4 7
1806 5 0 0 54 217 4 7
1807 5 0 0 54 217 4 9
1808 5 0 0 54 217 4 9
1809 5 0 0 54 217 4 11
1810 5 0 0 54 217 4 11
1811 5 0 0 54 219 4 9
1812 5 0 0 54 219 4 9
1813 5 0 0 54 221 4 7
1814 5 0 0 54 221 4 7
1815 5 0 0 54 221 4 7
1816 5 0 0 54 221 4 7
1817 5 0 0 54 221 4 7
1818 5 0 0 54 221 4 7
1819 5 0 0 54 221 4 7
1820 5 0 0 54 221 4 7
1821 5 0 0 54 221 4 7
1822 5 0 0 54 221 4 7
1823 5 0 0 54 221 4 9
1824 5 0 0 54 221 4 10
1825 5 0 0 54 221 4 10
1826 5 0 0 54 221 4 10
1827 5 0 0 54 224 4 7
1828 5 0 0 54 224 4 7
1829 6 0 0 53 224 4 7
1830 6 0 0 53 224 4 7
1831 6 0 0 53 224 4 7
1832 6 0 0 53 224 4 7
1833 6 0 0 53 224 4 7
1834 6 0 0 53 224 4 7
1835 6 0 0 53 224 4 7
1836 6 0 0 53 224 4 7
1837 6 0 0 53 224 4 7
1838 6 0 0 53 224 4 7
1839 6 0 0 53 224 4 7
1840 6 0 0 53 224 4 7
1841 6 0 0 53 224 4 7
1842 6 0 0 53 224 4 7
1843 6 0 0 53 224 4 7
1844 6 0 0 53 224 4 7
1845 6 0 0 53 224 4 9
1846 6 0 0 53 225 4 8
1847 6 0 0 53 226 4 9
1848 6 0 0 53 226 4 9
1849 6 0 0 53 227 4 8
1850 6 0 0 53 227 4 8
1851 6 0 0 53 227 4 8
1852 6 0 0 53 227 4 8
1853 6 0 0 53 227 4 8
1854 6 0 0 53 228 4 7
1855 6 0 0 53 228 4 7
1856 6 0 0 53 228 4 7
1857 6 0 0 53 228 4 7
1858 6 0 0 53 228 4 7
1859 6 0 0 53 228 4 7
1860 6 0 0 53 228 4 7
1861 6 0 0 53 228 4 9
1862 6 0 0 53 228 4 10
1863 6 0 0 53 228 4 10
1864 6 0 0 53 228 4 10
1865 6 0 0 53 231 4 7
1866 6 0 0 53 231 4 7
1867 6 0 0 53 231 4 7
1868 6 0 0 53 231 4 7
1869 6 0 0 53 231 4 7
1870 6 0 0 53 231 4 7
1871 6 0 0 53 231 4 7
1872 6 0 0 53 231 4 7
1873 6 0 0 53 231 4 7
1874 6 0 0 53 231 4 7
1875 6 0 0 53 231 4 7
1876 6 0 0 53 231 4 7
1877 6 0 0 53 231 4 7
1878 6 0 0 53 231 4 7
1879 6 0 0 53 231 4 7
1880 6 0 0 53 231 4 7
1881 6 0 0 53 231 4 7
1882 6 0 0 53 231 4 7
1883 6 0 0 53 231 4 9
1884 6 0 0 53 232 4 8
1885 6 0 0 53 233 4 9
1886 6 0 0 53 233 4 9
1887 6 0 0 53 233 4 9
1888 6 0 0 53 233 4 9
1889 6 0 0 53 234 4 8
1890 6 0 0 53 235 4 7
1891 6 0 0 53 235 4 7
1892 6 0 0 53 235 4 7
1893 6 0 0 53 235 4 7
1894 6 0 0 53 235 4 7
1895 6 0 0 53 235 4 7
1896 6 0 0 53 235 4 7
1897 6 0 0 53 235 4 7
1898 6 0 0 53 235 4 7
1899 6 0 0 53 235 4 9
1900 6 0 0 53 235 4 10
1901 6 0 0 53 236 4 9
1902 6 0 0 53 236 4 9
1903 6 0 0 53 236 4 9
1904 6 0 0 53 238 4 7
1905 6 0 0 53 238 4 7
1906 6 0 0 53 238 4 7
1907 6 0 0 53 238 4 7
1908 6 0 0 53 238 4 7
1909 6 0 0 53 238 4 7
1910 6 0 0 53 238 4 7
1911 6 0 0 53 238 4 7
1912 6 0 0 53 238 4 7
1913 6 0 0 53 238 4 7
1914 6 0 0 53 238 4 7
1915 6 0 0 53 238 4 7
1916 6 0 0 53 238 4 7
1917 6 0 0 53 238 4 7
1918 6 0 0 53 238 4 7
1919 6 0 0 53 238 4 7
1920 6 0 0 53 238 4 7
1921 6 0 0 53 238 4 9
1922 6 0 0 53 238 4 9
1923 6 0 0 53 238 4 11
1924 6 0 0 53 238 4 11
1925 6 0 0 53 240 4 9
1926 6 0 0 53 241 4 8
1927 6 0 0 53 242 4 7
1928 6 0 0 53 242 4 7
1929 6 0 0 53 242 4 7
1930 6 0 0 53 242 4 7
1931 6 0 0 53 242 4 7
1932 6 0 0 53 242 4 7
1933 6 0 0 53 242 4 7
1934 6 0 0 53 242 4 7
1935 6 0 0 53 242 4 7
1936 6 0 0 53 242 4 7
1937 6 0 0 53 242 4 9
1938 6 0 0 53 242 4 10
1939 6 0 0 53 242 4 10
1940 6 0 0 53 242 4 10
1941 6 0 0 53 245 4 7
1942 6 0 0 53 245 4 7
1943 6 0 0 53 245 4 7
1944 6 0 0 53 245 4 7
1945 6 0 0 53 245 4 7
1946 6 0 0 53 245 4 7
1947 6 0 0 53 245 4 7
1948 6 0 0 53 245 4 7
1949 6 0 0 53 245 4 7
1950 6 0 0 53 245 4 7
1951 6 0 0 53 245 4 7
1952 6 0 0 53 245 4 7
1953 6 0 0 53 245 4 7
1954 6 0 0 53 245 4 7
1955 6 0 0 53 245 4 7
1956 6 0 0 53 245 4 7
1957 6 0 0 53 245 4 7
1958 6 0 0 53 245 4 7
1959 6 0 0 53 245 4 9
1960 6 0 0 53 245 4 9
1961 6 0 0 53 245 4 11
1962 6 0 0 53 245 4 11
1963 6 0 0 53 247 4 9
1964 6 0 0 53 247 4 9
1965 6 0 0 53 248 4 8
1966 6 0 0 53 249 4 7
1967 6 0 0 53 249 4 7
1968 6 0 0 53 249 4 7
1969 6 0 0 53 249 4 7
1970 6 0 0 53 249 4 7
1971 6 0 0 53 249 4 7
1972 6 0 0 53 249 4 7
1973 6 0 0 53 249 4 7
1974 6 0 0 53 249 4 7
1975 6 0 0 53 249 4 9
1976 6 0 0 53 249 4 10
1977 6 0 0 53 249 4 10
1978 6 0 0 53 250 4 9
1979 6 0 0 53 251 4 8
1980 6 0 0 53 252 4 7
1981 6 0 0 53 252 4 7
1982 6 0 0 53 252 4 7
1983 6 0 0 53 252 4 7
1984 6 0 0 53 252 4 7
1985 6 0 0 53 252 4 7
1986 6 0 0 53 252 4 7
1987 6 0 0 53 252 4 7
1988 6 0 0 53 252 4 7
1989 6 0 0 53 252 4 7
1990 6 0 0 53 252 4 7
1991 6 0 0 53 252 4 7
1992 6 0 0 53 252 4 7
1993 6 0 0 53 252 4 7
1994 6 0 0 53 252 4 7
1995 6 0 0 53 252 4 7
1996 6 0 0 53 252 4 7
1997 6 0 0 53 252 4 9
1998 6 0 0 53 252 4 9
1999 6 0 0 53 252 4 11
2000 6 0 0 53 254 4 9
2001 6 0 0 53 256 4 7
2002 6 0 0 53 256 4 7
2003 6 0 0 53 256 4 7
2004 6 0 0 53 256 4 7
2005 6 0 0 53 256 4 7
2006 6 0 0 53 256 4 7
2007 6 0 0 53 256 4 7
2008 6 0 0 53 256 4 7
2009 6 0 0 53 256 4 7
2010 6 0 0 53 256 4 7
2011 6 0 0 53 256 4 7
2012 6 0 0 53 256 4 7
2013 6 0 0 53 256 4 9
2014 6 0 0 53 256 4 10
2015 6 0 0 53 256 4 10
2016 6 0 0 53 257 4 9
2017 6 0 0 53 258 4 8
2018 6 0 0 53 259 4 7
2019 6 0 0 53 259 4 7
2020 6 0 0 53 259 4 7
2021 6 0 0 53 259 4 7
2022 6 0 0 53 259 4 7
2023 6 0 0 53 259 4 7
2024 6 0 0 53 259 4 7
2025 6 0 0 53 259 4 7
2026 6 0 0 53 259 4 7
2027 6 0 0 53 259 4 7
2028 6 0 0 53 259 4 7
2029 6 0 0 53 259 4 7
2030 6 0 0 53 259 4 7
2031 6 0 0 53 259 4 7
2032 6 0 0 53 259 4 7
2033 6 0 0 53 259 4 7
2034 6 0 0 53 259 4 7
2035 6 0 0 53 259 4 9
2036 6 0 0 53 259 4 9
2037 6 0 0 53 257 5 11
2038 6 0 0 53 257 5 11
2039 6 0 0 53 258 5 10
2040 6 0 0 53 258 5 10
2041 6 0 0 53 260 5 8
2042 6 0 0 53 260 5 8
2043 6 0 0 53 260 5 8
2044 6 0 0 53 260 5 8
2045 6 0 0 53 260 5 8
2046 6 0 0 53 260 5 8
2047 6 0 0 53 260 5 8
2048 6 0 0 53 260 5 8
2049 6 0 0 53 260 5 8
2050 6 0 0 53 260 5 8
2051 6 0 0 53 260 5 10
2052 6 0 0 53 260 5 11
2053 6 0 0 53 260 5 11
2054 6 0 0 53 261 5 10
2055 6 0 0 53 262 5 9
2056 6 0 0 53 263 5 8
2057 6 0 0 53 263 5 8
2058 6 0 0 53 263 5 8
2059 6 0 0 53 263 5 8
2060 6 0 0 53 263 5 8
2061 6 0 0 53 263 5 8
2062 6 0 0 53 263 5 8
2063 6 0 0 53 263 5 8
2064 6 0 0 53 263 5 8
2065 6 0 0 53 263 5 8
2066 6 0 0 53 263 5 9
2067 6 0 0 53 263 5 9
2068 6 0 0 53 263 5 9
2069 6 0 0 53 263 5 9
2070 6 0 0 53 264 5 8
2071 6 0 0 53 264 5 8
2072 6 0 0 53 264 5 8
2073 6 0 0 53 264 5 10
2074 6 0 0 53 264 5 10
2075 6 0 0 53 264 5 13
2076 6 0 0 53 265 5 12
2077 6 0 0 53 267 5 10
2078 6 0 0 53 267 5 10
2079 6 0 0 53 267 5 10
2080 6 0 0 53 268 5 9
2081 6 0 0 53 268 5 9
2082 6 0 0 53 268 5 9
2083 6 0 0 53 268 5 9
2084 6 0 0 53 268 5 9
2085 6 0 0 53 268 5 9
2086 6 0 0 53 268 5 9
2087 6 0 0 53 268 5 9
2088 6 0 0 53 268 5 9
2089 6 0 0 53 268 5 11
2090 6 0 0 53 268 5 12
2091 6 0 0 53 270 5 10
2092 6 0 0 53 270 5 10
2093 6 0 0 53 270 5 10
2094 6 0 0 53 271 5 9
2095 6 0 0 53 271 5 9
2096 6 0 0 53 271 5 9
2097 6 0 0 53 271 5 9
2098 6 0 0 53 271 5 9
2099 6 0 0 53 271 5 9
2100 6 0 0 53 271 5 9
2101 6 0 0 53 271 5 9
2102 6 0 0 53 271 5 9
2103 6 0 0 53 271 5 9
2104 6 0 0 53 271 5 11
2105 6 0 0 53 271 5 11
2106 6 0 0 53 271 5 11
2107 6 0 0 53 271 5 11
2108 6 0 0 53 272 5 10
2109 6 0 0 53 273 5 9
2110 6 0 0 53 273 5 9
2111 6 0 0 53 273 5 11
2112 6 0 0 53 273 5 11
2113 6 0 0 53 273 5 13
2114 6 0 0 53 275 5 11
2115 6 0 0 53 277 5 9
2116 6 0 0 53 277 5 9
2117 6 0 0 53 277 5 9
2118 6 0 0 53 277 5 9
2119 6 0 0 53 277 5 9
2120 6 0 0 53 277 5 9
2121 6 0 0 53 277 5 9
2122 6 0 0 53 277 5 9
2123 6 0 0 53 277 5 9
2124 6 0 0 53 277 5 9
2125 6 0 0 53 277 5 9
2126 6 0 0 53 277 5 9
2127 6 0 0 53 277 5 11
2128 6 0 0 53 277 5 12
2129 6 0 0 53 277 5 12
2130 6 0 0 53 278 5 11
2131 6 0 0 53 278 5 11
2132 6 0 0 53 280 5 9
2133 6 0 0 53 280 5 9
2134 6 0 0 53 280 5 9
2135 6 0 0 53 280 5 9
2136 6 0 0 53 280 5 9
2137 6 0 0 53 277 6 10
2138 6 0 0 53 277 6 10
2139 6 0 0 53 277 6 10
2140 6 0 0 53 277 6 10
2141 6 0 0 53 277 6 10
2142 6 0 0 53 277 6 12
2143 6 0 0 53 278 6 11
2144 6 0 0 53 278 6 11
2145 6 0 0 53 279 6 10
2146 6 0 0 53 279 6 10
2147 6 0 0 53 279 6 10
2148 6 0 0 53 279 6 10
2149 6 0 0 53 279 6 12
2150 6 0 0 53 279 6 12
2151 6 0 0 53 279 6 14
2152 6 0 0 53 279 6 14
2153 6 0 0 53 281 6 12
2154 6 0 0 53 281 6 12
2155 6 0 0 53 283 6 10
2156 6 0 0 53 283 6 10
2157 6 0 0 53 283 6 10
2158 6 0 0 53 283 6 10
2159 6 0 0 53 283 6 10
2160 6 0 0 53 283 6 10
2161 6 0 0 53 283 6 10
2162 6 0 0 53 283 6 10
2163 6 0 0 53 283 6 10
2164 6 0 0 53 283 6 10
2165 6 0 0 53 283 6 12
2166 6 0 0 53 285 6 12
2167 6 0 0 53 285 6 12
2168 6 0 0 53 285 6 12
2169 6 0 0 53 285 6 12
2170 6 0 0 53 287 6 10
2171 6 0 0 53 287 6 10
2172 6 0 0 53 287 6 10
2173 6 0 0 53 287 6 10
2174 6 0 0 53 287 6 10
2175 6 0 0 53 287 6 11
2176 6 0 0 53 287 6 11
2177 6 0 0 53 287 6 11
2178 7 0 0 52 287 6 11
2179 7 0 0 52 287 6 11
2180 7 0 0 52 287 6 13
2181 7 0 0 52 287 6 13
2182 7 0 0 52 287 6 13
2183 7 0 0 52 287 6 13
2184 7 0 0 52 288 6 12
2185 7 0 0 52 289 6 11
2186 7 0 0 52 289 6 11
2187 7 0 0 52 289 6 13
2188 7 0 0 52 289 6 13
2189 7 0 0 52 290 6 14
2190 7 0 0 52 292 6 12
2191 7 0 0 52 293 6 11
2192 7 0 0 52 293 6 11
2193 7 0 0 52 293 6 11
2194 7 0 0 52 293 6 11
2195 7 0 0 52 293 6 11
2196 7 0 0 52 293 6 11
2197 7 0 0 52 293 6 11
2198 7 0 0 52 293 6 11
2199 7 0 0 52 293 6 11
2200 7 0 0 52 293 6 11
2201 7 0 0 52 293 6 11
2202 7 0 0 52 293 6 11
2203 7 0 0 52 293 6 13
2204 7 0 0 52 293 6 16
2205 7 0 0 52 293 6 16
2206 7 0 0 52 294 6 15
2207 7 0 0 52 297 6 12
2208 7 0 0 52 298 6 11
2209 7 0 0 52 298 6 11
2210 7 0 0 52 298 6 11
2211 7 0 0 52 298 6 11
2212 7 0 0 52 298 6 11
2213 7 0 0 52 298 6 11
2214 7 0 0 52 298 6 11
2215 7 0 0 52 298 6 11
2216 7 0 0 52 298 6 11
2217 7 0 0 52 298 6 11
2218 7 0 0 52 298 6 13
2219 7 0 0 52 298 6 13
2220 7 0 0 52 299 6 12
2221 7 0 0 52 299 6 12
2222 7 0 0 52 300 6 11
2223 7 0 0 52 300 6 11
2224 7 0 0 52 300 6 11
2225 7 0 0 52 300 6 13
2226 7 0 0 52 300 6 13
2227 7 0 0 52 300 6 15
2228 7 0 0 52 300 6 15
2229 7 0 0 52 302 6 13
2230 7 0 0 52 302 6 13
2231 7 0 0 52 303 6 12
2232 7 0 0 52 304 6 11
2233 7 0 0 52 304 6 11
2234 7 0 0 52 304 6 11
2235 7 0 0 52 304 6 11
2236 7 0 0 52 304 6 11
2237 7 0 0 52 304 6 11
2238 7 0 0 52 304 6 11
2239 7 0 0 52 304 6 11
2240 7 0 0 52 304 6 11
2241 7 0 0 52 304 6 13
2242 7 0 0 52 304 6 16
2243 7 0 0 52 304 6 16
2244 7 0 0 52 306 6 14
2245 7 0 0 52 306 6 14
2246 7 0 0 52 309 6 11
2247 7 0 0 52 309 6 11
2248 7 0 0 52 309 6 11
2249 7 0 0 52 309 6 11
2250 7 0 0 52 309 6 11
2251 7 0 0 52 309 6 11
2252 7 0 0 52 309 6 11
2253 7 0 0 52 309 6 11
2254 7 0 0 52 309 6 11
2255 7 0 0 52 309 6 11
2256 7 0 0 52 309 6 13
2257 7 0 0 52 309 6 13
2258 7 0 0 52 309 6 13
2259 7 0 0 52 310 6 12
2260 7 0 0 52 310 6 12
2261 7 0 0 52 310 6 12
2262 7 0 0 52 311 6 11
2263 7 0 0 52 311 6 13
2264 7 0 0 52 311 6 13
2265 7 0 0 52 311 6 15
2266 7 0 0 52 311 6 15
2267 7 0 0 52 314 6 12
2268 7 0 0 52 314 6 12
2269 7 0 0 52 315 6 11
2270 7 0 0 52 315 6 11
2271 7 0 0 52 315 6 11
2272 7 0 0 52 315 6 11
2273 7 0 0 52 315 6 11
2274 7 0 0 52 315 6 11
2275 7 0 0 52 315 6 11
2276 7 0 0 52 315 6 11
2277 7 0 0 52 315 6 11
2278 7 0 0 52 315 6 11
2279 7 0 0 52 315 6 13
2280 7 0 0 52 315 6 16
2281 7 0 0 52 315 6 16
2282 7 0 0 52 316 6 15
2283 7 0 0 52 317 6 14
2284 7 0 0 52 319 6 12
2285 7 0 0 52 320 6 11
2286 7 0 0 52 320 6 11
2287 7 0 0 52 320 6 11
2288 7 0 0 52 320 6 11
2289 7 0 0 52 320 6 11
2290 7 0 0 52 320 6 11
2291 7 0 0 52 320 6 11
2292 7 0 0 52 320 6 11
2293 7 0 0 52 320 6 11
2294 7 0 0 52 320 6 13
2295 7 0 0 52 320 6 13
2296 7 0 0 52 320 6 13
2297 7 0 0 52 321 6 12
2298 7 0 0 52 321 6 12
2299 7 0 0 52 322 6 11
2300 7 0 0 52 322 6 11
2301 7 0 0 52 322 6 13
2302 7 0 0 52 323 6 12
2303 7 0 0 52 323 6 14
2304 7 0 0 52 323 6 14
2305 7 0 0 52 324 6 13
2306 7 0 0 52 325 6 12
2307 7 0 0 52 326 6 11
2308 7 0 0 52 326 6 11
2309 7 0 0 52 326 6 11
2310 7 0 0 52 326 6 11
2311 7 0 0 52 326 6 11
2312 7 0 0 52 326 6 11
2313 7 0 0 52 326 6 11
2314 7 0 0 52 326 6 11
2315 7 0 0 52 326 6 11
2316 7 0 0 52 326 6 11
2317 7 0 0 52 326 6 13
2318 7 0 0 52 326 6 16
2319 7 0 0 52 327 6 15
2320 7 0 0 52 328 6 14
2321 7 0 0 52 331 6 11
2322 7 0 0 52 331 6 11
2323 7 0 0 52 331 6 11
2324 7 0 0 52 331 6 11
2325 7 0 0 52 331 6 11
2326 7 0 0 52 331 6 11
2327 7 0 0 52 331 6 11
2328 7 0 0 52 331 6 11
2329 7 0 0 52 331 6 11
2330 7 0 0 52 331 6 11
2331 7 0 0 52 331 6 11
2332 7 0 0 52 331 6 13
2333 7 0 0 52 331 6 13
2334 7 0 0 52 331 6 13
2335 7 0 0 52 331 6 13
2336 7 0 0 52 331 6 13
2337 7 0 0 52 333 6 11
2338 7 0 0 52 333 6 11
2339 7 0 0 52 333 6 13
2340 7 0 0 52 333 6 13
2341 7 0 0 52 333 6 15
2342 7 0 0 52 333 6 15
2343 7 0 0 52 335 6 13
2344 7 0 0 52 335 6 13
2345 7 0 0 52 336 6 12
2346 7 0 0 52 337 6 11
2347 7 0 0 52 337 6 11
2348 7 0 0 52 337 6 11
2349 7 0 0 52 337 6 11
2350 7 0 0 52 337 6 11
2351 7 0 0 52 337 6 11
2352 7 0 0 52 337 6 11
2353 7 0 0 52 337 6 11
2354 7 0 0 52 337 6 11
2355 7 0 0 52 337 6 13
2356 7 0 0 52 337 6 16
2357 7 0 0 52 337 6 16
2358 7 0 0 52 337 6 16
2359 7 0 0 52 340 6 13
2360 7 0 0 52 341 6 12
2361 7 0 0 52 341 6 12
2362 7 0 0 52 342 6 11
2363 7 0 0 52 342 6 11
2364 7 0 0 52 342 6 11
2365 7 0 0 52 342 6 11
2366 7 0 0 52 342 6 11
2367 7 0 0 52 342 6 11
2368 7 0 0 52 342 6 11
2369 7 0 0 52 342 6 11
2370 7 0 0 52 342 6 13
2371 7 0 0 52 342 6 13
2372 7 0 0 52 342 6 13
2373 7 0 0 52 343 6 12
2374 7 0 0 52 344 6 11
2375 7 0 0 52 344 6 11
2376 7 0 0 52 344 6 11
2377 7 0 0 52 344 6 13
2378 7 0 0 52 344 6 13
2379 7 0 0 52 345 6 14
2380 7 0 0 52 345 6 14
2381 7 0 0 52 347 6 12
2382 7 0 0 52 347 6 12
2383 7 0 0 52 348 6 11
2384 7 0 0 52 348 6 11
2385 7 0 0 52 348 6 11
2386 7 0 0 52 348 6 11
2387 7 0 0 52 348 6 11
2388 7 0 0 52 348 6 11
2389 7 0 0 52 348 6 11
2390 7 0 0 52 348 6 11
2391 7 0 0 52 348 6 11
2392 7 0 0 52 348 6 11
2393 7 0 0 52 348 6 13
2394 7 0 0 52 349 6 15
2395 7 0 0 52 349 6 15
2396 7 0 0 52 349 6 15
2397 7 0 0 52 350 6 14
2398 7 0 0 52 352 6 12
2399 7 0 0 52 352 6 12
2400 7 0 0 52 353 6 11
2401 7 0 0 52 353 6 11
2402 7 0 0 52 353 6 11
2403 7 0 0 52 353 6 11
2404 7 0 0 52 353 6 11
2405 7 0 0 52 353 6 11
2406 7 0 0 52 353 6 11
2407 7 0 0 52 353 6 11
2408 7 0 0 52 353 6 13
2409 7 0 0 52 353 6 13
2410 7 0 0 52 353 6 13
2411 7 0 0 52 354 6 12
2412 7 0 0 52 354 6 12
2413 7 0 0 52 354 6 12
2414 7 0 0 52 355 6 11
2415 7 0 0 52 355 6 13
2416 7 0 0 52 355 6 13
2417 7 0 0 52 357 6 13
2418 7 0 0 52 357 6 13
2419 7 0 0 52 357 6 13
2420 7 0 0 52 357 6 13
2421 7 0 0 52 358 6 12
2422 7 0 0 52 359 6 11
2423 7 0 0 52 359 6 11
2424 7 0 0 52 359 6 11
2425 7 0 0 52 359 6 11
2426 7 0 0 52 359 6 11
2427 7 0 0 52 359 6 11
2428 7 0 0 52 359 6 11
2429 7 0 0 52 359 6 11
2430 7 0 0 52 359 6 11
2431 7 0 0 52 359 6 13
2432 7 0 0 52 359 6 16
2433 7 0 0 52 359 6 16
2434 7 0 0 52 360 6 15
2435 7 0 0 52 363 6 12
2436 7 0 0 52 363 6 12
2437 7 0 0 52 364 6 11
2438 7 0 0 52 364 6 11
2439 7 0 0 52 364 6 11
2440 7 0 0 52 364 6 11
2441 7 0 0 52 364 6 11
2442 7 0 0 52 364 6 11
2443 7 0 0 52 364 6 11
2444 7 0 0 52 364 6 11
2445 7 0 0 52 364 6 11
2446 7 0 0 52 364 6 13
2447 7 0 0 52 364 6 13
2448 7 0 0 52 364 6 13
2449 7 0 0 52 365 6 12
2450 7 0 0 52 365 6 12
2451 7 0 0 52 366 6 11
2452 7 0 0 52 366 6 11
2453 7 0 0 52 366 6 13
2454 7 0 0 52 366 6 13
2455 7 0 0 52 366 6 15
2456 7 0 0 52 366 6 15
2457 7 0 0 52 370 6 11
2458 7 0 0 52 370 6 11
2459 7 0 0 52 370 6 11
2460 7 0 0 52 370 6 11
2461 7 0 0 52 370 6 11
2462 7 0 0 52 370 6 11
2463 7 0 0 52 370 6 11
2464 7 0 0 52 370 6 11
2465 7 0 0 52 370 6 11
2466 7 0 0 52 370 6 11
2467 7 0 0 52 370 6 11
2468 7 0 0 52 370 6 11
2469 7 0 0 52 370 6 13
2470 7 0 0 52 370 6 16
2471 7 0 0 52 370 6 16
2472 7 0 0 52 370 6 16
2473 7 0 0 52 373 6 13
2474 7 0 0 52 374 6 12
2475 7 0 0 52 375 6 11
2476 7 0 0 52 375 6 11
2477 7 0 0 52 375 6 11
2478 7 0 0 52 375 6 11
2479 7 0 0 52 375 6 11
2480 7 0 0 52 375 6 11
2481 7 0 0 52 375 6 11
2482 7 0 0 52 375 6 11
2483 7 0 0 52 375 6 11
2484 7 0 0 52 375 6 13
2485 7 0 0 52 375 6 13
2486 7 0 0 52 375 6 13
2487 7 0 0 52 376 6 12
2488 7 0 0 52 376 6 12
2489 7 0 0 52 377 6 11
2490 7 0 0 52 377 6 11
2491 7 0 0 52 377 6 13
2492 7 0 0 52 379 6 11
2493 7 0 0 52 379 6 13
2494 7 0 0 52 379 6 13
2495 7 0 0 52 379 6 13
2496 7 0 0 52 379 6 13
2497 7 0 0 52 380 6 12
2498 7 0 0 52 377 7 13
2499 7 0 0 52 377 7 13
2500 7 0 0 52 378 7 12
2501 7 0 0 52 378 7 12
2502 7 0 0 52 378 7 12
2503 7 0 0 52 378 7 12
2504 7 0 0 52 378 7 12
2505 7 0 0 52 378 7 12
2506 7 0 0 52 378 7 12
2507 7 0 0 52 378 7 14
2508 7 0 0 52 378 7 17
2509 7 0 0 52 378 7 17
2510 7 0 0 52 378 7 17
2511 7 0 0 52 381 7 14
2512 7 0 0 52 383 7 12
2513 7 0 0 52 383 7 12
2514 7 0 0 52 383 7 12
2515 7 0 0 52 383 7 12
2516 7 0 0 52 383 7 12
2517 7 0 0 52 383 7 12
2518 7 0 0 52 383 7 12
2519 7 0 0 52 383 7 12
2520 7 0 0 52 383 7 12
2521 7 0 0 52 383 7 12
2522 7 0 0 52 383 7 14
2523 7 0 0 52 383 7 14
2524 7 0 0 52 383 7 14
2525 7 0 0 52 384 7 13
2526 7 0 0 52 385 7 12
2527 7 0 0 52 385 7 13
2528 7 0 0 52 385 7 13
2529 7 0 0 52 385 7 15
2530 7 0 0 52 385 7 15
2531 7 0 0 52 386 7 16
2532 7 0 0 52 386 7 16
2533 7 0 0 52 387 7 15
2534 7 0 0 52 388 7 14
2535 7 0 0 52 389 7 13
2536 7 0 0 52 390 7 13
2537 7 0 0 52 390 7 13
2538 7 0 0 52 390 7 13
2539 7 0 0 52 390 7 13
2540 7 0 0 52 390 7 13
2541 7 0 0 52 390 7 13
2542 7 0 0 52 390 7 13
2543 7 0 0 52 390 7 13
2544 7 0 0 52 390 7 13
2545 7 0 0 52 390 7 15
2546 7 0 0 52 390 7 18
2547 7 0 0 52 390 7 18
2548 7 0 0 52 392 7 16
2549 7 0 0 52 394 7 14
2550 7 0 0 52 394 7 14
2551 7 0 0 52 395 7 13
2552 7 0 0 52 395 7 13
2553 7 0 0 52 395 7 13
2554 7 0 0 52 395 7 13
2555 7 0 0 52 395 7 13
2556 7 0 0 52 395 7 13
2557 7 0 0 52 395 7 13
2558 7 0 0 52 395 7 13
2559 7 0 0 52 395 7 13
2560 7 0 0 52 395 7 15
2561 7 0 0 52 395 7 15
2562 7 0 0 52 395 7 15
2563 7 0 0 52 397 7 13
2564 7 0 0 52 397 7 13
2565 7 0 0 52 397 7 15
2566 7 0 0 52 397 7 15
2567 7 0 0 52 397 7 17
2568 7 0 0 52 397 7 17
2569 7 0 0 52 400 7 16
2570 7 0 0 52 401 7 15
2571 7 0 0 52 401 7 15
2572 7 0 0 52 401 7 15
2573 7 0 0 52 402 7 14
2574 7 0 0 52 403 7 13
2575 7 0 0 52 403 7 13
2576 7 0 0 52 403 7 13
2577 7 0 0 52 403 7 13
2578 7 0 0 52 403 7 13
2579 7 0 0 52 403 7 13
2580 7 0 0 52 403 7 13
2581 7 0 0 52 403 7 13
2582 7 0 0 52 403 7 13
2583 7 0 0 52 403 7 15
2584 7 0 0 52 403 7 18
2585 7 0 0 52 403 7 18
2586 7 0 0 52 403 7 18
2587 7 0 0 52 405 7 16
2588 7 0 0 52 407 7 14
2589 7 0 0 52 408 7 13
2590 7 0 0 52 408 7 13
2591 7 0 0 52 408 7 13
2592 7 0 0 52 408 7 13
2593 7 0 0 52 408 7 13
2594 7 0 0 52 408 7 13
2595 7 0 0 52 408 7 13
2596 7 0 0 52 408 7 13
2597 7 0 0 52 408 7 13
2598 7 0 0 52 408 7 15
2599 7 0 0 52 409 7 14
2600 7 0 0 52 409 7 14
2601 7 0 0 52 409 7 14
2602 7 0 0 52 410 7 13
2603 7 0 0 52 410 7 15
2604 7 0 0 52 410 7 15
2605 7 0 0 52 411 7 16
2606 7 0 0 52 411 7 16
2607 7 0 0 52 414 7 15
2608 7 0 0 52 414 7 15
2609 7 0 0 52 414 7 15
2610 7 0 0 52 415 7 14
2611 7 0 0 52 416 7 13
2612 7 0 0 52 416 7 13
2613 7 0 0 52 416 7 13
2614 7 0 0 52 416 7 13
2615 7 0 0 52 416 7 13
2616 7 0 0 52 416 7 13
2617 7 0 0 52 416 7 13
2618 7 0 0 52 416 7 13
2619 7 0 0 52 413 8 14
2620 7 0 0 52 413 8 14
2621 7 0 0 52 413 8 16
2622 7 0 0 52 415 8 17
2623 7 0 0 52 416 8 16
2624 7 0 0 52 416 8 16
2625 7 0 0 52 416 8 16
2626 7 0 0 52 418 8 14
2627 7 0 0 52 418 8 14
2628 7 0 0 52 418 8 14
2629 7 0 0 52 418 8 14
2630 7 0 0 52 418 8 14
2631 7 0 0 52 418 8 14
2632 7 0 0 52 418 8 14
2633 7 0 0 52 418 8 14
2634 7 0 0 52 418 8 14
2635 7 0 0 52 418 8 14
2636 7 0 0 52 418 8 16
2637 7 0 0 52 418 8 16
2638 7 0 0 52 418 8 16
2639 7 0 0 52 418 8 16
2640 7 0 0 52 420 8 14
2641 7 0 0 52 420 8 16
2642 7 0 0 52 420 8 16
2643 7 0 0 52 422 8 16
2644 7 0 0 52 422 8 16
2645 7 0 0 52 422 8 18
2646 7 0 0 52 422 8 18
2647 8 0 0 51 424 8 16
2648 8 0 0 51 424 8 17
2649 8 0 0 51 425 8 16
2650 8 0 0 51 427 8 14
2651 8 0 0 51 427 8 14
2652 8 0 0 51 427 8 14
2653 8 0 0 51 427 8 14
2654 8 0 0 51 427 8 14
2655 8 0 0 51 427 8 14
2656 8 0 0 51 427 8 14
2657 8 0 0 51 427 8 15
2658 8 0 0 51 427 8 15
2659 8 0 0 51 427 8 17
2660 8 0 0 51 427 8 20
2661 8 0 0 51 427 8 20
2662 8 0 0 51 428 8 19
2663 8 0 0 51 429 8 18
2664 8 0 0 51 432 8 15
2665 8 0 0 51 432 8 15
2666 8 0 0 51 432 8 15
2667 8 0 0 51 432 8 15
2668 8 0 0 51 432 8 15
2669 8 0 0 51 432 8 15
2670 8 0 0 51 432 8 15
2671 8 0 0 51 432 8 15
2672 8 0 0 51 432 8 15
2673 8 0 0 51 432 8 15
2674 8 0 0 51 432 8 17
2675 8 0 0 51 432 8 17
2676 8 0 0 51 432 8 17
2677 8 0 0 51 432 8 17
2678 8 0 0 51 433 8 16
2679 8 0 0 51 433 8 18
2680 8 0 0 51 435 8 16
2681 8 0 0 51 435 8 18
2682 8 0 0 51 435 8 18
2683 8 0 0 51 435 8 20
2684 8 0 0 51 436 8 19
2685 8 0 0 51 438 8 17
2686 8 0 0 51 438 8 19
2687 8 0 0 51 439 8 18
2688 8 0 0 51 440 8 17
2689 8 0 0 51 441 8 16
2690 8 0 0 51 442 8 15
2691 8 0 0 51 442 8 15
2692 8 0 0 51 442 8 15
2693 8 0 0 51 442 8 15
2694 8 0 0 51 442 8 15
2695 8 0 0 51 442 8 15
2696 8 0 0 51 442 8 15
2697 8 0 0 51 442 8 17
2698 8 0 0 51 442 8 20
2699 8 0 0 51 442 8 20
2700 8 0 0 51 442 8 20
2701 8 0 0 51 443 8 19
2702 8 0 0 51 446 8 16
2703 8 0 0 51 447 8 15
2704 8 0 0 51 447 8 15
2705 8 0 0 51 447 8 15
2706 8 0 0 51 447 8 15
2707 8 0 0 51 447 8 15
2708 8 0 0 51 447 8 15
2709 8 0 0 51 447 8 15
2710 8 0 0 51 447 8 15
2711 8 0 0 51 447 8 15
2712 8 0 0 51 447 8 17
2713 8 0 0 51 447 8 17
2714 8 0 0 51 447 8 17
2715 8 0 0 51 447 8 17
2716 8 0 0 51 449 8 15
2717 8 0 0 51 449 8 17
2718 8 0 0 51 449 8 17
2719 8 0 0 51 449 8 19
2720 8 0 0 51 449 8 19
2721 8 0 0 51 451 8 19
2722 8 0 0 51 451 8 19
2723 8 0 0 51 453 8 17
2724 8 0 0 51 453 8 19
2725 8 0 0 51 454 8 18
2726 8 0 0 51 455 8 17
2727 8 0 0 51 452 9 18
2728 8 0 0 51 454 9 16
2729 8 0 0 51 454 9 16
2730 8 0 0 51 454 9 16
2731 8 0 0 51 454 9 16
2732 8 0 0 51 454 9 16
2733 8 0 0 51 454 9 16
2734 8 0 0 51 454 9 16
2735 8 0 0 51 454 9 18
2736 8 0 0 51 454 9 21
2737 8 0 0 51 454 9 21
2738 8 0 0 51 455 9 20
2739 8 0 0 51 457 9 18
2740 8 0 0 51 459 9 16
2741 8 0 0 51 459 9 16
2742 8 0 0 51 459 9 16
2743 8 0 0 51 459 9 16
2744 8 0 0 51 459 9 16
2745 8 0 0 51 459 9 16
2746 8 0 0 51 459 9 16
2747 8 0 0 51 459 9 16
2748 8 0 0 51 459 9 16
2749 8 0 0 51 459 9 16
2750 8 0 0 51 459 9 18
2751 8 0 0 51 459 9 18
2752 8 0 0 51 459 9 18
2753 8 0 0 51 459 9 18
2754 8 0 0 51 461 9 16
2755 8 0 0 51 461 9 18
2756 8 0 0 51 461 9 19
2757 8 0 0 51 461 9 21
2758 8 0 0 51 461 9 21
2759 8 0 0 51 462 9 22
2760 8 0 0 51 464 9 20
2761 8 0 0 51 465 9 19
2762 8 0 0 51 466 9 20
2763 8 0 0 51 467 9 19
2764 8 0 0 51 468 9 18
2765 8 0 0 51 468 9 19
2766 8 0 0 51 470 9 17
2767 8 0 0 51 470 9 17
2768 8 0 0 51 470 9 17
2769 8 0 0 51 470 9 17
2770 8 0 0 51 470 9 17
2771 8 0 0 51 470 9 17
2772 8 0 0 51 470 9 17
2773 8 0 0 51 470 9 19
2774 8 0 0 51 470 9 22
2775 8 0 0 51 470 9 22
2776 8 0 0 51 471 9 21
2777 8 0 0 51 473 9 19
2778 8 0 0 51 475 9 17
2779 8 0 0 51 475 9 17
2780 8 0 0 51 475 9 17
2781 8 0 0 51 475 9 17
2782 8 0 0 51 475 9 17
2783 8 0 0 51 475 9 17
2784 8 0 0 51 475 9 17
2785 8 0 0 51 475 9 17
2786 8 0 0 51 475 9 17
2787 8 0 0 51 475 9 17
2788 8 0 0 51 475 9 19
2789 8 0 0 51 476 9 18
2790 8 0 0 51 477 9 17
2791 8 0 0 51 477 9 17
2792 8 0 0 51 477 9 17
2793 8 0 0 51 477 9 19
2794 8 0 0 51 477 9 21
2795 8 0 0 51 477 9 23
2796 8 0 0 51 477 9 23
2797 8 0 0 51 480 9 22
2798 8 0 0 51 481 9 21
2799 8 0 0 51 482 9 20
2800 8 0 0 51 484 9 20
2801 8 0 0 51 484 9 20
2802 8 0 0 51 484 9 20
2803 8 0 0 51 485 9 19
2804 8 0 0 51 487 9 17
2805 8 0 0 51 487 9 17
2806 8 0 0 51 487 9 17
2807 8 0 0 51 487 9 17
2808 8 0 0 51 487 9 17
2809 8 0 0 51 487 9 17
2810 8 0 0 51 487 9 17
2811 8 0 0 51 487 9 19
2812 8 0 0 51 487 9 22
2813 8 0 0 51 487 9 22
2814 8 0 0 51 487 9 22
2815 8 0 0 51 489 9 20
2816 8 0 0 51 492 9 17
2817 8 0 0 51 492 9 17
2818 8 0 0 51 492 9 17
2819 8 0 0 51 492 9 17
2820 8 0 0 51 492 9 17
2821 8 0 0 51 492 9 17
2822 8 0 0 51 492 9 17
2823 8 0 0 51 492 9 17
2824 8 0 0 51 492 9 17
2825 8 0 0 51 492 9 17
2826 8 0 0 51 492 9 19
2827 8 0 0 51 493 9 18
2828 8 0 0 51 493 9 18
2829 8 0 0 51 493 9 18
2830 8 0 0 51 493 9 18
2831 8 0 0 51 493 9 20
2832 8 0 0 51 494 9 21
2833 8 0 0 51 494 9 23
2834 8 0 0 51 495 9 22
2835 8 0 0 51 497 9 22
2836 8 0 0 51 498 9 21
2837 8 0 0 51 499 9 20
2838 8 0 0 51 500 9 21
2839 8 0 0 51 501 9 20
2840 8 0 0 51 502 9 19
2841 8 0 0 51 503 9 18
2842 8 0 0 51 504 9 17
2843 8 0 0 51 504 9 17
2844 8 0 0 51 504 9 17
2845 8 0 0 51 504 9 17
2846 8 0 0 51 504 9 17
2847 8 0 0 51 504 9 17
2848 8 0 0 51 504 9 17
2849 8 0 0 51 504 9 19
2850 8 0 0 51 505 9 21
2851 8 0 0 51 505 9 21
2852 8 0 0 51 505 9 21
2853 8 0 0 51 506 9 20
2854 8 0 0 51 508 9 18
2855 8 0 0 51 509 9 17
2856 8 0 0 51 509 9 17
2857 8 0 0 51 509 9 17
2858 8 0 0 51 509 9 17
2859 8 0 0 51 509 9 17
2860 8 0 0 51 509 9 17
2861 8 0 0 51 509 9 17
2862 8 0 0 51 509 9 17
2863 8 0 0 51 509 9 17
2864 8 0 0 51 509 9 19
2865 8 0 0 51 509 9 19
2866 8 0 0 51 509 9 19
2867 8 0 0 51 509 9 19
2868 8 0 0 51 511 9 17
2869 8 0 0 51 511 9 19
2870 8 0 0 51 513 9 19
2871 8 0 0 51 513 9 21
2872 8 0 0 51 514 9 20
2873 8 0 0 51 514 9 22
2874 8 0 0 51 514 9 22
2875 8 0 0 51 516 9 20
2876 8 0 0 51 517 9 21
2877 8 0 0 51 518 9 20
2878 8 0 0 51 518 9 20
2879 8 0 0 51 519 9 19
2880 8 0 0 51 521 9 17
2881 8 0 0 51 521 9 17
2882 8 0 0 51 521 9 17
2883 8 0 0 51 521 9 17
2884 8 0 0 51 521 9 17
2885 8 0 0 51 521 9 17
2886 8 0 0 51 521 9 17
2887 8 0 0 51 521 9 19
2888 8 0 0 51 521 9 22
2889 8 0 0 51 521 9 22
2890 8 0 0 51 521 9 22
2891 8 0 0 51 523 9 20
2892 8 0 0 51 525 9 18
2893 8 0 0 51 525 9 18
2894 8 0 0 51 526 9 17
2895 8 0 0 51 526 9 17
2896 8 0 0 51 526 9 17
2897 8 0 0 51 526 9 17
2898 8 0 0 51 526 9 17
2899 8 0 0 51 526 9 17
2900 8 0 0 51 526 9 17
2901 8 0 0 51 526 9 17
2902 8 0 0 51 526 9 19
2903 8 0 0 51 526 9 19
2904 8 0 0 51 526 9 19
2905 8 0 0 51 526 9 19
2906 8 0 0 51 527 9 18
2907 8 0 0 51 528 9 19
2908 8 0 0 51 528 9 21
2909 8 0 0 51 528 9 23
2910 8 0 0 51 528 9 23
2911 8 0 0 51 530 9 23
2912 8 0 0 51 534 9 19
2913 8 0 0 51 535 9 18
2914 8 0 0 51 535 9 20
2915 8 0 0 51 536 9 19
2916 8 0 0 51 538 9 17
2917 8 0 0 51 538 9 17
2918 8 0 0 51 538 9 17
2919 8 0 0 51 538 9 17
2920 8 0 0 51 538 9 17
2921 8 0 0 51 538 9 17
2922 8 0 0 51 538 9 17
2923 8 0 0 51 538 9 17
2924 8 0 0 51 538 9 17
2925 8 0 0 51 538 9 19
2926 8 0 0 51 538 9 22
2927 8 0 0 51 538 9 22
2928 8 0 0 51 538 9 22
2929 8 0 0 51 540 9 20
2930 8 0 0 51 542 9 18
2931 8 0 0 51 542 9 18
2932 8 0 0 51 543 9 17
2933 8 0 0 51 543 9 17
2934 8 0 0 51 543 9 17
2935 8 0 0 51 543 9 17
2936 8 0 0 51 540 10 18
2937 8 0 0 51 540 10 18
2938 8 0 0 51 540 10 18
2939 8 0 0 51 540 10 18
2940 8 0 0 51 540 10 20
2941 8 0 0 51 540 10 20
2942 8 0 0 51 540 10 20
2943 8 0 0 51 540 10 20
2944 8 0 0 51 542 10 18
2945 8 0 0 51 542 10 20
2946 8 0 0 51 543 10 21
2947 8 0 0 51 543 10 23
2948 8 0 0 51 543 10 23
2949 8 0 0 51 543 10 25
2950 8 0 0 51 546 10 22
2951 8 0 0 51 547 10 21
2952 8 0 0 51 548 10 22
2953 8 0 0 51 549 10 21
2954 8 0 0 51 549 10 21
2955 8 0 0 51 549 10 21
2956 8 0 0 51 552 10 18
2957 8 0 0 51 552 10 18
2958 8 0 0 51 552 10 18
2959 8 0 0 51 552 10 18
2960 8 0 0 51 552 10 18
2961 8 0 0 51 552 10 18
2962 8 0 0 51 552 10 18
2963 8 0 0 51 549 11 21
2964 8 0 0 51 549 11 24
2965 8 0 0 51 549 11 25
2966 8 0 0 51 549 11 25
2967 8 0 0 51 551 11 23
2968 8 0 0 51 553 11 21
2969 8 0 0 51 554 11 20
2970 8 0 0 51 555 11 19
2971 8 0 0 51 555 11 19
2972 8 0 0 51 555 11 19
2973 8 0 0 51 555 11 19
2974 8 0 0 51 556 11 20
2975 8 0 0 51 558 11 18
2976 8 0 0 51 558 11 18
2977 8 0 0 51 558 11 18
2978 8 0 0 51 558 11 20
2979 8 0 0 51 558 11 20
2980 8 0 0 51 558 11 20
2981 8 0 0 51 558 11 20
2982 8 0 0 51 560 11 18
2983 8 0 0 51 560 11 20
2984 8 0 0 51 562 11 20
2985 8 0 0 51 562 11 22
2986 8 0 0 51 564 11 20
2987 8 0 0 51 564 11 22
2988 8 0 0 51 565 11 21
2989 8 0 0 51 566 11 20
2990 8 0 0 51 566 11 22
2991 8 0 0 51 567 11 21
2992 8 0 0 51 567 11 22
2993 8 0 0 51 568 11 21
2994 9 0 0 50 569 11 20
2995 9 0 0 50 570 11 19
2996 9 0 0 50 571 11 18
2997 9 0 0 50 571 11 18
2998 9 0 0 50 571 11 18
2999 9 0 0 50 571 11 18
3000 9 0 0 50 571 11 18
3001 9 0 0 50 571 11 21
3002 9 0 0 50 571 11 24
3003 9 0 0 50 571 11 24
3004 9 0 0 50 571 11 24
3005 9 0 0 50 573 11 22
3006 9 0 0 50 575 11 20
3007 9 0 0 50 575 11 20
3008 9 0 0 50 576 11 19
3009 9 0 0 50 576 11 19
3010 9 0 0 50 576 11 19
3011 9 0 0 50 576 11 19
3012 9 0 0 50 576 11 19
3013 9 0 0 50 576 11 19
3014 9 0 0 50 576 11 19
3015 9 0 0 50 576 11 19
3016 9 0 0 50 576 11 21
3017 9 0 0 50 577 11 20
3018 9 0 0 50 577 11 20
3019 9 0 0 50 577 11 20
3020 9 0 0 50 577 11 20
3021 9 0 0 50 578 11 21
3022 9 0 0 50 578 11 23
3023 9 0 0 50 578 11 25
3024 9 0 0 50 580 11 23
3025 9 0 0 50 581 11 24
3026 9 0 0 50 584 11 21
3027 9 0 0 50 584 11 21
3028 9 0 0 50 584 11 23
3029 9 0 0 50 585 11 22
3030 9 0 0 50 586 11 23
3031 9 0 0 50 586 11 23
3032 9 0 0 50 588 11 21
3033 9 0 0 50 588 11 21
3034 9 0 0 50 588 11 21
3035 9 0 0 50 589 11 20
3036 9 0 0 50 589 11 20
3037 9 0 0 50 589 11 20
3038 9 0 0 50 589 11 20
3039 9 0 0 50 590 11 21
3040 9 0 0 50 590 11 24
3041 9 0 0 50 590 11 24
3042 9 0 0 50 590 11 24
3043 9 0 0 50 591 11 23
3044 9 0 0 50 594 11 20
3045 9 0 0 50 594 11 20
3046 9 0 0 50 594 11 20
3047 9 0 0 50 595 11 19
3048 9 0 0 50 595 11 19
3049 9 0 0 50 595 11 19
3050 9 0 0 50 595 11 19
3051 9 0 0 50 595 11 19
3052 9 0 0 50 595 11 19
3053 9 0 0 50 595 11 19
3054 9 0 0 50 595 11 21
3055 9 0 0 50 595 11 21
3056 9 0 0 50 595 11 21
3057 9 0 0 50 595 11 21
3058 9 0 0 50 597 11 19
3059 9 0 0 50 597 11 21
3060 9 0 0 50 597 11 23
3061 9 0 0 50 597 11 25
3062 9 0 0 50 598 11 24
3063 9 0 0 50 600 11 24
3064 9 0 0 50 602 11 22
3065 9 0 0 50 602 11 22
3066 9 0 0 50 602 11 24
3067 9 0 0 50 604 11 22
3068 9 0 0 50 605 11 23
3069 9 0 0 50 606 11 22
3070 9 0 0 50 608 11 20
3071 9 0 0 50 608 11 20
3072 9 0 0 50 609 11 19
3073 9 0 0 50 609 11 19
3074 9 0 0 50 609 11 19
3075 9 0 0 50 609 11 19
3076 9 0 0 50 609 11 19
3077 9 0 0 50 609 11 21
3078 9 0 0 50 609 11 24
3079 9 0 0 50 609 11 24
3080 9 0 0 50 609 11 24
3081 9 0 0 50 611 11 22
3082 9 0 0 50 613 11 20
3083 9 0 0 50 613 11 20
3084 9 0 0 50 613 11 20
3085 9 0 0 50 614 11 19
3086 9 0 0 50 614 11 19
3087 9 0 0 50 614 11 19
3088 9 0 0 50 614 11 19
3089 9 0 0 50 614 11 19
3090 9 0 0 50 614 11 19
3091 9 0 0 50 614 11 19
3092 9 0 0 50 614 11 21
3093 9 0 0 50 614 11 21
3094 9 0 0 50 614 11 21
3095 9 0 0 50 614 11 21
3096 9 0 0 50 615 11 20
3097 9 0 0 50 616 11 21
3098 9 0 0 50 616 11 23
3099 9 0 0 50 617 11 24
3100 9 0 0 50 618 11 23
3101 9 0 0 50 619 11 24
3102 9 0 0 50 621 11 22
3103 9 0 0 50 621 11 22
3104 9 0 0 50 621 11 24
3105 9 0 0 50 622 11 23
3106 9 0 0 50 623 11 24
3107 9 0 0 50 623 11 24
3108 9 0 0 50 624 11 23
3109 9 0 0 50 625 11 22
3110 9 0 0 50 627 11 20
3111 9 0 0 50 627 11 20
3112 9 0 0 50 628 11 19
3113 9 0 0 50 628 11 19
3114 9 0 0 50 628 11 19
3115 9 0 0 50 628 11 21
3116 9 0 0 50 628 11 24
3117 9 0 0 50 628 11 24
3118 9 0 0 50 628 11 24
3119 9 0 0 50 629 11 23
3120 9 0 0 50 632 11 20
3121 9 0 0 50 632 11 20
3122 9 0 0 50 633 11 19
3123 9 0 0 50 633 11 19
3124 9 0 0 50 633 11 19
3125 9 0 0 50 633 11 19
3126 9 0 0 50 633 11 19
3127 9 0 0 50 633 11 19
3128 9 0 0 50 633 11 19
3129 9 0 0 50 633 11 19
3130 9 0 0 50 633 11 21
3131 9 0 0 50 633 11 21
3132 9 0 0 50 633 11 21
3133 9 0 0 50 633 11 21
3134 9 0 0 50 634 11 20
3135 9 0 0 50 635 11 21
3136 9 0 0 50 635 11 23
3137 9 0 0 50 635 11 25
3138 9 0 0 50 635 11 25
3139 9 0 0 50 636 11 26
3140 9 0 0 50 638 11 24
3141 9 0 0 50 641 11 21
3142 9 0 0 50 642 11 22
3143 9 0 0 50 643 11 21
3144 9 0 0 50 644 11 22
3145 9 0 0 50 644 11 22
3146 9 0 0 50 645 11 21
3147 9 0 0 50 645 11 21
3148 9 0 0 50 646 11 20
3149 9 0 0 50 647 11 19
3150 9 0 0 50 647 11 19
3151 9 0 0 50 647 11 19
3152 9 0 0 50 647 11 19
3153 9 0 0 50 647 11 21
3154 9 0 0 50 647 11 24
3155 9 0 0 50 647 11 24
3156 9 0 0 50 647 11 24
3157 9 0 0 50 647 11 24
3158 9 0 0 50 651 11 20
3159 9 0 0 50 652 11 19
3160 9 0 0 50 652 11 19
3161 9 0 0 50 652 11 19
3162 9 0 0 50 652 11 19
3163 9 0 0 50 652 11 19
3164 9 0 0 50 652 11 19
3165 9 0 0 50 652 11 19
3166 9 0 0 50 652 11 19
3167 9 0 0 50 652 11 19
3168 9 0 0 50 652 11 21
3169 9 0 0 50 652 11 21
3170 9 0 0 50 652 11 21
3171 9 0 0 50 652 11 21
3172 9 0 0 50 654 11 19
3173 9 0 0 50 654 11 21
3174 9 0 0 50 655 11 22
3175 9 0 0 50 655 11 24
3176 9 0 0 50 655 11 24
3177 9 0 0 50 655 11 26
3178 9 0 0 50 659 11 22
3179 9 0 0 50 661 11 20
3180 9 0 0 50 661 11 22
3181 9 0 0 50 662 11 21
3182 9 0 0 50 662 11 23
3183 9 0 0 50 662 11 23
3184 9 0 0 50 664 11 21
3185 9 0 0 50 664 11 21
3186 9 0 0 50 665 11 20
3187 9 0 0 50 666 11 19
3188 9 0 0 50 666 11 19
3189 9 0 0 50 666 11 19
3190 9 0 0 50 666 11 19
3191 9 0 0 50 666 11 21
3192 9 0 0 50 666 11 24
3193 9 0 0 50 666 11 24
3194 9 0 0 50 667 11 23
3195 9 0 0 50 667 11 23
3196 9 0 0 50 670 11 20
3197 9 0 0 50 670 11 20
3198 9 0 0 50 670 11 20
3199 9 0 0 50 671 11 19
3200 9 0 0 50 671 11 19
3201 9 0 0 50 671 11 19
3202 9 0 0 50 671 11 19
3203 9 0 0 50 671 11 19
3204 9 0 0 50 671 11 19
3205 9 0 0 50 671 11 19
3206 9 0 0 50 671 11 21
3207 9 0 0 50 671 11 21
3208 9 0 0 50 671 11 21
3209 9 0 0 50 671 11 21
3210 9 0 0 50 672 11 20
3211 9 0 0 50 673 11 21
3212 9 0 0 50 673 11 23
3213 9 0 0 50 673 11 25
3214 9 0 0 50 673 11 25
3215 9 0 0 50 674 11 26
3216 9 0 0 50 677 11 23
3217 9 0 0 50 678 11 22
3218 9 0 0 50 679 11 23
3219 9 0 0 50 681 11 21
3220 9 0 0 50 681 11 23
3221 9 0 0 50 681 11 23
3222 9 0 0 50 682 11 22
3223 9 0 0 50 683 11 21
3224 9 0 0 50 684 11 20
3225 9 0 0 50 685 11 19
3226 9 0 0 50 685 11 19
3227 9 0 0 50 685 11 19
3228 9 0 0 50 685 11 19
3229 9 0 0 50 685 11 21
3230 9 0 0 50 685 11 24
3231 9 0 0 50 685 11 24
3232 9 0 0 50 685 11 24
3233 9 0 0 50 686 11 23
3234 9 0 0 50 689 11 20
3235 9 0 0 50 690 11 19
3236 9 0 0 50 690 11 19
3237 9 0 0 50 690 11 19
3238 9 0 0 50 690 11 19
3239 9 0 0 50 690 11 19
3240 9 0 0 50 690 11 19
3241 9 0 0 50 690 11 19
3242 9 0 0 50 690 11 19
3243 9 0 0 50 690 11 19
3244 9 0 0 50 690 11 21
3245 9 0 0 50 690 11 21
3246 9 0 0 50 691 11 20
3247 9 0 0 50 691 11 20
3248 9 0 0 50 692 11 19
3249 9 0 0 50 692 11 21
3250 9 0 0 50 692 11 23
3251 9 0 0 50 692 11 25
3252 9 0 0 50 692 11 25
3253 9 0 0 50 693 11 26
3254 9 0 0 50 696 11 23
3255 9 0 0 50 697 11 22
3256 9 0 0 50 698 11 23
3257 9 0 0 50 700 11 21
3258 9 0 0 50 701 11 22
3259 9 0 0 50 701 11 22
3260 9 0 0 50 701 11 22
3261 9 0 0 50 702 11 21
3262 9 0 0 50 703 11 20
3263 9 0 0 50 703 11 20
3264 9 0 0 50 704 11 19
3265 9 0 0 50 704 11 19
3266 9 0 0 50 704 11 19
3267 9 0 0 50 704 11 21
3268 9 0 0 50 704 11 24
3269 9 0 0 50 704 11 24
3270 9 0 0 50 704 11 24
3271 9 0 0 50 706 11 22
3272 9 0 0 50 708 11 20
3273 9 0 0 50 709 11 19
3274 9 0 0 50 709 11 19
3275 9 0 0 50 709 11 19
3276 9 0 0 50 709 11 19
3277 9 0 0 50 709 11 19
3278 9 0 0 50 709 11 19
3279 9 0 0 50 709 11 19
3280 9 0 0 50 709 11 19
3281 9 0 0 50 709 11 19
3282 9 0 0 50 709 11 21
3283 9 0 0 50 709 11 21
3284 9 0 0 50 710 11 20
3285 9 0 0 50 710 11 20
3286 9 0 0 50 710 11 20
3287 9 0 0 50 711 11 21
3288 9 0 0 50 711 11 23
3289 9 0 0 50 711 11 25
3290 9 0 0 50 711 11 25
3291 9 0 0 50 712 11 26
3292 9 0 0 50 715 11 23
3293 9 0 0 50 717 11 21
3294 9 0 0 50 717 11 23
3295 9 0 0 50 721 11 19
3296 9 0 0 50 721 11 21
3297 9 0 0 50 721 11 21
3298 9 0 0 50 722 11 20
3299 9 0 0 50 722 11 20
3300 9 0 0 50 722 11 20
3301 9 0 0 50 722 11 20
3302 9 0 0 50 723 11 19
3303 9 0 0 50 723 11 19
3304 9 0 0 50 723 11 19
3305 9 0 0 50 723 11 21
3306 9 0 0 50 723 11 24
3307 9 0 0 50 723 11 24
3308 9 0 0 50 723 11 24
3309 9 0 0 50 725 11 22
3310 9 0 0 50 727 11 20
3311 9 0 0 50 728 11 19
3312 9 0 0 50 728 11 19
3313 9 0 0 50 728 11 19
3314 9 0 0 50 728 11 19
3315 9 0 0 50 728 11 19
3316 9 0 0 50 728 11 19
3317 9 0 0 50 728 11 19
3318 9 0 0 50 728 11 19
3319 9 0 0 50 728 11 19
3320 9 0 0 50 728 11 21
3321 9 0 0 50 728 11 21
3322 9 0 0 50 728 11 21
3323 9 0 0 50 728 11 21
3324 9 0 0 50 729 11 20
3325 9 0 0 50 729 11 22
3326 9 0 0 50 730 11 23
3327 9 0 0 50 730 11 25
3328 9 0 0 50 730 11 25
3329 9 0 0 50 731 11 26
3330 9 0 0 50 734 11 23
3331 9 0 0 50 736 11 21
3332 9 0 0 50 736 11 23
3333 9 0 0 50 740 11 19
3334 9 0 0 50 737 12 22
3335 9 0 0 50 738 12 21
3336 9 0 0 50 738 12 21
3337 9 0 0 50 738 12 21
3338 9 0 0 50 738 12 21
3339 9 0 0 50 738 12 21
3340 9 0 0 50 738 12 21
3341 9 0 0 50 739 12 20
3342 9 0 0 50 739 12 20
3343 9 0 0 50 739 12 22
3344 9 0 0 50 741 12 23
3345 9 0 0 50 741 12 23
3346 9 0 0 50 741 12 23
3347 9 0 0 50 742 12 22
3348 9 0 0 50 744 12 20
3349 9 0 0 50 744 12 20
3350 9 0 0 50 744 12 20
3351 9 0 0 50 744 12 20
3352 9 0 0 50 744 12 20
3353 9 0 0 50 744 12 20
3354 9 0 0 50 744 12 20
3355 9 0 0 50 744 12 20
3356 9 0 0 50 744 12 20
3357 9 0 0 50 744 12 20
3358 9 0 0 50 744 12 22
3359 9 0 0 50 744 12 22
3360 9 0 0 50 744 12 22
3361 9 0 0 50 746 12 20
3362 9 0 0 50 746 12 20
3363 9 0 0 50 746 12 23
3364 9 0 0 50 746 12 25
3365 9 0 0 50 746 12 27
3366 9 0 0 50 746 12 27
3367 9 0 0 50 748 12 27
3368 9 0 0 50 750 12 25
3369 9 0 0 50 752 12 23
3370 9 0 0 50 753 12 24
3371 9 0 0 50 755 12 22
3372 9 0 0 50 756 12 25
3373 9 0 0 50 758 12 23
3374 9 0 0 50 760 12 21
3375 9 0 0 50 760 12 21
3376 9 0 0 50 761 12 20
3377 9 0 0 50 761 12 20
3378 9 0 0 50 762 12 19
3379 9 0 0 50 762 12 19
3380 9 0 0 50 762 12 19
3381 9 0 0 50 762 12 21
3382 9 0 0 50 762 12 24
3383 9 0 0 50 762 12 24
3384 9 0 0 50 762 12 24
3385 9 0 0 50 763 12 23
3386 9 0 0 50 765 12 21
3387 9 0 0 50 766 12 20
3388 9 0 0 50 766 12 20
3389 9 0 0 50 766 12 20
3390 9 0 0 50 766 12 20
3391 9 0 0 50 766 12 20
3392 9 0 0 50 767 12 19
3393 9 0 0 50 767 12 19
3394 9 0 0 50 767 12 19
3395 9 0 0 50 767 12 19
3396 9 0 0 50 767 12 21
3397 9 0 0 50 767 12 21
3398 9 0 0 50 767 12 21
3399 9 0 0 50 767 12 21
3400 9 0 0 50 768 12 20
3401 9 0 0 50 768 12 22
3402 9 0 0 50 769 12 23
3403 9 0 0 50 769 12 25
3404 9 0 0 50 769 12 25
3405 9 0 0 50 770 12 26
3406 9 0 0 50 772 12 24
3407 9 0 0 50 773 12 23
3408 9 0 0 50 775 12 23
3409 9 0 0 50 778 12 20
3410 9 0 0 50 779 12 21
3411 9 0 0 50 779 12 21
3412 9 0 0 50 776 13 22
3413 9 0 0 50 776 13 22
3414 9 0 0 50 777 13 21
3415 9 0 0 50 777 13 21
3416 9 0 0 50 778 13 20
3417 9 0 0 50 778 13 20
3418 9 0 0 50 778 13 20
3419 9 0 0 50 778 13 22
3420 9 0 0 50 778 13 25
3421 9 0 0 50 778 13 25
3422 9 0 0 50 779 13 24
3423 9 0 0 50 780 13 23
3424 9 0 0 50 783 13 20
3425 9 0 0 50 783 13 20
3426 9 0 0 50 783 13 20
3427 9 0 0 50 783 13 20
3428 9 0 0 50 783 13 20
3429 9 0 0 50 783 13 20
3430 9 0 0 50 780 14 21
3431 9 0 0 50 780 14 21
3432 9 0 0 50 780 14 21
3433 9 0 0 50 780 14 21
3434 9 0 0 50 780 14 23
3435 9 0 0 50 780 14 23
3436 9 0 0 50 777 15 24
3437 9 0 0 50 777 15 24
3438 9 0 0 50 778 15 23
3439 9 0 0 50 778 15 25
3440 9 0 0 50 780 15 26
3441 9 0 0 50 784 15 25
3442 9 0 0 50 784 15 25
3443 9 0 0 50 786 15 25
3444 9 0 0 50 787 15 24
3445 9 0 0 50 788 15 23
3446 9 0 0 50 789 15 24
3447 9 0 0 50 791 15 22
3448 9 0 0 50 793 15 22
3449 9 0 0 50 793 15 22
3450 9 0 0 50 793 15 23
3451 9 0 0 50 793 15 23
3452 9 0 0 50 794 15 22
3453 9 0 0 50 794 15 22
3454 9 0 0 50 794 15 22
3455 9 0 0 50 794 15 22
3456 9 0 0 50 794 15 22
3457 9 0 0 50 795 15 23
3458 9 0 0 50 795 15 26
3459 9 0 0 50 795 15 27
3460 9 0 0 50 795 15 27
3461 9 0 0 50 797 15 25
3462 9 0 0 50 799 15 23
3463 9 0 0 50 800 15 22
3464 9 0 0 50 801 15 21
3465 9 0 0 50 801 15 22
3466 9 0 0 50 801 15 22
3467 9 0 0 50 802 15 22
3468 9 0 0 50 804 15 21
3469 9 0 0 50 805 15 20
3470 9 0 0 50 805 15 20
3471 9 0 0 50 805 15 20
3472 9 0 0 50 805 15 22
3473 9 0 0 50 805 15 22
3474 9 0 0 50 805 15 23
3475 9 0 0 50 805 15 23
3476 9 0 0 50 806 15 22
3477 9 0 0 50 807 15 23
3478 9 0 0 50 807 15 23
3479 9 0 0 50 807 15 27
3480 9 0 0 50 807 15 27
3481 9 0 0 50 808 15 28
3482 9 0 0 50 809 15 27
3483 9 0 0 50 811 15 25
3484 9 0 0 50 812 15 26
3485 9 0 0 50 814 15 24
3486 9 0 0 50 816 15 24
3487 9 0 0 50 817 15 23
3488 9 0 0 50 818 15 22
3489 9 0 0 50 818 15 22
3490 9 0 0 50 819 15 21
3491 9 0 0 50 819 15 21
3492 9 0 0 50 819 15 21
3493 9 0 0 50 819 15 21
3494 9 0 0 50 816 16 22
3495 9 0 0 50 816 16 24
3496 9 0 0 50 816 16 27
3497 9 0 0 50 816 16 27
3498 9 0 0 50 816 16 27
3499 9 0 0 50 818 16 25
3500 9 0 0 50 820 16 23
3501 9 0 0 50 821 16 22
3502 9 0 0 50 821 16 22
3503 9 0 0 50 821 16 24
3504 9 0 0 50 821 16 24
3505 9 0 0 50 818 17 25
3506 9 0 0 50 818 17 25
3507 9 0 0 50 820 17 23
3508 9 1 0 49 820 17 23
3509 9 1 0 49 820 17 23
3510 9 1 0 49 820 17 25
3511 9 1 0 49 820 17 25
3512 9 1 0 49 820 17 25
3513 9 1 0 49 820 17 25
3514 9 1 0 49 821 17 24
3515 9 1 0 49 821 17 26
3516 9 1 0 49 822 17 25
3517 9 1 0 49 822 17 29
3518 9 1 0 49 822 17 29
3519 9 1 0 49 823 17 30
3520 9 1 0 49 824 17 29
3521 9 1 0 49 825 17 28
3522 9 1 0 49 828 17 27
3523 9 1 0 49 829 17 27
3524 9 1 0 49 829 17 29
3525 9 1 0 49 830 17 28
3526 9 1 0 49 831 17 27
3527 9 1 0 49 833 17 25
3528 9 1 0 49 835 17 23
3529 9 1 0 49 835 17 23
3530 9 1 0 49 835 17 23
3531 9 1 0 49 835 17 23
3532 9 1 0 49 835 17 24
3533 9 1 0 49 835 17 26
3534 9 1 0 49 835 17 30
3535 9 1 0 49 836 17 29
3536 9 1 0 49 836 17 29
3537 9 1 0 49 837 17 28
3538 9 1 0 49 838 17 27
3539 9 1 0 49 839 17 26
3540 9 1 0 49 840 17 25
3541 9 1 0 49 840 17 27
3542 9 1 0 49 840 17 27
3543 9 1 0 49 840 17 28
3544 9 1 0 49 840 17 28
3545 9 1 0 49 841 17 27
3546 9 1 0 49 842 17 26
3547 9 1 0 49 842 17 26
3548 9 1 0 49 842 17 28
3549 9 1 0 49 842 17 28
3550 9 1 0 49 842 17 28
3551 9 1 0 49 842 17 28
3552 9 1 0 49 843 17 27
3553 9 1 0 49 843 17 29
3554 9 1 0 49 843 17 29
3555 9 1 0 49 843 17 33
3556 9 1 0 49 844 17 32
3557 9 1 0 49 844 17 34
3558 9 1 0 49 846 17 32
3559 9 1 0 49 847 17 31
3560 9 1 0 49 851 17 30
3561 9 1 0 49 856 17 27
3562 9 1 0 49 856 17 29
3563 9 1 0 49 857 17 28
3564 9 1 0 49 858 17 27
3565 9 1 0 49 859 17 26
3566 9 1 0 49 861 17 24
3567 9 1 0 49 861 17 24
3568 9 1 0 49 861 17 24
3569 9 1 0 49 861 17 24
3570 9 1 0 49 861 17 24
3571 9 1 0 49 861 17 26
3572 9 1 0 49 862 17 31
3573 9 1 0 49 862 17 31
3574 9 1 0 49 862 17 31
3575 9 1 0 49 864 17 30
3576 9 1 0 49 872 17 22
3577 9 1 0 49 872 17 22
3578 9 1 0 49 872 17 22
3579 9 1 0 49 872 17 24
3580 9 1 0 49 872 17 24
3581 9 0 1 49 872 17 24
3582 9 0 1 49 872 17 24
3583 9 0 1 49 873 17 23
3584 9 0 1 49 874 17 22
3585 9 1 1 48 874 17 22
3586 9 1 1 48 874 17 24
3587 9 1 1 48 874 17 24
3588 9 1 1 48 874 17 24
3589 9 1 1 48 874 17 24
3590 9 1 0 48 875 17 23
3591 9 1 0 48 875 17 25
3592 9 1 0 48 875 17 25
3593 9 1 0 48 876 17 28
3594 9 1 0 48 876 17 28
3595 9 1 0 48 878 17 28
3596 9 1 0 48 878 17 28
3597 9 1 0 48 880 17 26
3598 9 1 0 48 881 17 27
3599 9 3 0 48 883 17 25
3600 9 3 0 48 883 17 27
3601 9 3 0 48 884 17 26
3602 9 3 0 48 885 17 25
3603 9 3 0 48 886 17 24
3604 9 3 0 48 888 17 22
3605 9 3 0 48 888 17 22
3606 9 3 0 48 888 17 22
3607 9 3 0 48 888 17 22
3608 9 3 0 48 888 17 22
3609 9 3 0 48 888 17 24
3610 9 3 0 48 888 17 28
3611 9 3 0 48 888 17 28
3612 9 3 0 48 888 17 28
3613 9 3 0 48 890 17 26
3614 9 3 0 48 894 17 22
3615 9 3 0 48 894 17 22
3616 9 3 0 48 894 17 22
3617 9 3 0 48 894 17 24
3618 9 3 0 48 895 17 23
3619 9 3 0 48 895 17 23
3620 9 3 0 48 895 17 23
3621 9 3 0 48 896 17 22
3622 9 3 0 48 896 17 22
3623 9 3 0 48 896 17 22
3624 9 3 0 48 896 17 24
3625 9 3 0 48 896 17 24
3626 9 3 0 48 896 17 24
3627 9 3 0 48 896 17 24
3628 9 3 0 48 897 17 23
3629 9 3 0 48 897 17 25
3630 9 3 0 48 898 17 24
3631 9 3 0 48 898 17 28
3632 9 3 0 48 898 17 28
3633 9 3 0 48 900 17 28
3634 9 3 0 48 900 17 28
3635 9 3 0 48 903 17 25
3636 9 3 0 48 904 17 26
3637 9 3 0 48 905 17 25
3638 9 3 0 48 905 17 27
3639 9 3 0 48 906 17 26
3640 9 3 0 48 908 17 24
3641 9 3 0 48 908 17 24
3642 9 3 0 48 910 17 22
3643 9 3 0 48 910 17 22
3644 9 3 0 48 910 17 22
3645 9 2 1 48 910 17 22
3646 9 2 1 48 910 17 22
3647 9 2 1 48 910 17 24
3648 9 2 1 48 910 17 28
3649 9 2 1 48 910 17 28
3650 9 2 1 48 910 17 28
3651 9 2 1 48 911 17 27
3652 9 2 1 48 913 17 25
3653 9 2 1 48 914 17 24
3654 9 2 0 48 914 17 24
3655 9 2 0 48 914 17 26
3656 9 2 0 48 915 17 25
3657 9 1 0 48 916 17 24
3658 9 1 0 48 917 17 23
3659 9 2 0 47 917 17 23
3660 9 2 0 47 909 17 19
3661 9 2 0 47 909 17 19
3662 9 2 0 47 909 17 21
3663 9 4 0 47 909 17 21
3664 9 4 0 47 909 17 21
3665 9 4 0 47 909 17 21
3666 9 4 0 47 910 17 20
3667 9 4 0 47 910 17 22
3668 9 4 0 47 911 17 21
3669 9 4 0 47 911 17 25
3670 9 4 0 47 911 17 25
3671 9 4 0 47 912 17 26
3672 9 4 0 47 913 17 25
3673 9 3 1 47 914 17 24
3674 9 3 1 47 917 17 23
3675 9 3 1 47 918 17 22
3676 9 3 1 47 918 17 24
3677 9 3 1 47 918 17 24
3678 9 3 1 47 920 17 22
3679 9 3 1 47 921 17 21
3680 9 3 1 47 922 17 20
3681 9 3 1 47 923 17 19
3682 9 3 0 47 923 17 19
3683 9 3 0 47 923 17 19
3684 9 3 0 47 923 17 19
3685 9 3 0 47 924 17 21
3686 9 3 0 47 928 17 18
3687 9 3 0 47 928 17 18
3688 9 3 0 47 928 17 18
3689 9 3 0 47 928 17 18
3690 9 3 0 47 929 17 17
3691 9 5 0 47 929 17 17
3692 9 5 0 47 929 17 17
3693 9 5 0 47 930 17 19
3694 9 5 0 47 932 17 17
3695 9 7 0 45 932 17 17
3696 9 7 0 45 932 17 17
3697 9 7 0 45 933 17 16
3698 9 7 1 44 934 17 15
3699 9 9 1 42 934 17 15
3700 9 9 1 42 934 17 17
3701 9 10 1 41 934 17 17
3702 9 10 1 41 934 17 17
3703 9 10 1 41 934 17 17
3704 9 10 1 41 935 17 16
3705 9 9 2 41 935 17 16
3706 9 7 4 41 935 17 16
3707 9 7 3 41 935 17 20
3708 9 7 3 41 935 17 20
3709 9 7 3 41 936 17 21
3710 9 8 3 40 936 17 21
3711 9 8 3 40 939 17 18
3712 9 8 3 40 941 17 18
3713 9 8 3 40 941 17 18
3714 9 8 2 40 941 17 20
3715 9 8 0 40 941 17 20
3716 9 10 0 40 942 17 19
3717 9 10 0 40 942 17 19
3718 9 10 0 40 945 17 16
3719 9 11 0 39 946 17 15
3720 9 11 0 39 946 17 15
3721 9 11 0 39 946 17 15
3722 9 11 0 39 946 17 15
3723 9 13 0 39 946 17 15
3724 9 17 1 38 946 17 16
3725 9 17 1 38 946 17 16
3726 9 17 1 38 946 17 16
3727 9 16 2 38 946 17 16
3728 9 15 3 38 947 17 15
3729 9 14 4 38 947 17 15
3730 9 14 4 38 947 17 15
3731 9 14 4 38 947 17 17
3732 9 14 4 38 947 17 17
3733 9 14 3 38 947 17 17
3734 9 14 3 38 947 17 17
3735 9 15 3 37 948 17 16
3736 9 14 3 37 949 17 15
3737 9 14 2 37 949 17 15
3738 9 14 1 37 949 17 17
3739 9 14 1 37 949 17 17
3740 9 14 1 37 949 17 17
3741 9 13 2 37 949 17 17
3742 9 16 2 36 950 17 16
3743 9 16 2 36 950 17 16
3744 9 13 5 36 951 17 15
3745 9 14 5 36 951 17 19
3746 9 16 5 36 951 17 19
3747 9 17 6 36 951 17 21
3748 9 16 7 36 951 17 21
3749 9 17 7 35 954 17 18
3750 9 15 8 35 955 17 19
3751 9 13 10 35 956 17 18
3752 9 13 10 35 956 17 20
3753 9 13 7 35 956 17 20
3754 9 12 8 36 957 17 19
3755 9 11 9 36 958 17 18
3756 9 11 9 35 961 17 15
3757 9 11 8 35 961 17 15
3758 9 11 8 35 961 17 15
3759 9 13 6 35 961 17 15
3760 9 11 6 35 961 17 15
3761 9 10 7 35 958 17 15
3762 9 16 7 35 958 17 16
3763 9 18 5 35 958 17 16
3764 9 16 6 35 958 17 16
3765 9 18 5 35 932 17 14
3766 9 20 5 35 933 17 13
3767 9 20 5 35 933 17 13
3768 9 24 5 35 933 17 13
3769 9 27 4 35 933 17 15
3770 9 26 4 35 933 17 15
3771 9 25 5 35 933 17 15
3772 9 27 7 35 933 17 15
3773 9 29 5 35 935 17 13
3774 9 29 6 36 935 17 13
3775 9 28 7 36 935 17 13
3776 9 28 7 36 935 17 15
3777 9 25 9 37 935 17 15
3778 9 27 10 37 935 17 15
3779 9 28 10 37 935 17 15
3780 9 25 11 38 936 17 14
3781 9 24 10 38 936 17 14
3782 9 26 12 38 936 17 14
3783 9 25 11 39 937 17 15
3784 9 24 11 39 937 17 15
3785 9 21 13 40 937 17 17
3786 9 21 11 40 937 17 17
3787 9 21 11 40 938 17 16
3788 9 22 10 41 938 17 18
3789 9 22 9 43 940 17 16
3790 9 24 10 43 936 17 18
3791 9 23 8 44 932 17 18
3792 9 23 10 44 933 17 17
3793 9 25 9 44 935 17 15
3794 9 22 8 46 936 17 14
3795 9 25 8 47 937 17 13
3796 9 27 7 48 937 17 13
3797 9 29 7 48 937 17 13
3798 9 30 7 48 937 17 13
3799 9 30 5 50 937 17 13
3800 9 34 5 50 937 17 14
3801 9 32 4 51 937 17 14
3802 9 30 6 53 937 17 14
3803 9 34 5 53 937 17 14
3804 9 30 7 55 938 17 13
3805 9 32 6 57 938 17 13
3806 9 29 8 58 938 17 13
3807 9 31 7 58 938 17 15
3808 9 35 7 58 938 17 15
3809 9 34 7 59 938 17 15
3810 9 36 7 60 938 17 15
3811 9 33 6 62 939 17 14
3812 9 33 6 64 939 17 14
3813 9 31 4 66 940 17 13
3814 9 32 4 67 940 17 15
3815 9 30 3 68 940 17 15
3816 9 30 3 70 941 17 15
3817 9 29 3 71 943 17 13
3818 9 27 5 71 944 17 12
3819 9 29 5 70 944 17 12
3820 9 33 4 70 944 17 12
3821 9 32 4 71 939 17 11
3822 9 35 5 71 936 18 12
3823 9 34 6 71 936 18 14
3824 9 37 5 72 936 18 14
3825 9 37 5 72 936 18 14
3826 9 34 6 73 936 18 16
3827 9 32 5 74 937 18 15
3828 9 32 6 74 938 18 16
3829 9 32 8 74 938 18 16
3830 9 30 8 76 939 18 15
3831 9 29 8 76 940 18 14
3832 9 29 7 76 941 18 13
3833 9 30 8 76 942 18 12
3834 9 30 8 76 942 18 12
3835 9 29 8 75 942 18 12
3836 9 31 7 76 942 18 12
3837 9 30 6 77 942 18 12
3838 9 27 6 77 942 18 13
3839 9 25 7 78 942 18 13
3840 9 27 6 78 942 18 13
3841 9 28 6 79 942 18 13
3842 9 26 6 80 943 18 12
3843 9 25 6 81 943 18 12
3844 9 25 6 82 943 18 12
3845 9 26 7 82 943 18 14
3846 9 29 7 82 943 18 14
3847 9 32 6 82 943 18 14
3848 9 32 5 82 943 19 14
3849 9 33 6 82 929 20 14
3850 9 32 6 83 929 20 14
3851 9 32 7 83 930 20 14
3852 9 29 9 84 926 20 16
3853 9 30 9 84 926 20 16
3854 9 29 8 85 926 20 16
3855 9 30 7 85 927 20 15
3856 9 33 6 86 928 20 14
3857 9 34 6 87 928 20 14
3858 9 32 7 87 928 20 14
3859 9 31 7 88 922 20 14
3860 9 32 5 89 923 20 15
3861 9 29 3 92 925 20 15
3862 9 30 2 93 926 20 14
3863 9 28 5 94 926 20 14
3864 9 30 5 94 926 20 16
3865 9 32 5 94 927 20 15
3866 9 29 7 95 928 20 16
3867 9 29 7 95 928 20 16
3868 9 25 9 96 929 20 15
3869 9 29 9 96 919 20 14
3870 9 32 9 97 912 20 13
3871 9 33 9 98 913 20 12
3872 9 32 7 98 913 20 12
3873 9 32 7 98 910 21 13
3874 9 31 7 99 910 21 13
3875 9 31 5 99 910 21 13
3876 9 33 4 100 910 21 14
3877 9 31 2 101 907 22 15
3878 9 30 3 101 907 22 16
3879 9 28 4 102 907 22 16
3880 9 26 4 104 908 22 15
3881 9 31 3 105 908 22 15
3882 9 30 3 106 905 23 16
3883 9 30 3 106 906 23 17
3884 9 33 4 106 904 23 17
3885 9 35 5 106 900 23 17
3886 9 37 5 108 891 23 17
3887 9 35 5 109 893 23 16
3888 9 32 4 112 893 23 16
3889 9 30 4 114 893 23 16
3890 9 30 4 116 893 23 18
3891 9 27 6 117 894 23 17
3892 9 27 6 117 894 23 17
3893 9 27 5 117 894 23 17
3894 9 27 4 118 895 23 16
3895 9 27 4 118 895 23 16
3896 9 27 4 119 895 23 16
3897 9 28 4 120 895 23 16
3898 9 28 4 120 895 23 16
3899 9 26 6 120 895 23 18
3900 9 25 5 121 895 23 18
3901 9 24 5 122 897 23 18
3902 9 26 5 122 901 23 18
3903 9 29 4 123 903 23 16
3904 9 26 4 126 903 23 18
3905 9 27 3 127 900 24 19
3906 9 26 3 128 902 24 18
3907 9 25 3 129 902 24 18
3908 9 25 1 129 904 24 17
3909 9 27 0 129 907 24 15
3910 9 24 1 130 907 24 15
3911 11 21 2 130 905 25 15
3912 12 23 2 129 906 25 14
3913 12 23 2 129 906 25 14
3914 12 24 2 130 906 25 15
3915 13 22 3 130 907 25 16
3916 13 22 4 129 909 25 14
3917 14 25 5 128 909 25 14
3918 14 22 7 131 910 25 13
3919 14 22 6 131 910 25 13
3920 14 22 5 131 910 25 13
3921 15 21 6 130 910 25 15
3922 15 20 7 130 910 25 15
3923 15 20 7 130 910 25 15
3924 17 20 6 128 911 25 14
3925 17 20 5 128 911 25 14
3926 17 20 4 128 912 25 13
3927 17 19 2 129 912 25 13
3928 17 19 3 130 912 25 15
3929 18 21 3 129 912 25 15
3930 18 21 2 129 912 25 15
3931 18 19 1 131 912 25 15
3932 18 18 2 131 914 25 13
3933 18 19 2 132 914 25 13
3934 18 20 2 133 914 25 14
3935 18 21 2 134 914 25 14
3936 19 23 3 134 914 25 14
3937 20 22 2 134 914 25 16
3938 21 22 3 132 915 25 15
3939 22 24 3 131 915 25 15
3940 22 25 3 132 915 25 18
3941 22 24 2 133 916 25 17
3942 22 22 2 135 916 25 19
3943 22 21 2 136 918 25 18
3944 22 21 2 136 919 25 17
3945 22 18 1 139 920 25 16
3946 23 19 2 138 921 25 15
3947 23 16 3 139 921 25 15
3948 23 16 3 139 918 26 16
3949 23 15 3 140 918 26 17
3950 23 16 4 140 919 26 16
3951 24 14 4 141 919 26 16
3952 25 13 5 140 919 26 17
3953 25 12 5 141 919 26 17
3954 25 14 5 141 919 26 17
3955 25 14 4 141 919 26 17
3956 25 16 2 141 921 26 16
3957 25 16 2 141 923 26 15
3958 25 16 2 141 920 27 16
3959 25 16 1 141 920 27 18
3960 25 16 1 141 920 27 18
3961 25 16 0 141 913 27 18
3962 25 15 1 141 913 27 18
3963 25 15 1 141 914 27 17
3964 25 17 1 141 914 27 17
3965 26 18 2 142 915 27 16
3966 26 16 2 144 915 27 18
3967 26 16 2 144 915 27 18
3968 26 18 2 144 915 27 18
3969 28 18 2 142 915 27 18
3970 28 20 2 142 917 27 16
3971 28 19 2 142 917 27 16
3972 30 18 2 141 917 27 18
3973 30 16 3 142 917 27 18
3974 30 16 2 142 917 27 18
3975 31 14 3 142 917 27 20
3976 31 14 3 142 918 27 19
3977 31 14 3 142 916 28 19
3978 31 14 3 142 916 28 23
3979 32 14 3 141 918 28 21
3980 32 16 2 141 918 28 23
3981 32 14 2 143 918 28 23
3982 32 14 1 143 920 28 21
3983 32 16 1 143 920 28 21
3984 33 16 0 142 922 28 19
3985 33 16 0 142 922 28 19
3986 35 16 0 140 923 28 18
3987 36 16 0 139 923 28 19
3988 36 15 1 139 924 28 18
3989 36 16 1 140 924 28 18
3990 37 15 1 140 924 28 19
3991 37 16 1 141 925 28 18
3992 39 16 1 139 925 28 18
3993 39 17 2 139 925 28 18
3994 39 17 2 139 926 28 17
3995 41 17 2 137 926 28 17
3996 41 17 2 137 926 28 18
3997 42 16 1 137 926 28 20
3998 42 15 1 138 926 28 20
3999 42 14 1 139 924 29 21
4000 42 14 1 139 926 29 20
