591.798 455.989 5.295 9.953 12.0829 0.1 0 75 3 1 -1.85204e-09 -1.3319e-09 0 0 1.17884e-320 0 0 0
597.212 416.765 5.295 9.953 12.0829 0.1 0 161 3 1 7.64017e-11 -2.31299e-09 0 0 6.95255e-310 4.98239e-310 0 0
596.555 436.66 5.295 9.953 12.0829 0.1 0 94 3 1 -3.92227e-11 -1.73623e-09 0 0 6.95255e-310 4.98239e-310 0 0
614.609 428.277 5.295 9.953 12.0829 0.1 0 90 3 1 5.58397e-10 -1.43873e-09 0 0 6.95255e-310 4.98239e-310 0 0
624.345 445.639 5.295 9.953 12.0829 0.1 0 67 3 1 4.0468e-10 -9.01056e-10 0 0 6.95255e-310 4.98239e-310 0 0
611.171 460.562 5.295 9.953 12.0829 0.1 0 52 3 1 -1.27643e-09 -1.49494e-09 0 0 3.21143e-322 4.98239e-310 0 0
639.122 432.302 5.295 9.953 12.0829 0.1 0 75 3 1 9.97368e-10 -9.00151e-10 0 0 6.95255e-310 4.98239e-310 0 0
643.081 452.361 5.295 9.953 12.0829 0.1 0 49 3 1 7.19066e-10 -5.21737e-10 0 0 1.58101e-322 4.98118e-310 0 0
661.112 428.823 5.295 9.953 12.0829 0.1 0 90 3 1 -4.07651e-10 -2.85798e-10 0 0 6.95255e-310 6.53427e-310 0 0
677.411 440.25 5.295 9.953 12.0829 0.1 0 77 3 1 1.30728e-09 -2.26659e-09 0 0 6.95255e-310 4.98239e-310 0 0
662.941 453.919 5.295 9.953 12.0829 0.1 0 51 3 1 4.91245e-10 -2.07364e-09 0 0 1.58101e-322 4.98118e-310 0 0
697.313 440.64 5.295 9.953 12.0829 0.1 0 110 3 1 1.76577e-09 3.46089e-11 0 0 6.95255e-310 4.98239e-310 0 0
685.204 458.968 5.295 9.953 12.0829 0.1 0 64 3 1 2.5582e-11 -2.64169e-11 0 0 0 0 0 0
587.933 475.515 5.295 9.953 12.0829 0.1 0 65 3 1 -3.23519e-09 -6.88713e-10 0 0 0 0 0 0
607.306 480.088 5.295 9.953 12.0829 0.1 0 44 3 1 -2.43672e-09 -9.88878e-10 0 0 0 0 0 0
651.664 470.321 5.295 9.953 12.0829 0.1 0 36 3 1 1.35487e-09 -3.93995e-10 0 0 6.95255e-310 4.98239e-310 0 0
629.643 467.981 5.295 9.953 12.0829 0.1 0 38 3 1 -1.45266e-10 -2.89192e-09 0 0 0 0 0 0
671.356 473.268 5.295 9.953 12.0829 0.1 0 41 3 1 -2.5582e-11 2.64169e-11 0 0 0 0 0 0
704.067 465.382 5.295 9.953 12.0829 0.1 0 82 3 1 9.23609e-10 -2.02965e-09 0 0 6.95255e-310 6.53427e-310 0 0
695.822 483.5 5.295 9.953 12.0829 0.1 0 65 3 1 2.10961e-09 -8.62855e-10 0 0 1.58101e-322 4.98118e-310 0 0
583.536 494.929 5.295 9.953 12.0829 0.1 0 66 3 2 -1.64042e-09 5.88481e-10 0 0 9.34278e-321 4.60074e-320 0 0
602.391 501.31 5.295 9.953 12.0829 0.1 0 43 3 1 -1.95262e-09 4.24732e-09 0 0 6.95255e-310 4.98239e-310 0 0
621.08 494.458 5.295 9.953 12.0829 0.1 0 34 3 1 -2.29194e-09 3.04462e-10 0 0 4.98239e-310 3.30395e-311 0 0
638.905 485.6 5.295 9.953 12.0829 0.1 0 32 3 1 -1.36184e-09 -1.37826e-09 0 0 6.95255e-310 4.98239e-310 0 0
645.306 504.557 5.295 9.953 12.0829 0.1 1 648 0 0 5.4914e-10 -1.39113e-09 0 0 2.06025e-321 4.98239e-310 0 0
658.515 489.011 5.295 9.953 12.0829 0.1 1 941 0 0 -2.15572e-10 5.42165e-10 0 0 6.95255e-310 4.98239e-310 0 0
664.932 507.881 5.295 9.953 12.0829 0.1 1 1140 0 0 6.24358e-10 -1.17867e-09 0 0 1.58101e-322 4.98118e-310 0 0
678.101 492.564 5.295 9.953 12.0829 0.1 0 43 3 1 1.40998e-09 -1.05518e-10 0 0 6.95255e-310 4.98239e-310 0 0
715.727 483.301 5.295 9.953 12.0829 0.1 0 91 3 1 2.73611e-09 -7.20235e-10 0 0 6.95255e-310 4.98239e-310 0 0
713.955 503.128 5.295 9.953 12.0829 0.1 0 98 3 1 3.07537e-09 -3.69676e-10 0 0 6.95255e-310 6.53427e-310 0 0
720.416 521.956 5.295 9.953 12.0829 0.1 0 105 3 1 7.45051e-10 8.11078e-10 0 0 9.40207e-321 4.94856e-320 0 0
550.273 516.801 5.295 9.953 12.0829 0.1 0 157 3 1 -2.77854e-09 1.79405e-09 0 0 6.95255e-310 4.98239e-310 0 0
566.996 506.003 5.295 9.953 12.0829 0.1 0 91 3 1 -3.08258e-09 4.42573e-11 0 0 6.95255e-310 4.98239e-310 0 0
581.36 519.784 5.295 9.953 12.0829 0.1 0 79 3 1 -2.61122e-09 2.87003e-10 0 0 6.95255e-310 4.98239e-310 0 0
601.031 522.826 5.295 9.953 12.0829 0.1 0 51 3 1 -2.35443e-09 3.55367e-09 0 0 6.95255e-310 4.98239e-310 0 0
583.94 539.522 5.295 9.953 12.0829 0.1 0 73 3 1 -4.5001e-10 2.30492e-10 0 0 0 0 0 0
618.996 514.254 5.295 9.953 12.0829 0.1 0 40 3 1 -2.20869e-09 1.53594e-09 0 0 6.95255e-310 4.98239e-310 0 0
620.551 534.099 5.295 9.953 12.0829 0.1 0 46 3 1 9.22529e-10 1.8681e-09 0 0 0 0 0 0
637.038 522.664 5.295 9.953 12.0829 0.1 1 1395 0 0 1.78114e-10 -1.04249e-09 0 0 6.95255e-310 4.98239e-310 0 0
643.955 541.329 5.295 9.953 12.0829 0.1 0 42 3 1 5.63461e-10 -2.43465e-10 0 0 0 0 0 0
656.664 525.988 5.295 9.953 12.0829 0.1 0 37 3 1 9.2421e-10 -5.61104e-10 0 0 0 0 0 0
694.091 504.418 5.295 9.953 12.0829 0.1 0 54 3 1 2.42316e-09 5.16221e-10 0 0 6.95255e-310 4.98239e-310 0 0
680.643 520.736 5.295 9.953 12.0829 0.1 0 52 3 1 -0 -0 0 0 6.95255e-310 4.98239e-310 0 0
700.552 523.245 5.295 9.953 12.0829 0.1 0 68 3 1 5.70756e-10 2.11952e-09 0 0 0 0 0 0
603.32 544.066 5.295 9.953 12.0829 0.1 0 64 3 1 -2.47263e-10 5.45668e-10 0 0 6.95255e-310 4.98239e-310 0 0
591.335 561.678 5.295 9.953 12.0829 0.1 0 91 3 1 -9.19743e-10 1.4664e-10 0 0 6.95255e-310 4.98239e-310 0 0
572.342 555.719 5.295 9.953 12.0829 0.1 0 121 3 1 -1.20643e-09 -3.78543e-10 0 0 0 0 0 0
611.123 563.837 5.295 9.953 12.0829 0.1 0 76 3 1 -4.24998e-10 7.76906e-10 0 0 6.95255e-310 4.98239e-310 0 0
608.825 583.609 5.295 9.953 12.0829 0.1 0 122 3 1 -1.44152e-10 1.24041e-09 0 0 4.98239e-310 4.74303e-322 0 0
627.718 552.844 5.295 9.953 12.0829 0.1 0 56 3 1 -2.05264e-11 1.40663e-10 0 0 6.95255e-310 4.98239e-310 0 0
671.989 538.691 5.295 9.953 12.0829 0.1 0 48 3 1 8.48203e-10 7.19125e-10 0 0 6.95255e-310 4.98239e-310 0 0
659.29 554.02 5.295 9.953 12.0829 0.1 0 57 3 1 8.46576e-10 7.82909e-10 0 0 6.95255e-310 4.98239e-310 0 0
656.002 576.79 5.295 9.953 12.0829 0.1 0 89 3 1 -0 -0 0 0 6.95255e-310 4.98239e-310 0 0
692.635 580.356 5.295 9.953 12.0829 0.1 0 126 3 1 1.30449e-10 -4.17366e-11 0 0 6.95255e-310 4.98239e-310 0 0
673.676 586.422 5.295 9.953 12.0829 0.1 0 110 3 1 6.1381e-10 1.93541e-09 0 0 6.95255e-310 4.98239e-310 0 0
663.93 603.778 5.295 9.953 12.0829 0.1 0 171 3 1 -9.38709e-10 1.67172e-09 0 0 0 0 0 0
705.381 542.556 5.295 9.953 12.0829 0.1 0 90 3 1 3.1789e-09 2.1976e-09 0 0 6.95255e-310 4.98239e-310 0 0
687.459 551.217 5.295 9.953 12.0829 0.1 0 74 3 1 1.74005e-09 6.3947e-10 0 0 6.95255e-310 4.98239e-310 0 0
674.76 566.546 5.295 9.953 12.0829 0.1 0 78 3 1 1.45365e-09 1.25672e-09 0 0 0 0 0 0
80 235 2.6475 4.9765 6.04147 0.1 0 0 7 7 -0 -0.0266735 0 0 0 0 0 0
80 244 2.6475 4.9765 6.04147 0.1 0 0 7 7 -0 -0 0 0 0 0 0 0
80 253 2.6475 4.9765 6.04147 0.1 0 0 7 7 -0 -0 0 0 0 0 0 0
80 262 2.6475 4.9765 6.04147 0.1 0 0 7 7 -0 -0 0 0 1.0228e-311 2.23022e-311 0 0
80 271 2.6475 4.9765 6.04147 0.1 0 0 7 7 -0 -0 0 0 3.21143e-322 4.98239e-310 0 0
80 280 2.6475 4.9765 6.04147 0.1 0 0 7 7 -0 -0 0 0 6.53427e-310 0 0 0
80 289 2.6475 4.9765 6.04147 0.1 0 0 7 7 -0 -0 0 0 1.58101e-322 4.98118e-310 0 0
80 298 2.6475 4.9765 6.04147 0.1 0 0 7 7 -0 -0 0 0 5.6148e-311 1.30829e-320 0 0
80 307 2.6475 4.9765 6.04147 0.1 0 0 7 7 -0 -0 0 0 1.58101e-322 4.98118e-310 0 0
80 316 2.6475 4.9765 6.04147 0.1 0 0 7 7 -0 -0 0 0 4.98239e-310 1.58101e-322 0 0
80 325 2.6475 4.9765 6.04147 0.1 0 0 7 7 -0 -0 0 0 1.58101e-322 4.98118e-310 0 0
80 334 2.6475 4.9765 6.04147 0.1 0 0 7 7 -0 -0 0 0 1.82067e-311 1.89721e-321 0 0
80 343 2.6475 4.9765 6.04147 0.1 0 0 7 7 -0 -0 0 0 1.63042e-322 4.98239e-310 0 0
80 352 2.6475 4.9765 6.04147 0.1 0 0 7 7 -0 -0 0 0 4.98239e-310 3.63632e-321 0 0
80 361 2.6475 4.9765 6.04147 0.1 0 0 7 7 -0 -0 0 0 0 3.10236e-311 0 0
80 370 2.6475 4.9765 6.04147 0.1 0 0 7 7 -0 -0 0 0 3.16202e-322 4.98118e-310 0 0
80 379 2.6475 4.9765 6.04147 0.1 0 0 7 7 -0 -0 0 0 4.98239e-310 1.58101e-322 0 0
80 388 2.6475 4.9765 6.04147 0.1 0 0 7 7 -0 -0 0 0 3.21143e-322 4.98239e-310 0 0
80 397 2.6475 4.9765 6.04147 0.1 0 0 7 7 -0 -0 0 0 4.98239e-310 1.58101e-322 0 0
80 406 2.6475 4.9765 6.04147 0.1 0 0 7 7 -0 -0 0 0 1.26975e-321 4.98239e-310 0 0
80 415 2.6475 4.9765 6.04147 0.1 0 0 7 7 -0 -0 0 0 6.53427e-310 0 0 0
80 424 2.6475 4.9765 6.04147 0.1 0 0 7 7 -0 -0 0 0 1.58101e-322 4.98118e-310 0 0
80 433 2.6475 4.9765 6.04147 0.1 0 0 7 7 -0 -0 0 0 4.98239e-310 1.58101e-322 0 0
80 442 2.6475 4.9765 6.04147 0.1 0 0 7 7 -0 -0 0 0 4.98239e-310 0 0 0
80 451 2.6475 4.9765 6.04147 0.1 0 0 7 7 -0 -0 0 0 0 4.98239e-310 0 0
80 460 2.6475 4.9765 6.04147 0.1 0 0 7 7 -0 -0 0 0 1.35078e-320 4.98239e-310 0 0
80 469 2.6475 4.9765 6.04147 0.1 0 0 7 7 -0 -0 0 0 5.23072e-311 5.7591e-311 0 0
80 478 2.6475 4.9765 6.04147 0.1 0 0 7 7 -0 -0 0 0 3.16202e-322 4.98118e-310 0 0
80 487 2.6475 4.9765 6.04147 0.1 0 0 7 7 -0 -0 0 0 0 6.32404e-321 0 0
80 496 2.6475 4.9765 6.04147 0.1 0 0 7 7 -0 -0 0 0 1.35325e-320 0 0 0
80 505 2.6475 4.9765 6.04147 0.1 0 0 7 7 -0 -0 0 0 0 4.98239e-310 0 0
80 514 2.6475 4.9765 6.04147 0.1 0 0 7 7 -0 -0 0 0 -nan 1.26481e-321 0 0
80 523 2.6475 4.9765 6.04147 0.1 0 0 7 7 -0 -0 0 0 4.98239e-310 0 0 0
80 532 2.6475 4.9765 6.04147 0.1 0 0 7 7 -0 -0 0 0 1.58101e-322 4.98239e-310 0 0
80 541 2.6475 4.9765 6.04147 0.1 0 0 7 7 -0 -0 0 0 4.98239e-310 4.98239e-310 0 0
80 550 2.6475 4.9765 6.04147 0.1 0 0 7 7 -0 -0 0 0 1.58101e-322 4.98118e-310 0 0
80 559 2.6475 4.9765 6.04147 0.1 0 0 7 7 -0 -0 0 0 4.98239e-310 3.19364e-320 0 0
80 568 2.6475 4.9765 6.04147 0.1 0 0 7 7 -0 -0 0 0 1.58101e-322 4.98118e-310 0 0
80 577 2.6475 4.9765 6.04147 0.1 0 0 7 7 -0 -0 0 0 4.98239e-310 3.36755e-320 0 0
80 586 2.6475 4.9765 6.04147 0.1 0 0 7 7 -0 -0 0 0 0 4.98239e-310 0 0
80 595 2.6475 4.9765 6.04147 0.1 0 0 7 7 -0 -0 0 0 -nan 1.26481e-321 0 0
80 604 2.6475 4.9765 6.04147 0.1 0 0 7 7 -0 -0 0 0 4.98239e-310 4.98239e-310 0 0
80 613 2.6475 4.9765 6.04147 0.1 0 0 7 7 -0 -0 0 0 4.98239e-310 4.98239e-310 0 0
80 622 2.6475 4.9765 6.04147 0.1 0 0 7 7 -0 -0 0 0 4.98239e-310 4.98239e-310 0 0
80 631 2.6475 4.9765 6.04147 0.1 0 0 7 7 -0 -0 0 0 4.98239e-310 4.98239e-310 0 0
80 640 2.6475 4.9765 6.04147 0.1 0 0 7 7 -0 -0 0 0 4.98239e-310 4.98239e-310 0 0
80 649 2.6475 4.9765 6.04147 0.1 0 0 7 7 -0 -0 0 0 4.98239e-310 4.98239e-310 0 0
80 658 2.6475 4.9765 6.04147 0.1 0 0 7 7 -0 -0 0 0 4.98239e-310 4.98239e-310 0 0
80 667 2.6475 4.9765 6.04147 0.1 0 0 7 7 -0 -0 0 0 4.98239e-310 4.98239e-310 0 0
80 676 2.6475 4.9765 6.04147 0.1 0 0 7 7 -0 -0 0 0 4.98239e-310 4.98239e-310 0 0
80 685 2.6475 4.9765 6.04147 0.1 0 0 7 7 -0 -0 0 0 4.98239e-310 4.98239e-310 0 0
80 694 2.6475 4.9765 6.04147 0.1 0 0 7 7 -0 -0 0 0 4.98239e-310 4.98239e-310 0 0
80 703 2.6475 4.9765 6.04147 0.1 0 0 7 7 -0 -0 0 0 4.98239e-310 4.98239e-310 0 0
80 712 2.6475 4.9765 6.04147 0.1 0 0 7 7 -0 -0 0 0 4.98239e-310 1.58101e-322 0 0
80 721 2.6475 4.9765 6.04147 0.1 0 0 7 7 -0 -0 0 0 1.63042e-322 4.98239e-310 0 0
80 730 2.6475 4.9765 6.04147 0.1 0 0 7 7 -0 -0 0 0 4.98239e-310 1.42291e-321 0 0
80 739 2.6475 4.9765 6.04147 0.1 0 0 7 7 -0 -0 0 0 4.98239e-310 6.32404e-322 0 0
80 748 2.6475 4.9765 6.04147 0.1 0 0 7 7 -0 -0 0 0 1.58101e-322 4.98118e-310 0 0
80 757 2.6475 4.9765 6.04147 0.1 0 0 7 7 -0 -0 0 0 9.48532e-312 1.15437e-311 0 0
80 766 2.6475 4.9765 6.04147 0.1 0 0 7 7 -0 -0 0 0 1.26975e-321 4.98239e-310 0 0
80 775 2.6475 4.9765 6.04147 0.1 0 0 7 7 -0 0.0266735 0 0 4.98239e-310 1.58101e-322 0 0
100 208 2.6475 4.9765 6.04147 0.1 0 0 7 7 -0 -0.0266735 0 0 0 4.98239e-310 0 0
100 217 2.6475 4.9765 6.04147 0.1 0 0 7 7 -0 -0 0 0 4.98239e-310 3.16202e-322 0 0
100 226 2.6475 4.9765 6.04147 0.1 0 0 7 7 -0 -0 0 0 1.63042e-322 4.98239e-310 0 0
100 235 2.6475 4.9765 6.04147 0.1 0 0 7 7 -0 -0 0 0 3.73471e-312 1.3411e-311 0 0
100 244 2.6475 4.9765 6.04147 0.1 0 0 7 7 -0 -0 0 0 1.58101e-322 4.98118e-310 0 0
100 253 2.6475 4.9765 6.04147 0.1 0 0 7 7 -0 -0 0 0 4.98239e-310 4.98239e-310 0 0
100 262 2.6475 4.9765 6.04147 0.1 0 0 7 7 -0 -0 0 0 3.21143e-322 4.98239e-310 0 0
100 271 2.6475 4.9765 6.04147 0.1 0 0 7 7 -0 -0 0 0 4.98239e-310 0 0 0
100 280 2.6475 4.9765 6.04147 0.1 0 0 7 7 -0 -0 0 0 1.63042e-322 4.98239e-310 0 0
100 289 2.6475 4.9765 6.04147 0.1 0 0 7 7 -0 -0 0 0 1.08858e-311 1.31139e-311 0 0
100 298 2.6475 4.9765 6.04147 0.1 0 0 7 7 -0.000197711 0.026556 0 0 3.16202e-322 4.98118e-310 0 0
108.138 302.829 2.6475 4.9765 6.04147 0.1 0 0 7 15 0.00148119 0.000607953 0 0 9.84606e-312 2.29741e-321 0 0
111.173 311.651 2.6475 4.9765 6.04147 600 0 996 7 13 0.00169803 -0.00295228 0 0 0.999087 -0.0427138 0 0
117.294 304.706 2.6475 4.9765 6.04147 600 0 1034 7 13 -0.00279754 0.00436861 0 0 0.995156 -0.0983043 0 0
120.566 313.521 2.6475 4.9765 6.04147 600 0 1072 7 13 0.00719689 -0.00162994 0 0 0.991308 -0.131565 0 0
129.538 313.836 2.6475 4.9765 6.04147 600 0 1110 7 13 -0.0155071 -0.00320912 0 0 0.989949 -0.141428 0 0
139.175 317.181 2.6475 4.9765 6.04147 600 0 1148 7 13 0.015878 0.00366551 0 0 0.952577 -0.304298 0 0
147.775 317.912 2.6475 4.9765 6.04147 600 0 1186 7 13 -0.0187677 -0.00238739 0 0 0.962289 -0.272029 0 0
158.03 319.413 2.6475 4.9765 6.04147 600 0 1224 7 13 0.0196995 0.00209244 0 0 0.938205 -0.346081 0 0
166.615 319.856 2.6475 4.9765 6.04147 600 0 1262 7 13 -0.0184224 0.000493388 0 0 0.962528 -0.271184 0 0
176.879 318.925 2.6475 4.9765 6.04147 600 0 1300 7 13 0.0176101 -0.0012248 0 0 0.916573 -0.399867 0 0
185.618 318.613 2.6475 4.9765 6.04147 600 0 1338 7 13 -0.0137648 0.000398987 0 0 0.981554 -0.191187 0 0
195.604 318.431 2.6475 4.9765 6.04147 600 0 1376 7 13 0.00930715 -0.000137133 0 0 0.969235 -0.246138 0 0
204.639 318.399 2.6475 4.9765 6.04147 600 0 1414 7 13 -0.00658908 0.00173554 0 0 0.940749 -0.339105 0 0
213.187 313.892 2.6475 4.9765 6.04147 600 0 1452 7 13 0.0039766 -0.0012317 0 0 0.963403 -0.268057 0 0
221.205 318.717 2.6475 4.9765 6.04147 600 0 1490 9 13 9.56466e-05 -0.000330579 0 0 0.949446 -0.313932 0 0
229.418 323.417 2.6475 4.9765 6.04147 0.1 0 504 8 10 0.000350296 0.000361076 0 0 0.977577 -0.21058 0 0
222.27 329.53 2.6475 4.9765 6.04147 600 0 1490 9 14 0.00174331 -0.000974811 0 0 0.979612 0.200898 0 0
214.165 334.515 2.6475 4.9765 6.04147 600 0 1452 7 14 -0.00197422 -0.000250692 0 0 0.993034 0.117825 0 0
205.362 331.629 2.6475 4.9765 6.04147 600 0 1414 7 14 0.00497824 -0.000291315 0 0 0.985317 0.170732 0 0
195.847 333.785 2.6475 4.9765 6.04147 600 0 1376 7 14 -0.00886189 0.0009482 0 0 0.995242 0.0974327 0 0
186.854 334.017 2.6475 4.9765 6.04147 600 0 1338 7 14 0.010545 -0.000365361 0 0 0.987849 0.15542 0 0
176.869 334.422 2.6475 4.9765 6.04147 600 0 1300 7 14 -0.0122258 0.00029332 0 0 0.999554 0.0298762 0 0
168.072 334.524 2.6475 4.9765 6.04147 600 0 1262 7 14 0.0161083 -1.61979e-05 0 0 0.975066 0.221915 0 0
157.85 334.454 2.6475 4.9765 6.04147 600 0 1224 7 14 -0.0166408 -6.7608e-05 0 0 0.991056 0.133444 0 0
149.267 334.448 2.6475 4.9765 6.04147 600 0 1186 7 14 0.0198048 -0.0002263 0 0 0.997553 0.0699124 0 0
138.873 334.668 2.6475 4.9765 6.04147 600 0 1148 7 14 -0.0205161 0.00138114 0 0 0.99495 0.100372 0 0
130.27 335.912 2.6475 4.9765 6.04147 600 0 1110 7 14 0.0138104 -0.00135932 0 0 0.99919 0.0402474 0 0
120.059 336.575 2.6475 4.9765 6.04147 600 0 1072 7 14 -0.0167201 0.00907058 0 0 0.999843 -0.017709 0 0
117.148 344.986 2.6475 4.9765 6.04147 600 0 1034 7 14 -0.000982661 -0.0130436 0 0 0.998356 -0.0573169 0 0
111.402 338.003 2.6475 4.9765 6.04147 600 0 996 7 14 0.0144288 0.000504602 0 0 0.985995 -0.166777 0 0
107.798 346.93 2.6475 4.9765 6.04147 0.1 0 0 7 15 -0.00297256 0.00420992 0 0 4.98239e-310 1.58101e-322 0 0
100 352 2.6475 4.9765 6.04147 0.1 0 0 7 7 0.000813192 -0.0272092 0 0 4.79244e-322 4.98239e-310 0 0
100 361 2.6475 4.9765 6.04147 0.1 0 0 7 7 -0 -0 0 0 4.98239e-310 4.9973e-311 0 0
100 370 2.6475 4.9765 6.04147 0.1 0 0 7 7 -0 -0 0 0 1.58101e-322 4.98118e-310 0 0
100 379 2.6475 4.9765 6.04147 0.1 0 0 7 7 -0 -0 0 0 4.98239e-310 1.58101e-322 0 0
100 388 2.6475 4.9765 6.04147 0.1 0 0 7 7 -0 -0 0 0 3.21143e-322 4.98239e-310 0 0
100 397 2.6475 4.9765 6.04147 0.1 0 0 7 7 -0 -0 0 0 3.16177e-311 5.38563e-311 0 0
100 406 2.6475 4.9765 6.04147 0.1 0 0 7 7 -0 -0 0 0 1.58101e-322 4.98118e-310 0 0
100 415 2.6475 4.9765 6.04147 0.1 0 0 7 7 -0 -0 0 0 1.061e-311 2.71828e-311 0 0
100 424 2.6475 4.9765 6.04147 0.1 0 0 7 7 -0 -0 0 0 1.58101e-322 4.98118e-310 0 0
100 433 2.6475 4.9765 6.04147 0.1 0 0 7 7 -0 -0 0 0 1.12449e-320 0 0 0
100 442 2.6475 4.9765 6.04147 0.1 0 0 7 7 -0 -0 0 0 1.58101e-322 4.98118e-310 0 0
100 451 2.6475 4.9765 6.04147 0.1 0 0 7 7 -0 -0 0 0 1.12466e-311 4.24399e-311 0 0
100 460 2.6475 4.9765 6.04147 0.1 0 0 7 7 -0 -0 0 0 4.79244e-322 4.98239e-310 0 0
100 469 2.6475 4.9765 6.04147 0.1 0 0 7 7 -0 -0 0 0 4.98239e-310 0 0 0
100 478 2.6475 4.9765 6.04147 0.1 0 0 7 7 -0 -0 0 0 3.16202e-322 4.98118e-310 0 0
100 487 2.6475 4.9765 6.04147 0.1 0 0 7 7 -0 -0 0 0 6.53427e-310 3.15965e-311 0 0
100 496 2.6475 4.9765 6.04147 0.1 0 0 7 7 -0 -0 0 0 1.63042e-322 4.98239e-310 0 0
100 505 2.6475 4.9765 6.04147 0.1 0 0 7 7 -0 -0 0 0 4.98239e-310 6.48214e-321 0 0
100 514 2.6475 4.9765 6.04147 0.1 0 0 7 7 -0 -0 0 0 4.98239e-310 4.98239e-310 0 0
100 523 2.6475 4.9765 6.04147 0.1 0 0 7 7 -0 -0 0 0 4.98239e-310 4.98239e-310 0 0
100 532 2.6475 4.9765 6.04147 0.1 0 0 7 7 -0 -0 0 0 4.98239e-310 4.98239e-310 0 0
100 541 2.6475 4.9765 6.04147 0.1 0 0 7 7 -0 -0 0 0 4.98239e-310 4.98239e-310 0 0
100 550 2.6475 4.9765 6.04147 0.1 0 0 7 7 -0 -0 0 0 4.98239e-310 4.98239e-310 0 0
100 559 2.6475 4.9765 6.04147 0.1 0 0 7 7 -0 -0 0 0 4.98239e-310 4.98239e-310 0 0
100 568 2.6475 4.9765 6.04147 0.1 0 0 7 7 -0 -0 0 0 4.98239e-310 4.98239e-310 0 0
100 577 2.6475 4.9765 6.04147 0.1 0 0 7 7 -0 -0 0 0 4.98239e-310 4.98239e-310 0 0
100 586 2.6475 4.9765 6.04147 0.1 0 0 7 7 -0 -0 0 0 4.98239e-310 4.98239e-310 0 0
100 595 2.6475 4.9765 6.04147 0.1 0 0 7 7 -0 -0 0 0 4.98239e-310 4.98239e-310 0 0
100 604 2.6475 4.9765 6.04147 0.1 0 0 7 7 -0 -0 0 0 4.98239e-310 4.98239e-310 0 0
100 613 2.6475 4.9765 6.04147 0.1 0 0 7 7 -0 -0 0 0 4.98239e-310 4.98239e-310 0 0
100 622 2.6475 4.9765 6.04147 0.1 0 0 7 7 -0 -0 0 0 4.98239e-310 4.98239e-310 0 0
100 631 2.6475 4.9765 6.04147 0.1 0 0 7 7 -0 -0 0 0 4.98239e-310 4.98239e-310 0 0
100 640 2.6475 4.9765 6.04147 0.1 0 0 7 7 -0 -0 0 0 4.98239e-310 4.98239e-310 0 0
100 649 2.6475 4.9765 6.04147 0.1 0 0 7 7 -0 -0 0 0 4.98239e-310 4.98239e-310 0 0
100 658 2.6475 4.9765 6.04147 0.1 0 0 7 7 -0.0167511 0.0093166 0 0 4.98239e-310 4.98239e-310 0 0
106.968 665.216 2.6475 4.9765 6.04147 0.1 0 0 7 15 0.0234034 0.0240875 0 0 4.98239e-310 4.98239e-310 0 0
112.781 671.109 2.6475 4.9765 6.04147 600 0 944 7 13 -0.0134019 -0.0127209 0 0 0.987461 0.157864 0 0
120.484 677.925 2.6475 4.9765 6.04147 600 0 982 7 13 0.0130636 0.0100684 0 0 0.996872 0.0790389 0 0
128.132 682.887 2.6475 4.9765 6.04147 600 0 1020 7 13 -0.0164944 -0.0082717 0 0 0.999935 0.0113821 0 0
137.666 686.832 2.6475 4.9765 6.04147 600 0 1058 7 13 0.0176053 0.00638023 0 0 0.998389 0.0567323 0 0
146.051 689.273 2.6475 4.9765 6.04147 600 0 1096 7 13 -0.0123953 -0.0034131 0 0 0.99984 -0.0178795 0 0
155.703 691.667 2.6475 4.9765 6.04147 600 0 1134 7 13 0.00805066 0.00202645 0 0 0.992201 0.124647 0 0
164.658 693.996 2.6475 4.9765 6.04147 600 0 1172 7 13 -9.67356e-05 5.02731e-05 0 0 0.999104 0.0423115 0 0
173.826 696.61 2.6475 4.9765 6.04147 600 0 1210 7 13 0.000961689 0.000380648 0 0 0.99924 0.0389754 0 0
182.899 699.439 2.6475 4.9765 6.04147 600 0 1248 7 13 0.000146173 5.3808e-05 0 0 0.996933 -0.0782652 0 0
191.996 702.291 2.6475 4.9765 6.04147 600 0 1286 7 13 9.99778e-05 -8.32486e-05 0 0 0.999926 -0.0121307 0 0
201.186 704.921 2.6475 4.9765 6.04147 600 0 1324 7 13 0.000837791 -2.94379e-05 0 0 0.998111 -0.0614381 0 0
210.44 707.079 2.6475 4.9765 6.04147 600 0 1362 7 13 -0.00120627 -0.000467228 0 0 0.994248 0.107101 0 0
219.832 708.821 2.6475 4.9765 6.04147 600 0 1400 7 13 -0.000313104 6.28408e-05 0 0 0.999142 0.0414105 0 0
229.251 710.926 2.6475 4.9765 6.04147 600 0 1438 7 13 0.00387028 0.00248523 0 0 0.999788 0.0205936 0 0
237.962 714.874 2.6475 4.9765 6.04147 600 0 1476 9 13 -0.00137615 0.00380786 0 0 0.997686 -0.0679909 0 0
244.055 722.199 2.6475 4.9765 6.04147 0.1 0 556 8 10 -0.0129599 -0.00442454 0 0 0.979424 0.201815 0 0
235.386 725.385 2.6475 4.9765 6.04147 600 0 1476 9 14 0.00340328 -0.0026822 0 0 0.904657 0.426141 0 0
225.87 725.13 2.6475 4.9765 6.04147 600 0 1438 7 14 0.00360072 5.74111e-05 0 0 0.930463 0.366387 0 0
216.415 723.235 2.6475 4.9765 6.04147 600 0 1400 7 14 -0.00350251 -0.000738761 0 0 0.851466 0.52441 0 0
207.255 721.309 2.6475 4.9765 6.04147 600 0 1362 7 14 0.00197644 0.000339795 0 0 0.891697 0.452633 0 0
197.975 719.003 2.6475 4.9765 6.04147 600 0 1324 7 14 -0.00105316 -0.000328476 0 0 0.81824 0.574877 0 0
188.872 716.536 2.6475 4.9765 6.04147 600 0 1286 7 14 0.00117432 0.000264893 0 0 0.864942 0.501871 0 0
179.732 713.795 2.6475 4.9765 6.04147 600 0 1248 7 14 -0.00122804 -0.000357481 0 0 0.908435 0.418025 0 0
170.704 711.119 2.6475 4.9765 6.04147 600 0 1210 7 14 0.00153482 0.000509158 0 0 0.942986 0.332832 0 0
161.47 708.711 2.6475 4.9765 6.04147 600 0 1172 7 14 -0.00120667 -0.000177985 0 0 0.899418 0.43709 0 0
152.292 706.776 2.6475 4.9765 6.04147 600 0 1134 7 14 0.00247565 0.000540601 0 0 0.925093 0.379741 0 0
142.874 705.517 2.6475 4.9765 6.04147 600 0 1096 7 14 -9.74205e-06 -1.1571e-05 0 0 0.941388 0.337327 0 0
133.579 703.915 2.6475 4.9765 6.04147 600 0 1058 7 14 -0.000206699 0.000179802 0 0 0.943738 0.330695 0 0
124.56 706.559 2.6475 4.9765 6.04147 600 0 1020 7 14 0.000926825 5.67132e-05 0 0 0.97557 0.219688 0 0
115.647 702.995 2.6475 4.9765 6.04147 600 0 982 7 14 -0.00644646 0.00129528 0 0 0.975328 0.220762 0 0
106.773 700.606 2.6475 4.9765 6.04147 600 0 944 7 14 0.00426431 0.00366077 0 0 0.999846 0.0175505 0 0
109.185 709.504 2.6475 4.9765 6.04147 0.1 0 0 7 15 0.00284765 -0.00543785 0 0 4.98239e-310 4.98239e-310 0 0
100 712 2.6475 4.9765 6.04147 0.1 0 0 7 7 -0.00112929 -0.0263839 0 0 4.98239e-310 4.98239e-310 0 0
100 721 2.6475 4.9765 6.04147 0.1 0 0 7 7 -0 -0 0 0 1.16896e-320 0 0 0
100 730 2.6475 4.9765 6.04147 0.1 0 0 7 7 -0 -0 0 0 3.81959e-312 3.22543e-311 0 0
100 739 2.6475 4.9765 6.04147 0.1 0 0 7 7 -0 -0 0 0 6.88233e-321 4.98239e-310 0 0
100 748 2.6475 4.9765 6.04147 0.1 0 0 7 7 -0 -0 0 0 0 4.98239e-310 0 0
100 757 2.6475 4.9765 6.04147 0.1 0 0 7 7 -0 -0 0 0 1.17094e-320 0 0 0
100 766 2.6475 4.9765 6.04147 0.1 0 0 7 7 -0 -0 0 0 4.98239e-310 5.03125e-311 0 0
100 775 2.6475 4.9765 6.04147 0.1 0 0 7 7 -0 -0 0 0 3.21143e-322 4.98239e-310 0 0
100 784 2.6475 4.9765 6.04147 0.1 0 0 7 7 -0 -0 0 0 2.53456e-321 3.16202e-322 0 0
100 793 2.6475 4.9765 6.04147 0.1 0 0 7 7 -0 -0 0 0 5.32833e-311 0 0 0
100 802 2.6475 4.9765 6.04147 0.1 0 0 7 7 -0 0.0266735 0 0 4.98239e-310 5.05459e-311 0 0
