591.798 455.988 5.295 9.953 12.0829 0.1 0 75 3 1 -6.46399e-10 -4.66011e-10 0 0 1.17884e-320 0 0 0
597.212 416.765 5.295 9.953 12.0829 0.1 0 161 3 1 2.67629e-11 -8.10186e-10 0 0 6.95255e-310 4.98239e-310 0 0
596.555 436.66 5.295 9.953 12.0829 0.1 0 94 3 1 -1.37534e-11 -6.08183e-10 0 0 6.95255e-310 4.98239e-310 0 0
614.609 428.276 5.295 9.953 12.0829 0.1 0 90 3 1 1.95236e-10 -5.04745e-10 0 0 6.95255e-310 4.98239e-310 0 0
624.345 445.639 5.295 9.953 12.0829 0.1 0 67 3 1 1.42472e-10 -3.16554e-10 0 0 6.95255e-310 4.98239e-310 0 0
611.171 460.561 5.295 9.953 12.0829 0.1 0 52 3 1 -4.45626e-10 -5.22523e-10 0 0 3.21143e-322 4.98239e-310 0 0
639.123 432.302 5.295 9.953 12.0829 0.1 0 75 3 1 3.50869e-10 -3.16665e-10 0 0 6.95255e-310 4.98239e-310 0 0
643.082 452.361 5.295 9.953 12.0829 0.1 0 49 3 1 2.52531e-10 -1.82584e-10 0 0 1.58101e-322 4.98118e-310 0 0
661.112 428.823 5.295 9.953 12.0829 0.1 0 90 3 1 -1.43582e-10 -1.00655e-10 0 0 6.95255e-310 6.53427e-310 0 0
677.411 440.249 5.295 9.953 12.0829 0.1 0 77 3 1 4.6002e-10 -7.97596e-10 0 0 6.95255e-310 4.98239e-310 0 0
662.941 453.918 5.295 9.953 12.0829 0.1 0 51 3 1 1.72655e-10 -7.29527e-10 0 0 1.58101e-322 4.98118e-310 0 0
697.313 440.64 5.295 9.953 12.0829 0.1 0 110 3 1 6.21573e-10 1.22044e-11 0 0 6.95255e-310 4.98239e-310 0 0
685.204 458.968 5.295 9.953 12.0829 0.1 0 64 3 1 8.9202e-12 -9.21135e-12 0 0 0 0 0 0
587.932 475.515 5.295 9.953 12.0829 0.1 0 65 3 1 -1.13469e-09 -2.41487e-10 0 0 0 0 0 0
607.305 480.088 5.295 9.953 12.0829 0.1 0 44 3 1 -8.54976e-10 -3.44918e-10 0 0 0 0 0 0
651.664 470.321 5.295 9.953 12.0829 0.1 0 36 3 1 4.76333e-10 -1.38317e-10 0 0 6.95255e-310 4.98239e-310 0 0
629.643 467.98 5.295 9.953 12.0829 0.1 0 38 3 1 -5.28488e-11 -1.00837e-09 0 0 0 0 0 0
671.356 473.268 5.295 9.953 12.0829 0.1 0 41 3 1 -8.9202e-12 9.21135e-12 0 0 0 0 0 0
704.067 465.381 5.295 9.953 12.0829 0.1 0 82 3 1 3.22933e-10 -7.09696e-10 0 0 6.95255e-310 6.53427e-310 0 0
695.823 483.5 5.295 9.953 12.0829 0.1 0 65 3 1 7.37653e-10 -3.01716e-10 0 0 1.58101e-322 4.98118e-310 0 0
583.535 494.929 5.295 9.953 12.0829 0.1 0 66 3 2 -5.74501e-10 2.06208e-10 0 0 9.34278e-321 4.60074e-320 0 0
602.39 501.311 5.295 9.953 12.0829 0.1 0 43 3 1 -6.83945e-10 1.48789e-09 0 0 6.95255e-310 4.98239e-310 0 0
621.079 494.458 5.295 9.953 12.0829 0.1 0 34 3 1 -8.02618e-10 1.07396e-10 0 0 4.98239e-310 3.30395e-311 0 0
638.905 485.6 5.295 9.953 12.0829 0.1 1 1622 0 0 -4.76145e-10 -4.81511e-10 0 0 6.95255e-310 4.98239e-310 0 0
645.306 504.556 5.295 9.953 12.0829 0.1 1 648 0 0 1.91933e-10 -4.85704e-10 0 0 2.06025e-321 4.98239e-310 0 0
658.515 489.011 5.295 9.953 12.0829 0.1 1 941 0 0 -7.54058e-11 1.90123e-10 0 0 6.95255e-310 4.98239e-310 0 0
664.933 507.881 5.295 9.953 12.0829 0.1 1 1140 0 0 2.18278e-10 -4.12609e-10 0 0 1.58101e-322 4.98118e-310 0 0
678.101 492.564 5.295 9.953 12.0829 0.1 1 2178 0 0 4.93052e-10 -3.68268e-11 0 0 6.95255e-310 4.98239e-310 0 0
715.728 483.301 5.295 9.953 12.0829 0.1 0 91 3 1 9.56724e-10 -2.51825e-10 0 0 6.95255e-310 4.98239e-310 0 0
713.956 503.128 5.295 9.953 12.0829 0.1 0 98 3 1 1.07531e-09 -1.2926e-10 0 0 6.95255e-310 6.53427e-310 0 0
720.417 521.956 5.295 9.953 12.0829 0.1 0 105 3 1 2.60406e-10 2.83581e-10 0 0 9.40207e-321 4.94856e-320 0 0
550.272 516.801 5.295 9.953 12.0829 0.1 0 157 3 1 -9.73146e-10 6.28374e-10 0 0 6.95255e-310 4.98239e-310 0 0
566.995 506.003 5.295 9.953 12.0829 0.1 0 91 3 1 -1.07964e-09 1.55357e-11 0 0 6.95255e-310 4.98239e-310 0 0
581.359 519.784 5.295 9.953 12.0829 0.1 0 79 3 1 -9.14035e-10 1.00017e-10 0 0 6.95255e-310 4.98239e-310 0 0
601.031 522.827 5.295 9.953 12.0829 0.1 0 51 3 1 -8.24319e-10 1.24422e-09 0 0 6.95255e-310 4.98239e-310 0 0
583.94 539.522 5.295 9.953 12.0829 0.1 0 73 3 1 -1.58649e-10 8.0938e-11 0 0 0 0 0 0
618.996 514.254 5.295 9.953 12.0829 0.1 0 40 3 1 -7.72643e-10 5.3932e-10 0 0 6.95255e-310 4.98239e-310 0 0
620.551 534.099 5.295 9.953 12.0829 0.1 0 46 3 1 3.24759e-10 6.56712e-10 0 0 0 0 0 0
637.038 522.664 5.295 9.953 12.0829 0.1 1 1395 0 0 6.27481e-11 -3.63847e-10 0 0 6.95255e-310 4.98239e-310 0 0
643.955 541.329 5.295 9.953 12.0829 0.1 0 42 3 1 1.96767e-10 -8.44996e-11 0 0 0 0 0 0
656.664 525.988 5.295 9.953 12.0829 0.1 1 1829 0 0 3.23969e-10 -1.96215e-10 0 0 0 0 0 0
694.092 504.418 5.295 9.953 12.0829 0.1 0 54 3 1 8.47278e-10 1.80576e-10 0 0 6.95255e-310 4.98239e-310 0 0
680.643 520.736 5.295 9.953 12.0829 0.1 0 52 3 1 -0 -0 0 0 6.95255e-310 4.98239e-310 0 0
700.553 523.246 5.295 9.953 12.0829 0.1 0 68 3 1 1.99521e-10 7.41121e-10 0 0 0 0 0 0
603.32 544.066 5.295 9.953 12.0829 0.1 0 64 3 1 -8.68621e-11 1.92153e-10 0 0 6.95255e-310 4.98239e-310 0 0
591.335 561.678 5.295 9.953 12.0829 0.1 0 91 3 1 -3.2117e-10 5.11811e-11 0 0 6.95255e-310 4.98239e-310 0 0
572.342 555.719 5.295 9.953 12.0829 0.1 0 121 3 1 -4.21176e-10 -1.32156e-10 0 0 0 0 0 0
611.123 563.837 5.295 9.953 12.0829 0.1 0 76 3 1 -1.48542e-10 2.71335e-10 0 0 6.95255e-310 4.98239e-310 0 0
608.825 583.61 5.295 9.953 12.0829 0.1 0 122 3 1 -5.03321e-11 4.33121e-10 0 0 4.98239e-310 4.74303e-322 0 0
627.718 552.844 5.295 9.953 12.0829 0.1 0 56 3 1 -7.36889e-12 4.92561e-11 0 0 6.95255e-310 4.98239e-310 0 0
671.989 538.691 5.295 9.953 12.0829 0.1 0 48 3 1 2.97402e-10 2.51545e-10 0 0 6.95255e-310 4.98239e-310 0 0
659.29 554.02 5.295 9.953 12.0829 0.1 0 57 3 1 2.95572e-10 2.7402e-10 0 0 6.95255e-310 4.98239e-310 0 0
656.002 576.79 5.295 9.953 12.0829 0.1 0 89 3 1 -0 -0 0 0 6.95255e-310 4.98239e-310 0 0
692.635 580.356 5.295 9.953 12.0829 0.1 0 126 3 1 4.5442e-11 -1.45406e-11 0 0 6.95255e-310 4.98239e-310 0 0
673.676 586.422 5.295 9.953 12.0829 0.1 0 110 3 1 2.14468e-10 6.76107e-10 0 0 6.95255e-310 4.98239e-310 0 0
663.93 603.779 5.295 9.953 12.0829 0.1 0 171 3 1 -3.27846e-10 5.83821e-10 0 0 0 0 0 0
705.382 542.557 5.295 9.953 12.0829 0.1 0 90 3 1 1.11112e-09 7.68414e-10 0 0 6.95255e-310 4.98239e-310 0 0
687.459 551.217 5.295 9.953 12.0829 0.1 0 74 3 1 6.08661e-10 2.24388e-10 0 0 6.95255e-310 4.98239e-310 0 0
674.76 566.546 5.295 9.953 12.0829 0.1 0 78 3 1 5.07777e-10 4.39176e-10 0 0 0 0 0 0
80 235 2.6475 4.9765 6.04147 0.1 0 0 7 7 -0 -0.0266735 0 0 0 0 0 0
80 244 2.6475 4.9765 6.04147 0.1 0 0 7 7 -0 -0 0 0 0 0 0 0
80 253 2.6475 4.9765 6.04147 0.1 0 0 7 7 -0 -0 0 0 0 0 0 0
80 262 2.6475 4.9765 6.04147 0.1 0 0 7 7 -0 -0 0 0 1.0228e-311 2.23022e-311 0 0
80 271 2.6475 4.9765 6.04147 0.1 0 0 7 7 -0 -0 0 0 3.21143e-322 4.98239e-310 0 0
80 280 2.6475 4.9765 6.04147 0.1 0 0 7 7 -0 -0 0 0 6.53427e-310 0 0 0
80 289 2.6475 4.9765 6.04147 0.1 0 0 7 7 -0 -0 0 0 1.58101e-322 4.98118e-310 0 0
80 298 2.6475 4.9765 6.04147 0.1 0 0 7 7 -0 -0 0 0 5.6148e-311 1.30829e-320 0 0
80 307 2.6475 4.9765 6.04147 0.1 0 0 7 7 -0 -0 0 0 1.58101e-322 4.98118e-310 0 0
80 316 2.6475 4.9765 6.04147 0.1 0 0 7 7 -0 -0 0 0 4.98239e-310 1.58101e-322 0 0
80 325 2.6475 4.9765 6.04147 0.1 0 0 7 7 -0 -0 0 0 1.58101e-322 4.98118e-310 0 0
80 334 2.6475 4.9765 6.04147 0.1 0 0 7 7 -0 -0 0 0 1.82067e-311 1.89721e-321 0 0
80 343 2.6475 4.9765 6.04147 0.1 0 0 7 7 -0 -0 0 0 1.63042e-322 4.98239e-310 0 0
80 352 2.6475 4.9765 6.04147 0.1 0 0 7 7 -0 -0 0 0 4.98239e-310 3.63632e-321 0 0
80 361 2.6475 4.9765 6.04147 0.1 0 0 7 7 -0 -0 0 0 0 3.10236e-311 0 0
80 370 2.6475 4.9765 6.04147 0.1 0 0 7 7 -0 -0 0 0 3.16202e-322 4.98118e-310 0 0
80 379 2.6475 4.9765 6.04147 0.1 0 0 7 7 -0 -0 0 0 4.98239e-310 1.58101e-322 0 0
80 388 2.6475 4.9765 6.04147 0.1 0 0 7 7 -0 -0 0 0 3.21143e-322 4.98239e-310 0 0
80 397 2.6475 4.9765 6.04147 0.1 0 0 7 7 -0 -0 0 0 4.98239e-310 1.58101e-322 0 0
80 406 2.6475 4.9765 6.04147 0.1 0 0 7 7 -0 -0 0 0 1.26975e-321 4.98239e-310 0 0
80 415 2.6475 4.9765 6.04147 0.1 0 0 7 7 -0 -0 0 0 6.53427e-310 0 0 0
80 424 2.6475 4.9765 6.04147 0.1 0 0 7 7 -0 -0 0 0 1.58101e-322 4.98118e-310 0 0
80 433 2.6475 4.9765 6.04147 0.1 0 0 7 7 -0 -0 0 0 4.98239e-310 1.58101e-322 0 0
80 442 2.6475 4.9765 6.04147 0.1 0 0 7 7 -0 -0 0 0 4.98239e-310 0 0 0
80 451 2.6475 4.9765 6.04147 0.1 0 0 7 7 -0 -0 0 0 0 4.98239e-310 0 0
80 460 2.6475 4.9765 6.04147 0.1 0 0 7 7 -0 -0 0 0 1.35078e-320 4.98239e-310 0 0
80 469 2.6475 4.9765 6.04147 0.1 0 0 7 7 -0 -0 0 0 5.23072e-311 5.7591e-311 0 0
80 478 2.6475 4.9765 6.04147 0.1 0 0 7 7 -0 -0 0 0 3.16202e-322 4.98118e-310 0 0
80 487 2.6475 4.9765 6.04147 0.1 0 0 7 7 -0 -0 0 0 0 6.32404e-321 0 0
80 496 2.6475 4.9765 6.04147 0.1 0 0 7 7 -0 -0 0 0 1.35325e-320 0 0 0
80 505 2.6475 4.9765 6.04147 0.1 0 0 7 7 -0 -0 0 0 0 4.98239e-310 0 0
80 514 2.6475 4.9765 6.04147 0.1 0 0 7 7 -0 -0 0 0 -nan 1.26481e-321 0 0
80 523 2.6475 4.9765 6.04147 0.1 0 0 7 7 -0 -0 0 0 4.98239e-310 0 0 0
80 532 2.6475 4.9765 6.04147 0.1 0 0 7 7 -0 -0 0 0 1.58101e-322 4.98239e-310 0 0
80 541 2.6475 4.9765 6.04147 0.1 0 0 7 7 -0 -0 0 0 4.98239e-310 4.98239e-310 0 0
80 550 2.6475 4.9765 6.04147 0.1 0 0 7 7 -0 -0 0 0 1.58101e-322 4.98118e-310 0 0
80 559 2.6475 4.9765 6.04147 0.1 0 0 7 7 -0 -0 0 0 4.98239e-310 3.19364e-320 0 0
80 568 2.6475 4.9765 6.04147 0.1 0 0 7 7 -0 -0 0 0 1.58101e-322 4.98118e-310 0 0
80 577 2.6475 4.9765 6.04147 0.1 0 0 7 7 -0 -0 0 0 4.98239e-310 3.36755e-320 0 0
80 586 2.6475 4.9765 6.04147 0.1 0 0 7 7 -0 -0 0 0 0 4.98239e-310 0 0
80 595 2.6475 4.9765 6.04147 0.1 0 0 7 7 -0 -0 0 0 -nan 1.26481e-321 0 0
80 604 2.6475 4.9765 6.04147 0.1 0 0 7 7 -0 -0 0 0 4.98239e-310 4.98239e-310 0 0
80 613 2.6475 4.9765 6.04147 0.1 0 0 7 7 -0 -0 0 0 4.98239e-310 4.98239e-310 0 0
80 622 2.6475 4.9765 6.04147 0.1 0 0 7 7 -0 -0 0 0 4.98239e-310 4.98239e-310 0 0
80 631 2.6475 4.9765 6.04147 0.1 0 0 7 7 -0 -0 0 0 4.98239e-310 4.98239e-310 0 0
80 640 2.6475 4.9765 6.04147 0.1 0 0 7 7 -0 -0 0 0 4.98239e-310 4.98239e-310 0 0
80 649 2.6475 4.9765 6.04147 0.1 0 0 7 7 -0 -0 0 0 4.98239e-310 4.98239e-310 0 0
80 658 2.6475 4.9765 6.04147 0.1 0 0 7 7 -0 -0 0 0 4.98239e-310 4.98239e-310 0 0
80 667 2.6475 4.9765 6.04147 0.1 0 0 7 7 -0 -0 0 0 4.98239e-310 4.98239e-310 0 0
80 676 2.6475 4.9765 6.04147 0.1 0 0 7 7 -0 -0 0 0 4.98239e-310 4.98239e-310 0 0
80 685 2.6475 4.9765 6.04147 0.1 0 0 7 7 -0 -0 0 0 4.98239e-310 4.98239e-310 0 0
80 694 2.6475 4.9765 6.04147 0.1 0 0 7 7 -0 -0 0 0 4.98239e-310 4.98239e-310 0 0
80 703 2.6475 4.9765 6.04147 0.1 0 0 7 7 -0 -0 0 0 4.98239e-310 4.98239e-310 0 0
80 712 2.6475 4.9765 6.04147 0.1 0 0 7 7 -0 -0 0 0 4.98239e-310 1.58101e-322 0 0
80 721 2.6475 4.9765 6.04147 0.1 0 0 7 7 -0 -0 0 0 1.63042e-322 4.98239e-310 0 0
80 730 2.6475 4.9765 6.04147 0.1 0 0 7 7 -0 -0 0 0 4.98239e-310 1.42291e-321 0 0
80 739 2.6475 4.9765 6.04147 0.1 0 0 7 7 -0 -0 0 0 4.98239e-310 6.32404e-322 0 0
80 748 2.6475 4.9765 6.04147 0.1 0 0 7 7 -0 -0 0 0 1.58101e-322 4.98118e-310 0 0
80 757 2.6475 4.9765 6.04147 0.1 0 0 7 7 -0 -0 0 0 9.48532e-312 1.15437e-311 0 0
80 766 2.6475 4.9765 6.04147 0.1 0 0 7 7 -0 -0 0 0 1.26975e-321 4.98239e-310 0 0
80 775 2.6475 4.9765 6.04147 0.1 0 0 7 7 -0 0.0266735 0 0 4.98239e-310 1.58101e-322 0 0
100 208 2.6475 4.9765 6.04147 0.1 0 0 7 7 -0 -0.0266735 0 0 0 4.98239e-310 0 0
100 217 2.6475 4.9765 6.04147 0.1 0 0 7 7 -0 -0 0 0 4.98239e-310 3.16202e-322 0 0
100 226 2.6475 4.9765 6.04147 0.1 0 0 7 7 -0 -0 0 0 1.63042e-322 4.98239e-310 0 0
100 235 2.6475 4.9765 6.04147 0.1 0 0 7 7 -0 -0 0 0 3.73471e-312 1.3411e-311 0 0
100 244 2.6475 4.9765 6.04147 0.1 0 0 7 7 -0 -0 0 0 1.58101e-322 4.98118e-310 0 0
100 253 2.6475 4.9765 6.04147 0.1 0 0 7 7 -0 -0 0 0 4.98239e-310 4.98239e-310 0 0
100 262 2.6475 4.9765 6.04147 0.1 0 0 7 7 -0 -0 0 0 3.21143e-322 4.98239e-310 0 0
100 271 2.6475 4.9765 6.04147 0.1 0 0 7 7 -0 -0 0 0 4.98239e-310 0 0 0
100 280 2.6475 4.9765 6.04147 0.1 0 0 7 7 -0 -0 0 0 1.63042e-322 4.98239e-310 0 0
100 289 2.6475 4.9765 6.04147 0.1 0 0 7 7 -0 -0 0 0 1.08858e-311 1.31139e-311 0 0
100 298 2.6475 4.9765 6.04147 0.1 0 0 7 7 1.73562e-12 0.0266735 0 0 3.16202e-322 4.98118e-310 0 0
108.544 301.968 2.6475 4.9765 6.04147 0.1 0 0 7 15 -6.57335e-12 -3.77648e-12 0 0 9.84606e-312 2.29741e-321 0 0
113.294 310.104 2.6475 4.9765 6.04147 600 0 996 7 13 1.35687e-11 2.70187e-13 0 0 0.999087 -0.0427138 0 0
117.965 301.923 2.6475 4.9765 6.04147 600 0 1034 7 13 5.71473e-12 9.74586e-12 0 0 0.995156 -0.0983043 0 0
122.715 310.059 2.6475 4.9765 6.04147 600 0 1072 7 13 -2.71582e-11 -8.62448e-12 0 0 0.991308 -0.131565 0 0
132.064 311.22 2.6475 4.9765 6.04147 600 0 1110 7 13 2.21972e-11 4.37361e-12 0 0 0.989949 -0.141428 0 0
141.101 313.883 2.6475 4.9765 6.04147 600 0 1148 7 13 -1.61805e-11 -3.50866e-12 0 0 0.952577 -0.304298 0 0
150.468 314.882 2.6475 4.9765 6.04147 600 0 1186 7 13 1.02334e-11 -4.54125e-13 0 0 0.962289 -0.272029 0 0
159.414 311.928 2.6475 4.9765 6.04147 600 0 1224 7 15 -4.91314e-12 5.89111e-13 0 0 0.938205 -0.346081 0 0
168.097 315.583 2.6475 4.9765 6.04147 600 0 1681 7 13 1.56614e-12 3.80948e-13 0 0 0.761297 -0.648403 0 0
174.631 308.796 2.6475 4.9765 6.04147 600 0 1719 7 13 -1.90632e-13 1.98e-13 0 0 0.78079 -0.624794 0 0
329.301 189.765 2.6475 4.9765 6.04147 600 0 819 8 10 0.00027746 -7.3632e-05 0 0 0.902353 -0.430998 0 0
320.942 194.179 2.6475 4.9765 6.04147 600 0 2479 9 14 0.000275942 -7.50488e-05 0 0 0.845878 -0.533376 0 0
312.864 199.076 2.6475 4.9765 6.04147 600 0 2441 7 14 0.000178478 -0.000234128 0 0 0.864208 -0.503134 0 0
304.2 202.822 2.6475 4.9765 6.04147 600 0 2403 7 14 0.00029243 3.46306e-05 0 0 0.832401 -0.554174 0 0
296.869 208.76 2.6475 4.9765 6.04147 600 0 2365 7 14 0.00010656 -0.000192721 0 0 0.841153 -0.540797 0 0
288.356 212.814 2.6475 4.9765 6.04147 600 0 2327 7 14 0.000193186 -6.92727e-06 0 0 0.809325 -0.587361 0 0
282.222 219.97 2.6475 4.9765 6.04147 600 0 2289 7 14 4.77563e-05 -0.000130743 0 0 0.812703 -0.582678 0 0
272.926 221.512 2.6475 4.9765 6.04147 600 0 2251 7 14 6.97824e-05 5.3379e-06 0 0 0.718353 -0.695679 0 0
270.388 230.585 2.6475 4.9765 6.04147 600 0 2213 7 14 -2.53775e-06 -1.47278e-05 0 0 0.839611 -0.543188 0 0
261.63 234.055 2.6475 4.9765 6.04147 600 0 2175 7 14 3.14302e-06 -7.50596e-07 0 0 0.820156 -0.572141 0 0
253.238 238.337 2.6475 4.9765 6.04147 600 0 2137 7 14 3.21976e-06 1.59156e-07 0 0 0.656457 -0.754364 0 0
249.223 246.86 2.6475 4.9765 6.04147 600 0 2099 7 14 2.3038e-07 -1.9305e-06 0 0 0.627342 -0.778744 0 0
240.789 251.058 2.6475 4.9765 6.04147 600 0 2061 7 14 3.98255e-07 7.59011e-07 0 0 0.64787 -0.761751 0 0
237.236 259.784 2.6475 4.9765 6.04147 600 0 2023 7 14 1.06184e-06 -1.59769e-06 0 0 0.631864 -0.775079 0 0
229.493 265.149 2.6475 4.9765 6.04147 600 0 1985 7 14 -1.66461e-06 1.62324e-06 0 0 0.654354 -0.756189 0 0
223.228 272.186 2.6475 4.9765 6.04147 600 0 1947 7 14 2.40944e-06 -4.02768e-06 0 0 0.629341 -0.777129 0 0
219.218 280.711 2.6475 4.9765 6.04147 600 0 1909 7 14 -3.07874e-06 3.45374e-06 0 0 0.667873 -0.744275 0 0
210.384 283.982 2.6475 4.9765 6.04147 600 0 1871 7 14 3.85928e-06 -2.54456e-05 0 0 0.632182 -0.77482 0 0
209.589 293.371 2.6475 4.9765 6.04147 600 0 1833 7 14 -1.73352e-05 3.47565e-05 0 0 0.702425 -0.711758 0 0
201.708 298.522 2.6475 4.9765 6.04147 600 0 1795 7 14 9.97953e-05 -0.000119685 0 0 0.629701 -0.776838 0 0
195.958 305.996 2.6475 4.9765 6.04147 600 0 1757 7 14 6.78954e-05 0.000295493 0 0 0.640617 -0.76786 0 0
193.194 314.986 2.6475 4.9765 6.04147 600 0 1719 7 14 0.000315372 -8.7287e-05 0 0 0.824839 -0.565368 0 0
202.363 312.885 2.6475 4.9765 6.04147 600 0 1376 7 15 -0.000299372 -9.62278e-05 0 0 0.969235 -0.246138 0 0
211.812 313.017 2.6475 4.9765 6.04147 600 0 1414 7 13 0.000395051 5.20102e-05 0 0 0.940749 -0.339105 0 0
221.183 313.918 2.6475 4.9765 6.04147 600 0 1452 7 13 -0.000157221 -5.70292e-05 0 0 0.963403 -0.268057 0 0
230.627 313.855 2.6475 4.9765 6.04147 600 0 1490 7 13 0.000220905 -1.56107e-05 0 0 0.940745 -0.339114 0 0
240.047 313.579 2.6475 4.9765 6.04147 600 0 1528 7 13 -9.57734e-05 -1.19946e-06 0 0 0.961899 -0.273404 0 0
249.482 313.232 2.6475 4.9765 6.04147 600 0 1566 7 13 0.000121077 -3.52009e-07 0 0 0.927089 -0.374842 0 0
258.908 312.944 2.6475 4.9765 6.04147 600 0 1604 7 13 -5.75298e-05 1.08295e-05 0 0 0.961773 -0.273848 0 0
268.346 312.8 2.6475 4.9765 6.04147 600 0 1642 7 13 7.76769e-05 1.1931e-05 0 0 0.96678 -0.255611 0 0
277.78 312.84 2.6475 4.9765 6.04147 600 0 1680 7 13 -2.37559e-05 1.42409e-05 0 0 0.911229 -0.411901 0 0
287.216 313.088 2.6475 4.9765 6.04147 600 0 1718 7 13 6.0566e-05 1.7825e-05 0 0 0.891926 -0.45218 0 0
296.64 313.552 2.6475 4.9765 6.04147 600 0 1756 7 13 2.43825e-06 1.64492e-05 0 0 0.97141 -0.237406 0 0
306.055 314.231 2.6475 4.9765 6.04147 600 0 1794 7 13 4.9791e-05 2.04589e-05 0 0 0.940582 -0.339568 0 0
315.451 315.117 2.6475 4.9765 6.04147 600 0 1832 7 13 1.6487e-05 1.77176e-05 0 0 0.925207 -0.379463 0 0
324.83 316.196 2.6475 4.9765 6.04147 600 0 1870 7 13 3.95365e-05 1.99075e-05 0 0 0.986588 -0.163229 0 0
334.186 317.448 2.6475 4.9765 6.04147 600 0 1908 7 13 2.14223e-05 1.57649e-05 0 0 0.947764 -0.318972 0 0
343.524 318.842 2.6475 4.9765 6.04147 600 0 1946 7 13 3.20099e-05 1.49733e-05 0 0 0.942519 -0.334152 0 0
352.846 320.341 2.6475 4.9765 6.04147 600 0 1984 7 13 2.35201e-05 1.05167e-05 0 0 0.997433 -0.0715998 0 0
362.157 321.91 2.6475 4.9765 6.04147 600 0 2022 7 13 2.92031e-05 9.08783e-06 0 0 0.976839 -0.213977 0 0
371.463 323.519 2.6475 4.9765 6.04147 600 0 2060 7 13 2.62187e-05 7.06724e-06 0 0 0.976752 -0.214371 0 0
380.764 325.152 2.6475 4.9765 6.04147 600 0 2098 7 13 3.01972e-05 8.01723e-06 0 0 0.959314 -0.282342 0 0
390.062 326.811 2.6475 4.9765 6.04147 600 0 2136 7 13 2.98168e-05 1.02039e-05 0 0 0.999433 0.0336597 0 0
399.353 328.513 2.6475 4.9765 6.04147 600 0 2174 7 13 3.3057e-05 1.43927e-05 0 0 0.997935 -0.0642321 0 0
408.631 330.288 2.6475 4.9765 6.04147 600 0 2212 7 13 3.38761e-05 1.91701e-05 0 0 0.999288 0.0377287 0 0
417.89 332.167 2.6475 4.9765 6.04147 600 0 2250 7 13 3.6572e-05 2.52935e-05 0 0 0.999447 -0.033249 0 0
427.119 334.189 2.6475 4.9765 6.04147 600 0 2288 7 13 3.73583e-05 3.3319e-05 0 0 0.998526 0.0542701 0 0
436.306 336.402 2.6475 4.9765 6.04147 600 0 2326 7 13 3.91005e-05 4.10785e-05 0 0 0.995701 -0.0926304 0 0
445.436 338.844 2.6475 4.9765 6.04147 600 0 2364 7 13 4.37795e-05 3.44719e-05 0 0 0.985385 -0.170341 0 0
454.524 341.441 2.6475 4.9765 6.04147 600 0 2402 7 13 5.73248e-05 -2.72134e-06 0 0 0.994795 0.101898 0 0
463.645 343.925 2.6475 4.9765 6.04147 600 0 2440 7 13 -1.34427e-05 0.000269579 0 0 0.999642 0.0267669 0 0
472.156 348.044 2.6475 4.9765 6.04147 600 0 2478 9 13 8.06371e-05 7.82208e-05 0 0 0.988845 0.148949 0 0
478.864 354.721 2.6475 4.9765 6.04147 0.1 0 1504 8 10 0.000144703 1.80395e-05 0 0 0.988845 0.148949 0 0
470.317 358.753 2.6475 4.9765 6.04147 600 0 2478 9 14 0.000176284 9.43361e-05 0 0 0.862101 0.506737 0 0
460.89 359.239 2.6475 4.9765 6.04147 600 0 2440 7 14 0.000165231 -0.000288737 0 0 0.879645 0.475632 0 0
452.077 355.863 2.6475 4.9765 6.04147 600 0 2402 7 14 1.59652e-05 5.54759e-05 0 0 0.812188 0.583396 0 0
443.054 353.102 2.6475 4.9765 6.04147 600 0 2364 7 14 6.24005e-05 -1.06091e-05 0 0 0.856142 0.516741 0 0
434.17 349.922 2.6475 4.9765 6.04147 600 0 2326 7 14 -1.33986e-05 9.65243e-05 0 0 0.921193 0.389105 0 0
424.89 348.227 2.6475 4.9765 6.04147 600 0 2288 7 14 5.72163e-05 -2.56025e-05 0 0 0.948512 0.316741 0 0
415.739 345.926 2.6475 4.9765 6.04147 600 0 2250 7 14 -2.17361e-05 2.20168e-05 0 0 0.87289 0.487916 0 0
406.493 344.069 2.6475 4.9765 6.04147 600 0 2212 7 14 5.69345e-05 3.11307e-05 0 0 0.924241 0.381811 0 0
397.175 342.578 2.6475 4.9765 6.04147 600 0 2174 7 14 -4.11955e-05 -1.10404e-05 0 0 0.871592 0.490232 0 0
387.877 341.011 2.6475 4.9765 6.04147 600 0 2136 7 14 7.92799e-05 1.18851e-05 0 0 0.910973 0.412466 0 0
378.577 339.414 2.6475 4.9765 6.04147 600 0 2098 7 14 -6.8494e-05 -1.17979e-05 0 0 0.847419 0.530925 0 0
369.286 337.818 2.6475 4.9765 6.04147 600 0 2060 7 14 0.000117687 1.61022e-05 0 0 0.93243 0.36135 0 0
360.001 336.126 2.6475 4.9765 6.04147 600 0 2022 7 14 -9.37541e-05 -1.71112e-05 0 0 0.953731 0.300662 0 0
350.732 334.436 2.6475 4.9765 6.04147 600 0 1984 7 14 0.00019634 3.14258e-05 0 0 0.966973 0.254879 0 0
341.47 332.61 2.6475 4.9765 6.04147 600 0 1946 7 14 -0.000138003 9.31853e-06 0 0 0.922008 0.387171 0 0
332.115 331.559 2.6475 4.9765 6.04147 600 0 1908 7 14 0.000332051 4.02151e-05 0 0 0.968515 0.248956 0 0
322.704 330.782 2.6475 4.9765 6.04147 600 0 1870 7 14 -0.000230927 4.67541e-05 0 0 0.89653 0.442984 0 0
313.366 331.872 2.6475 4.9765 6.04147 600 0 1832 7 15 0.000508579 -0.000198672 0 0 0.951739 0.306909 0 0
304.416 334.888 2.6475 4.9765 6.04147 600 0 2175 7 13 -0.000202263 1.41289e-05 0 0 0.917719 0.397231 0 0
311.507 341.132 2.6475 4.9765 6.04147 600 0 2213 7 13 0.000394099 0.000529687 0 0 0.803204 0.595704 0 0
318.044 347.888 2.6475 4.9765 6.04147 600 0 2251 7 13 -0.000196712 -0.000166828 0 0 0.7734 0.633919 0 0
323.969 355.248 2.6475 4.9765 6.04147 600 0 2289 7 13 0.000273879 0.000223936 0 0 0.814281 0.58047 0 0
330.684 361.853 2.6475 4.9765 6.04147 600 0 2327 7 13 -7.37992e-05 -7.3725e-05 0 0 0.776992 0.62951 0 0
337.428 368.463 2.6475 4.9765 6.04147 600 0 2365 7 13 0.000120562 0.000107857 0 0 0.810553 0.585665 0 0
344.234 374.99 2.6475 4.9765 6.04147 600 0 2403 7 13 7.97732e-06 -7.11871e-05 0 0 0.859539 0.511071 0 0
351.585 380.912 2.6475 4.9765 6.04147 600 0 2441 7 13 -0.000192399 0.000340357 0 0 0.804097 0.594498 0 0
355.236 389.615 2.6475 4.9765 6.04147 600 0 2479 9 13 0.000196997 0.000107151 0 0 0.785673 0.618642 0 0
355.963 399.037 2.6475 4.9765 6.04147 600 0 363 8 10 0.000126067 0.000141288 0 0 0.785673 0.618642 0 0
346.842 396.518 2.6475 4.9765 6.04147 600 0 2479 9 14 0.000137324 5.01139e-05 0 0 0.725265 0.68847 0 0
339.097 391.101 2.6475 4.9765 6.04147 600 0 2441 7 14 0.000273445 -0.000130896 0 0 0.583553 0.812075 0 0
332.767 384.085 2.6475 4.9765 6.04147 600 0 2403 7 14 -1.64226e-05 0.000118685 0 0 0.622261 0.78281 0 0
325.884 377.615 2.6475 4.9765 6.04147 600 0 2365 7 14 5.9727e-05 4.49888e-05 0 0 0.582805 0.812612 0 0
319.051 371.094 2.6475 4.9765 6.04147 600 0 2327 7 14 4.39435e-05 5.02753e-05 0 0 0.553738 0.832691 0 0
312.178 364.618 2.6475 4.9765 6.04147 600 0 2289 7 14 3.95707e-05 6.1136e-05 0 0 0.596473 0.802633 0 0
305.179 358.279 2.6475 4.9765 6.04147 600 0 2251 7 14 2.48702e-05 6.50008e-05 0 0 0.661198 0.750212 0 0
297.943 352.217 2.6475 4.9765 6.04147 600 0 2213 7 14 1.88187e-05 7.8584e-05 0 0 0.673477 0.739208 0 0
290.336 346.629 2.6475 4.9765 6.04147 600 0 2175 7 14 4.56616e-06 8.35382e-05 0 0 0.780445 0.625224 0 0
282.25 341.763 2.6475 4.9765 6.04147 600 0 2137 7 14 6.60228e-06 8.86488e-05 0 0 0.813522 0.581534 0 0
273.676 337.821 2.6475 4.9765 6.04147 600 0 1680 7 15 1.5256e-06 7.9513e-05 0 0 0.990066 0.140603 0 0
264.709 334.885 2.6475 4.9765 6.04147 600 0 1642 7 14 1.02261e-05 6.93048e-05 0 0 0.99819 0.0601328 0 0
255.483 332.905 2.6475 4.9765 6.04147 600 0 1604 7 14 4.97029e-06 5.28886e-05 0 0 0.980293 0.19755 0 0
246.122 331.732 2.6475 4.9765 6.04147 600 0 1566 7 14 1.31118e-05 3.99045e-05 0 0 0.969094 0.246691 0 0
236.703 331.188 2.6475 4.9765 6.04147 600 0 1528 7 14 4.02183e-06 2.79057e-05 0 0 0.990409 0.138164 0 0
227.27 331.107 2.6475 4.9765 6.04147 600 0 1490 7 14 1.31656e-05 1.92894e-05 0 0 0.977708 0.209968 0 0
217.838 331.356 2.6475 4.9765 6.04147 600 0 1452 7 14 1.91064e-07 1.36089e-05 0 0 0.993034 0.117825 0 0
208.417 331.837 2.6475 4.9765 6.04147 600 0 1414 7 14 1.38458e-05 9.11675e-06 0 0 0.985317 0.170732 0 0
199.006 332.491 2.6475 4.9765 6.04147 600 0 1376 7 14 -5.09254e-06 8.60268e-06 0 0 0.995242 0.0974327 0 0
189.607 333.287 2.6475 4.9765 6.04147 600 0 1338 7 14 1.71126e-05 6.40858e-06 0 0 0.987849 0.15542 0 0
180.219 334.224 2.6475 4.9765 6.04147 600 0 1300 7 14 -1.21376e-05 1.03068e-05 0 0 0.999554 0.0298762 0 0
170.85 335.318 2.6475 4.9765 6.04147 600 0 1262 7 14 2.44324e-05 7.66931e-06 0 0 0.975066 0.221915 0 0
161.503 336.601 2.6475 4.9765 6.04147 600 0 1224 7 14 -2.22299e-05 1.62612e-05 0 0 0.991056 0.133444 0 0
152.193 338.11 2.6475 4.9765 6.04147 600 0 1186 7 14 3.75701e-05 8.24282e-06 0 0 0.997553 0.0699124 0 0
142.925 339.88 2.6475 4.9765 6.04147 600 0 1148 7 14 -3.80217e-05 2.38973e-05 0 0 0.99495 0.100372 0 0
133.719 341.924 2.6475 4.9765 6.04147 600 0 1110 7 14 5.85147e-05 1.70764e-06 0 0 0.99919 0.0402474 0 0
124.57 344.24 2.6475 4.9765 6.04147 600 0 1072 7 14 -6.42007e-05 3.25497e-05 0 0 0.999843 -0.017709 0 0
118.136 351.126 2.6475 4.9765 6.04147 600 0 1034 7 14 2.07368e-05 -1.30626e-05 0 0 0.998356 -0.0573169 0 0
115.385 342.124 2.6475 4.9765 6.04147 600 0 996 7 14 3.57889e-05 1.63071e-05 0 0 0.985995 -0.166777 0 0
108.947 349.012 2.6475 4.9765 6.04147 0.1 0 0 7 15 -1.41678e-05 9.95752e-06 0 0 4.98239e-310 1.58101e-322 0 0
100 352 2.6475 4.9765 6.04147 0.1 0 0 7 7 0.000497274 -0.0268396 0 0 4.79244e-322 4.98239e-310 0 0
100 361 2.6475 4.9765 6.04147 0.1 0 0 7 7 -0 -0 0 0 4.98239e-310 4.9973e-311 0 0
100 370 2.6475 4.9765 6.04147 0.1 0 0 7 7 -0 -0 0 0 1.58101e-322 4.98118e-310 0 0
100 379 2.6475 4.9765 6.04147 0.1 0 0 7 7 -0 -0 0 0 4.98239e-310 1.58101e-322 0 0
100 388 2.6475 4.9765 6.04147 0.1 0 0 7 7 -0 -0 0 0 3.21143e-322 4.98239e-310 0 0
100 397 2.6475 4.9765 6.04147 0.1 0 0 7 7 -0 -0 0 0 3.16177e-311 5.38563e-311 0 0
100 406 2.6475 4.9765 6.04147 0.1 0 0 7 7 -0 -0 0 0 1.58101e-322 4.98118e-310 0 0
100 415 2.6475 4.9765 6.04147 0.1 0 0 7 7 -0 -0 0 0 1.061e-311 2.71828e-311 0 0
100 424 2.6475 4.9765 6.04147 0.1 0 0 7 7 -0 -0 0 0 1.58101e-322 4.98118e-310 0 0
100 433 2.6475 4.9765 6.04147 0.1 0 0 7 7 -0 -0 0 0 1.12449e-320 0 0 0
100 442 2.6475 4.9765 6.04147 0.1 0 0 7 7 -0 -0 0 0 1.58101e-322 4.98118e-310 0 0
100 451 2.6475 4.9765 6.04147 0.1 0 0 7 7 -0 -0 0 0 1.12466e-311 4.24399e-311 0 0
100 460 2.6475 4.9765 6.04147 0.1 0 0 7 7 -0 -0 0 0 4.79244e-322 4.98239e-310 0 0
100 469 2.6475 4.9765 6.04147 0.1 0 0 7 7 -0 -0 0 0 4.98239e-310 0 0 0
100 478 2.6475 4.9765 6.04147 0.1 0 0 7 7 -0 -0 0 0 3.16202e-322 4.98118e-310 0 0
100 487 2.6475 4.9765 6.04147 0.1 0 0 7 7 -0 -0 0 0 6.53427e-310 3.15965e-311 0 0
100 496 2.6475 4.9765 6.04147 0.1 0 0 7 7 -0 -0 0 0 1.63042e-322 4.98239e-310 0 0
100 505 2.6475 4.9765 6.04147 0.1 0 0 7 7 -0 -0 0 0 4.98239e-310 6.48214e-321 0 0
100 514 2.6475 4.9765 6.04147 0.1 0 0 7 7 -0 -0 0 0 4.98239e-310 4.98239e-310 0 0
100 523 2.6475 4.9765 6.04147 0.1 0 0 7 7 -0 -0 0 0 4.98239e-310 4.98239e-310 0 0
100 532 2.6475 4.9765 6.04147 0.1 0 0 7 7 -0 -0 0 0 4.98239e-310 4.98239e-310 0 0
100 541 2.6475 4.9765 6.04147 0.1 0 0 7 7 -0 -0 0 0 4.98239e-310 4.98239e-310 0 0
100 550 2.6475 4.9765 6.04147 0.1 0 0 7 7 -0 -0 0 0 4.98239e-310 4.98239e-310 0 0
100 559 2.6475 4.9765 6.04147 0.1 0 0 7 7 -0 -0 0 0 4.98239e-310 4.98239e-310 0 0
100 568 2.6475 4.9765 6.04147 0.1 0 0 7 7 -0 -0 0 0 4.98239e-310 4.98239e-310 0 0
100 577 2.6475 4.9765 6.04147 0.1 0 0 7 7 -0 -0 0 0 4.98239e-310 4.98239e-310 0 0
100 586 2.6475 4.9765 6.04147 0.1 0 0 7 7 -0 -0 0 0 4.98239e-310 4.98239e-310 0 0
100 595 2.6475 4.9765 6.04147 0.1 0 0 7 7 -0 -0 0 0 4.98239e-310 4.98239e-310 0 0
100 604 2.6475 4.9765 6.04147 0.1 0 0 7 7 -0 -0 0 0 4.98239e-310 4.98239e-310 0 0
100 613 2.6475 4.9765 6.04147 0.1 0 0 7 7 -0 -0 0 0 4.98239e-310 4.98239e-310 0 0
100 622 2.6475 4.9765 6.04147 0.1 0 0 7 7 -0 -0 0 0 4.98239e-310 4.98239e-310 0 0
100 631 2.6475 4.9765 6.04147 0.1 0 0 7 7 -0 -0 0 0 4.98239e-310 4.98239e-310 0 0
100 640 2.6475 4.9765 6.04147 0.1 0 0 7 7 -0 -0 0 0 4.98239e-310 4.98239e-310 0 0
100 649 2.6475 4.9765 6.04147 0.1 0 0 7 7 -0 -0 0 0 4.98239e-310 4.98239e-310 0 0
100 658 2.6475 4.9765 6.04147 0.1 0 0 7 7 0.00254157 0.0276215 0 0 4.98239e-310 4.98239e-310 0 0
108.609 661.215 2.6475 4.9765 6.04147 0.1 0 0 7 15 -0.00782263 -0.00280569 0 0 4.98239e-310 4.98239e-310 0 0
118.024 664.522 2.6475 4.9765 6.04147 600 0 944 7 13 0.00984462 0.0032619 0 0 0.987461 0.157864 0 0
126.465 667.121 2.6475 4.9765 6.04147 600 0 982 7 13 -0.00923417 -0.00254879 0 0 0.996872 0.0790389 0 0
136.174 669.499 2.6475 4.9765 6.04147 600 0 1020 7 13 0.00895849 0.00187195 0 0 0.999935 0.0113821 0 0
144.932 670.986 2.6475 4.9765 6.04147 600 0 1058 7 13 -0.00892148 -0.00113259 0 0 0.998389 0.0567323 0 0
154.857 671.854 2.6475 4.9765 6.04147 600 0 1096 7 15 0.0087607 0.000422609 0 0 0.99984 -0.0178795 0 0
163.761 671.89 2.6475 4.9765 6.04147 600 0 1550 7 13 -0.00861733 0.000321026 0 0 0.99368 -0.11225 0 0
173.666 671.146 2.6475 4.9765 6.04147 600 0 1588 7 13 0.00816605 -0.000879502 0 0 0.923339 -0.383987 0 0
182.525 669.839 2.6475 4.9765 6.04147 600 0 1626 7 13 -0.00730684 0.00130054 0 0 0.903888 -0.427769 0 0
192.163 667.826 2.6475 4.9765 6.04147 600 0 1664 7 13 0.0064097 -0.00148084 0 0 0.8392 -0.543822 0 0
200.946 665.542 2.6475 4.9765 6.04147 600 0 1702 7 13 -0.00485593 0.00134114 0 0 0.778529 -0.627609 0 0
210.244 662.77 2.6475 4.9765 6.04147 600 0 1740 7 13 0.00392001 -0.00121896 0 0 0.829954 -0.557832 0 0
219.021 659.915 2.6475 4.9765 6.04147 600 0 1778 7 13 -0.00240606 0.000791653 0 0 0.781929 -0.623367 0 0
228.077 656.822 2.6475 4.9765 6.04147 600 0 1816 7 13 0.00186961 -0.000648519 0 0 0.840329 -0.542076 0 0
236.9 653.741 2.6475 4.9765 6.04147 600 0 1854 7 13 -0.000982261 0.000342726 0 0 0.798002 -0.602654 0 0
245.864 650.605 2.6475 4.9765 6.04147 600 0 1892 7 13 0.00077475 -0.000266722 0 0 0.855108 -0.51845 0 0
254.75 647.531 2.6475 4.9765 6.04147 600 0 1930 7 13 -0.000415267 0.000148065 0 0 0.818662 -0.574276 0 0
263.716 644.488 2.6475 4.9765 6.04147 600 0 1968 7 13 0.000362215 -0.000115467 0 0 0.829581 -0.558387 0 0
272.662 641.516 2.6475 4.9765 6.04147 600 0 2006 7 13 -0.000170871 6.25398e-05 0 0 0.813724 -0.581251 0 0
281.656 638.586 2.6475 4.9765 6.04147 600 0 2044 7 13 0.000259781 -7.83753e-05 0 0 0.893334 -0.449394 0 0
290.646 635.707 2.6475 4.9765 6.04147 600 0 2082 7 13 -7.75675e-06 7.58341e-06 0 0 0.861433 -0.507872 0 0
299.665 632.86 2.6475 4.9765 6.04147 600 0 2120 7 13 0.000227146 -6.63369e-05 0 0 0.906437 -0.422341 0 0
308.686 630.048 2.6475 4.9765 6.04147 600 0 2158 7 13 6.45786e-05 -1.41343e-05 0 0 0.872823 -0.488037 0 0
317.728 627.268 2.6475 4.9765 6.04147 600 0 2196 7 13 0.00012937 -3.34611e-05 0 0 0.875647 -0.482952 0 0
326.775 624.523 2.6475 4.9765 6.04147 600 0 2234 7 13 -1.59821e-05 1.46977e-05 0 0 0.83069 -0.556735 0 0
335.841 621.831 2.6475 4.9765 6.04147 600 0 2272 7 13 -7.40709e-05 3.44747e-05 0 0 0.890003 -0.455955 0 0
344.923 619.212 2.6475 4.9765 6.04147 600 0 2310 7 13 -0.000217641 8.84951e-05 0 0 0.842408 -0.53884 0 0
354.05 616.766 2.6475 4.9765 6.04147 600 0 2348 7 13 -0.000326572 5.5068e-05 0 0 0.8804 -0.474232 0 0
363.086 614.033 2.6475 4.9765 6.04147 600 0 2386 7 13 -0.000382412 0.000221633 0 0 0.847029 -0.531547 0 0
372.466 613.045 2.6475 4.9765 6.04147 600 0 2424 7 13 -0.000459647 -9.24126e-05 0 0 0.93118 -0.364559 0 0
376.615 604.584 2.6475 4.9765 6.04147 600 0 2462 7 13 0.0005529 0.000414698 0 0 0.905243 -0.424895 0 0
385.299 608.278 2.6475 4.9765 6.04147 600 0 2500 9 13 0.000738268 -2.03878e-05 0 0 0.901486 -0.432809 0 0
394.604 609.956 2.6475 4.9765 6.04147 600 0 950 8 10 0.000759778 -0.000147786 0 0 0.903061 -0.429512 0 0
390.077 618.246 2.6475 4.9765 6.04147 600 0 2500 9 14 0.000238663 -0.000430535 0 0 0.992764 -0.120079 0 0
385.642 626.571 2.6475 4.9765 6.04147 600 0 2462 7 14 0.000120774 -0.00049293 0 0 0.991095 -0.13316 0 0
376.856 623.162 2.6475 4.9765 6.04147 600 0 2424 7 14 -0.000141045 0.000197738 0 0 0.995881 -0.090669 0 0
368.726 627.934 2.6475 4.9765 6.04147 600 0 2386 7 14 -0.000267531 -3.94043e-05 0 0 0.993253 -0.115967 0 0
359.503 629.912 2.6475 4.9765 6.04147 600 0 2348 7 14 -0.000192897 8.70929e-05 0 0 0.96961 -0.244657 0 0
350.41 632.437 2.6475 4.9765 6.04147 600 0 2310 7 14 -0.000167491 6.70756e-05 0 0 0.997557 -0.0698581 0 0
341.37 635.157 2.6475 4.9765 6.04147 600 0 2272 7 14 -0.00010139 2.33839e-05 0 0 0.978251 -0.207425 0 0
332.308 637.819 2.6475 4.9765 6.04147 600 0 2234 7 14 -6.63032e-05 3.2404e-05 0 0 0.995987 -0.0894986 0 0
323.277 640.582 2.6475 4.9765 6.04147 600 0 2196 7 14 8.55733e-06 4.7721e-06 0 0 0.979446 -0.201707 0 0
314.262 643.404 2.6475 4.9765 6.04147 600 0 2158 7 14 1.21204e-05 -7.92287e-06 0 0 0.974726 -0.223402 0 0
305.238 646.192 2.6475 4.9765 6.04147 600 0 2120 7 14 7.42399e-05 -3.20429e-05 0 0 0.990539 -0.13723 0 0
296.19 648.903 2.6475 4.9765 6.04147 600 0 2082 7 14 4.95196e-05 -1.34301e-05 0 0 0.985336 -0.170625 0 0
287.149 651.626 2.6475 4.9765 6.04147 600 0 2044 7 14 0.000100949 -2.63985e-05 0 0 0.985416 -0.170161 0 0
278.12 654.389 2.6475 4.9765 6.04147 600 0 2006 7 14 4.92645e-05 -7.31213e-06 0 0 0.944176 -0.329442 0 0
269.121 657.235 2.6475 4.9765 6.04147 600 0 1968 7 14 9.46238e-05 -2.38862e-05 0 0 0.93504 -0.354542 0 0
260.145 660.156 2.6475 4.9765 6.04147 600 0 1930 7 14 4.31651e-05 4.26728e-06 0 0 0.975222 -0.221229 0 0
251.253 663.311 2.6475 4.9765 6.04147 600 0 1892 7 14 8.64216e-05 -1.9648e-05 0 0 0.95563 -0.294571 0 0
242.419 666.628 2.6475 4.9765 6.04147 600 0 1854 7 14 4.89175e-05 -1.49794e-06 0 0 0.967309 -0.253599 0 0
233.693 670.207 2.6475 4.9765 6.04147 600 0 1816 7 14 8.88388e-05 -2.59744e-05 0 0 0.936787 -0.349901 0 0
225.049 673.98 2.6475 4.9765 6.04147 600 0 1778 7 14 6.97209e-05 -1.70982e-05 0 0 0.954582 -0.29795 0 0
216.539 678.039 2.6475 4.9765 6.04147 600 0 1740 7 14 8.95974e-05 -5.79232e-05 0 0 0.917446 -0.397861 0 0
207.828 681.644 2.6475 4.9765 6.04147 600 0 1702 7 14 0.000109524 9.02138e-06 0 0 0.934151 -0.356879 0 0
200.597 687.687 2.6475 4.9765 6.04147 600 0 1664 7 14 4.70704e-05 -9.41471e-05 0 0 0.879989 -0.474994 0 0
191.297 689.204 2.6475 4.9765 6.04147 600 0 1626 7 14 5.9715e-05 -5.40668e-06 0 0 0.923553 -0.383471 0 0
182.584 692.787 2.6475 4.9765 6.04147 600 0 1588 7 14 8.59293e-05 4.06046e-05 0 0 0.93818 -0.346149 0 0
190.046 698.541 2.6475 4.9765 6.04147 600 0 1248 7 15 0.000116884 -2.22127e-07 0 0 0.996933 -0.0782652 0 0
199.154 700.966 2.6475 4.9765 6.04147 600 0 1286 7 13 9.64701e-05 8.23098e-05 0 0 0.999926 -0.0121307 0 0
207.688 704.974 2.6475 4.9765 6.04147 600 0 1324 7 13 0.00013163 8.92759e-06 0 0 0.998111 -0.0614381 0 0
216.615 708.015 2.6475 4.9765 6.04147 600 0 1362 7 13 0.000130236 1.29717e-05 0 0 0.994248 0.107101 0 0
225.694 710.58 2.6475 4.9765 6.04147 600 0 1400 7 13 0.000127307 2.61382e-05 0 0 0.999142 0.0414105 0 0
234.81 713.021 2.6475 4.9765 6.04147 600 0 1438 7 13 0.000125595 3.15645e-05 0 0 0.999788 0.0205936 0 0
243.935 715.44 2.6475 4.9765 6.04147 600 0 1476 7 13 0.00012489 3.72186e-05 0 0 0.994028 -0.109128 0 0
253.053 717.899 2.6475 4.9765 6.04147 600 0 1514 7 13 0.000123636 4.28048e-05 0 0 0.988158 -0.153438 0 0
262.153 720.435 2.6475 4.9765 6.04147 600 0 1552 7 13 0.000122837 4.9809e-05 0 0 0.988906 0.148546 0 0
271.224 723.085 2.6475 4.9765 6.04147 600 0 1590 7 13 0.000122716 5.42778e-05 0 0 0.99698 -0.0776565 0 0
280.263 725.855 2.6475 4.9765 6.04147 600 0 1628 7 13 0.00012421 5.57664e-05 0 0 0.993629 -0.112699 0 0
289.272 728.728 2.6475 4.9765 6.04147 600 0 1666 7 13 0.000126859 5.48663e-05 0 0 0.976894 -0.213722 0 0
298.261 731.679 2.6475 4.9765 6.04147 600 0 1704 7 13 0.000130632 5.26274e-05 0 0 0.991848 -0.127425 0 0
307.237 734.679 2.6475 4.9765 6.04147 600 0 1742 7 13 0.000134353 5.22602e-05 0 0 0.981371 -0.192123 0 0
316.205 737.713 2.6475 4.9765 6.04147 600 0 1780 7 13 0.00013759 5.49588e-05 0 0 0.999164 -0.0408911 0 0
325.166 740.783 2.6475 4.9765 6.04147 600 0 1818 7 13 0.000140068 6.13204e-05 0 0 0.99485 -0.101359 0 0
334.112 743.905 2.6475 4.9765 6.04147 600 0 1856 7 13 0.000142478 6.86591e-05 0 0 0.989391 -0.14528 0 0
343.039 747.097 2.6475 4.9765 6.04147 600 0 1894 7 13 0.000145727 7.43225e-05 0 0 0.995896 -0.090507 0 0
351.943 750.364 2.6475 4.9765 6.04147 600 0 1932 7 13 0.000150919 7.41509e-05 0 0 0.984576 -0.174955 0 0
360.829 753.689 2.6475 4.9765 6.04147 600 0 1970 7 13 0.000163376 5.45938e-05 0 0 0.963016 -0.269443 0 0
369.729 756.995 2.6475 4.9765 6.04147 600 0 2008 7 15 0.000209024 -5.71729e-05 0 0 0.997904 -0.0647151 0 0
378.767 759.917 2.6475 4.9765 6.04147 600 0 2498 9 13 0.000352292 -0.000485182 0 0 0.837367 -0.546641 0 0
388.183 761.215 2.6475 4.9765 6.04147 600 0 2 8 10 0.000446232 -0.00114372 0 0 0.837367 -0.546641 0 0
396.066 766.443 2.6475 4.9765 6.04147 600 0 2498 12 14 4.72049e-07 -0.000458361 0 0 0.976651 -0.21483 0 0
404.848 769.938 2.6475 4.9765 6.04147 600 0 2160 7 15 -0.000136864 -0.000118657 0 0 0.98807 -0.154003 0 0
413.804 772.949 2.6475 4.9765 6.04147 600 0 2198 7 13 -0.000143106 -6.95188e-05 0 0 0.971909 -0.235356 0 0
422.817 775.768 2.6475 4.9765 6.04147 600 0 2236 7 13 -0.000151376 -6.58492e-05 0 0 0.977394 -0.211425 0 0
431.887 778.387 2.6475 4.9765 6.04147 600 0 2274 7 13 -0.000140559 -5.42781e-05 0 0 0.963845 -0.266464 0 0
441.003 780.823 2.6475 4.9765 6.04147 600 0 2312 7 13 -0.000153186 -4.51994e-05 0 0 0.973018 -0.230731 0 0
450.137 783.181 2.6475 4.9765 6.04147 600 0 2350 7 13 -0.000138223 -4.99674e-05 0 0 0.961438 -0.275021 0 0
459.353 785.175 2.6475 4.9765 6.04147 600 0 2388 7 13 -0.000155287 -9.15546e-06 0 0 0.937771 -0.347255 0 0
468.255 788.271 2.6475 4.9765 6.04147 600 0 2426 7 13 -0.000117811 -9.73145e-05 0 0 0.920133 -0.391606 0 0
476.123 784.414 2.18993 4.11641 4.27197 600 0 2464 7 13 -0.000104643 -6.73945e-05 0 0 0.964522 -0.264002 0 0
478.969 792.028 2.18993 4.11641 4.27197 600 0 2464 11 13 -0.000192906 -3.13473e-05 0 0 0.963947 -0.266095 0 0
486.57 796.367 2.6475 4.9765 6.04147 0.1 0 1556 8 10 -0.000140216 -0.000121517 0 0 0.990038 -0.140798 0 0
479.19 801.084 2.18993 4.11641 4.27197 600 0 2464 11 14 -4.31477e-05 2.91336e-05 0 0 0.982273 0.187454 0 0
472.205 804.874 2.18993 4.11641 4.99732 600 0 2464 7 14 -8.00057e-05 -4.04727e-05 0 0 0.987632 0.15679 0 0
465.431 799.563 2.6475 4.9765 6.04147 600 0 2426 7 14 -0.000147059 4.6201e-05 0 0 0.959538 0.281579 0 0
456.006 799.406 2.6475 4.9765 6.04147 600 0 2388 7 14 -0.000140136 -8.76911e-05 0 0 0.974165 0.225839 0 0
446.88 797.036 2.6475 4.9765 6.04147 600 0 2350 7 14 -0.000149777 -3.14167e-05 0 0 0.984864 0.173327 0 0
437.718 794.791 2.6475 4.9765 6.04147 600 0 2312 7 14 -0.00013448 -4.7349e-05 0 0 0.965975 0.258636 0 0
428.603 792.351 2.6475 4.9765 6.04147 600 0 2274 7 14 -0.000123249 -4.7262e-05 0 0 0.982455 0.186502 0 0
419.529 789.752 2.6475 4.9765 6.04147 600 0 2236 7 14 -0.000105858 -4.81009e-05 0 0 0.94295 0.332935 0 0
410.503 786.98 2.6475 4.9765 6.04147 600 0 2198 7 14 -8.81374e-05 -4.50453e-05 0 0 0.96748 0.252946 0 0
401.524 784.054 2.6475 4.9765 6.04147 600 0 2160 7 14 -6.86728e-05 -4.03129e-05 0 0 0.901777 0.432201 0 0
392.59 780.985 2.6475 4.9765 6.04147 600 0 2122 7 14 -4.48966e-05 -3.30089e-05 0 0 0.935303 0.353849 0 0
383.701 777.785 2.6475 4.9765 6.04147 600 0 2084 7 14 -2.72245e-05 -2.49517e-05 0 0 0.947151 0.320788 0 0
374.852 774.476 2.6475 4.9765 6.04147 600 0 2046 7 14 2.48129e-06 -9.20998e-06 0 0 0.909718 0.415227 0 0
366.029 771.096 2.6475 4.9765 6.04147 600 0 2008 7 14 9.69715e-06 5.33222e-07 0 0 0.944804 0.327636 0 0
357.216 767.693 2.6475 4.9765 6.04147 600 0 1970 7 14 5.52148e-05 2.58461e-05 0 0 0.944773 0.327725 0 0
348.389 764.324 2.6475 4.9765 6.04147 600 0 1932 7 14 3.4976e-05 2.4546e-05 0 0 0.965697 0.259672 0 0
339.535 761.045 2.6475 4.9765 6.04147 600 0 1894 7 14 0.000130608 6.26625e-05 0 0 0.973555 0.228453 0 0
330.629 757.894 2.6475 4.9765 6.04147 600 0 1856 7 14 3.07609e-05 2.9469e-05 0 0 0.981309 0.192437 0 0
321.675 754.927 2.6475 4.9765 6.04147 600 0 1818 7 14 0.000259547 0.000105881 0 0 0.842891 0.538085 0 0
312.617 752.243 2.6475 4.9765 6.04147 600 0 1780 7 14 -7.11657e-05 5.52688e-05 0 0 0.890046 0.45587 0 0
303.346 750.597 2.6475 4.9765 6.04147 600 0 1742 7 14 0.000507026 8.16531e-05 0 0 0.911362 0.411605 0 0
294.147 748.418 2.6475 4.9765 6.04147 600 0 1704 7 15 -0.000417418 0.000335154 0 0 0.95173 0.306936 0 0
284.76 748.808 2.6475 4.9765 6.04147 600 0 2075 7 13 0.000564474 0.000240846 0 0 0.63336 0.773857 0 0
289.787 756.73 2.6475 4.9765 6.04147 600 0 2113 7 13 -0.000112607 -0.000841369 0 0 0.726094 0.687596 0 0
292.778 765.714 2.6475 4.9765 6.04147 600 0 2151 7 13 0.000291909 0.000658861 0 0 0.601801 0.798646 0 0
297.197 773.996 2.6475 4.9765 6.04147 600 0 2189 7 13 -0.000228997 -0.000435405 0 0 0.615572 0.788081 0 0
301.36 782.481 2.6475 4.9765 6.04147 600 0 2227 7 13 0.000223098 0.00034132 0 0 0.684127 0.729362 0 0
306.746 790.189 2.6475 4.9765 6.04147 600 0 2265 7 13 -0.000174615 -0.000251591 0 0 0.741925 0.670483 0 0
312.513 797.663 2.6475 4.9765 6.04147 600 0 2303 7 13 0.000131969 0.000188471 0 0 0.771678 0.636013 0 0
317.94 805.353 2.6475 4.9765 6.04147 600 0 2341 7 13 -0.000102556 -0.000145144 0 0 0.661289 0.750131 0 0
323.369 813.067 2.6475 4.9765 6.04147 600 0 2379 7 13 4.01532e-05 0.000105974 0 0 0.734317 0.678807 0 0
327.553 821.506 2.6475 4.9765 6.04147 600 0 2417 7 13 5.11743e-05 -8.82168e-05 0 0 0.77788 0.628413 0 0
335.701 826.248 2.6475 4.9765 6.04147 600 0 2455 7 13 -0.000193504 0.000485628 0 0 0.797262 0.603634 0 0
334.714 835.63 2.6475 4.9765 6.04147 600 0 2493 9 13 0.000392854 0.000521213 0 0 0.813738 0.581232 0 0
334.281 845.073 2.6475 4.9765 6.04147 600 0 463 8 10 0.000334421 0.000533559 0 0 0.594119 0.804377 0 0
325.536 841.456 2.6475 4.9765 6.04147 600 0 2493 9 14 0.00039093 0.000378024 0 0 0.572694 0.819769 0 0
317.65 836.26 2.6475 4.9765 6.04147 600 0 2455 7 14 0.000737001 -0.000131751 0 0 0.562753 0.826625 0 0
316.611 826.881 2.6475 4.9765 6.04147 600 0 2417 7 14 -0.000633103 2.41855e-05 0 0 0.439701 0.898144 0 0
309.632 820.521 2.6475 4.9765 6.04147 600 0 2379 7 14 -3.94934e-05 -0.000586675 0 0 0.505054 0.863088 0 0
304.716 812.446 2.6475 4.9765 6.04147 600 0 2341 7 14 -0.000336901 -0.000342669 0 0 0.468757 0.883327 0 0
299.348 804.651 2.6475 4.9765 6.04147 600 0 2303 7 14 -0.00018425 -0.00035495 0 0 0.466365 0.884592 0 0
294.14 796.736 2.6475 4.9765 6.04147 600 0 2265 7 14 -0.000156544 -0.000261451 0 0 0.351028 0.936365 0 0
288.968 788.788 2.6475 4.9765 6.04147 600 0 2227 7 14 -0.000101295 -0.0001759 0 0 0.372928 0.92786 0 0
283.824 780.815 2.6475 4.9765 6.04147 600 0 2189 7 14 -7.4751e-05 -6.97393e-05 0 0 0.340754 0.940152 0 0
278.608 772.886 2.6475 4.9765 6.04147 600 0 2151 7 14 -6.87191e-05 4.25968e-05 0 0 0.434505 0.90067 0 0
273.174 765.104 2.6475 4.9765 6.04147 600 0 2113 7 14 -7.50388e-05 0.000154213 0 0 0.348438 0.937332 0 0
267.336 757.622 2.6475 4.9765 6.04147 600 0 2075 7 14 -7.56361e-05 0.000245279 0 0 0.704945 0.709262 0 0
260.934 750.621 2.6475 4.9765 6.04147 600 0 2037 7 14 -5.20406e-05 0.000309999 0 0 0.751654 0.659558 0 0
253.877 744.288 2.6475 4.9765 6.04147 600 0 1552 7 15 -1.00017e-05 0.000320271 0 0 0.951159 0.308701 0 0
246.195 738.739 2.6475 4.9765 6.04147 600 0 1514 7 14 6.61062e-05 0.000305208 0 0 0.867573 0.497309 0 0
238.001 733.986 2.6475 4.9765 6.04147 600 0 1476 7 14 9.63614e-05 0.000241355 0 0 0.901232 0.433336 0 0
229.442 729.946 2.6475 4.9765 6.04147 600 0 1438 7 14 0.000194723 0.000211312 0 0 0.930463 0.366387 0 0
220.634 726.483 2.6475 4.9765 6.04147 600 0 1400 7 14 0.000128927 0.000129343 0 0 0.851466 0.52441 0 0
211.677 723.468 2.6475 4.9765 6.04147 600 0 1362 7 14 0.000293867 0.000144002 0 0 0.891697 0.452633 0 0
202.607 720.788 2.6475 4.9765 6.04147 600 0 1324 7 14 5.34844e-05 4.91146e-05 0 0 0.81824 0.574877 0 0
193.484 718.384 2.6475 4.9765 6.04147 600 0 1286 7 14 0.000378086 0.000118064 0 0 0.864942 0.501871 0 0
184.281 716.215 2.6475 4.9765 6.04147 600 0 1248 7 14 -0.000109788 -4.51923e-06 0 0 0.908435 0.418025 0 0
175.059 714.295 2.6475 4.9765 6.04147 600 0 1210 7 14 0.000440043 0.000101817 0 0 0.942986 0.332832 0 0
165.749 712.64 2.6475 4.9765 6.04147 600 0 1172 7 14 -0.000294529 -3.02992e-05 0 0 0.899418 0.43709 0 0
156.435 711.31 2.6475 4.9765 6.04147 600 0 1134 7 14 0.000458787 7.24731e-05 0 0 0.925093 0.379741 0 0
147.026 710.351 2.6475 4.9765 6.04147 600 0 1096 7 14 -0.000433064 -1.35978e-05 0 0 0.941388 0.337327 0 0
137.636 709.868 2.6475 4.9765 6.04147 600 0 1058 7 14 0.000465107 2.79274e-05 0 0 0.943738 0.330695 0 0
128.178 709.657 2.6475 4.9765 6.04147 600 0 1020 7 14 -0.000537732 6.57651e-05 0 0 0.97557 0.219688 0 0
118.822 710.527 2.6475 4.9765 6.04147 600 0 982 7 14 0.000579856 9.85712e-05 0 0 0.975328 0.220762 0 0
113.558 702.691 2.6475 4.9765 6.04147 600 0 944 7 14 -5.08916e-05 -0.000246246 0 0 0.999846 0.0175505 0 0
109.381 711.153 2.6475 4.9765 6.04147 0.1 0 0 7 15 -0.000418097 0.0001364 0 0 4.98239e-310 4.98239e-310 0 0
100 712 2.6475 4.9765 6.04147 0.1 0 0 7 7 0.000566177 -0.0267249 0 0 4.98239e-310 4.98239e-310 0 0
100 721 2.6475 4.9765 6.04147 0.1 0 0 7 7 -0 -0 0 0 1.16896e-320 0 0 0
100 730 2.6475 4.9765 6.04147 0.1 0 0 7 7 -0 -0 0 0 3.81959e-312 3.22543e-311 0 0
100 739 2.6475 4.9765 6.04147 0.1 0 0 7 7 -0 -0 0 0 6.88233e-321 4.98239e-310 0 0
100 748 2.6475 4.9765 6.04147 0.1 0 0 7 7 -0 -0 0 0 0 4.98239e-310 0 0
100 757 2.6475 4.9765 6.04147 0.1 0 0 7 7 -0 -0 0 0 1.17094e-320 0 0 0
100 766 2.6475 4.9765 6.04147 0.1 0 0 7 7 -0 -0 0 0 4.98239e-310 5.03125e-311 0 0
100 775 2.6475 4.9765 6.04147 0.1 0 0 7 7 -0 -0 0 0 3.21143e-322 4.98239e-310 0 0
100 784 2.6475 4.9765 6.04147 0.1 0 0 7 7 -0 -0 0 0 2.53456e-321 3.16202e-322 0 0
100 793 2.6475 4.9765 6.04147 0.1 0 0 7 7 -0 -0 0 0 5.32833e-311 0 0 0
100 802 2.6475 4.9765 6.04147 0.1 0 0 7 7 -0 0.0266735 0 0 4.98239e-310 5.05459e-311 0 0
