591.797 455.988 5.295 9.953 12.0829 0.1 0 75 3 1 -3.38482e-07 -8.0222e-08 0 0 1.17884e-320 0 0 0
599.024 416.137 5.295 9.953 12.0829 0.1 0 161 3 1 1.25758e-05 -1.76683e-05 0 0 6.95255e-310 4.98239e-310 0 0
596.555 436.66 5.295 9.953 12.0829 0.1 0 94 3 1 2.49178e-10 -1.01225e-09 0 0 6.95255e-310 4.98239e-310 0 0
614.726 428.319 5.295 9.953 12.0829 0.1 0 90 3 1 5.67555e-06 -7.96537e-07 0 0 6.95255e-310 4.98239e-310 0 0
624.372 445.699 5.295 9.953 12.0829 0.1 0 67 3 1 1.76276e-06 4.57587e-06 0 0 6.95255e-310 4.98239e-310 0 0
611.163 460.569 5.295 9.953 12.0829 0.1 0 52 3 1 -1.76801e-06 1.7679e-06 0 0 3.21143e-322 4.98239e-310 0 0
639.123 432.302 5.295 9.953 12.0829 0.1 0 75 3 1 -0 -0 0 0 6.95255e-310 4.98239e-310 0 0
643.105 452.366 5.295 9.953 12.0829 0.1 0 49 3 1 3.84272e-06 3.44518e-07 0 0 1.58101e-322 4.98118e-310 0 0
661.112 428.823 5.295 9.953 12.0829 0.1 0 90 3 1 -9.80579e-11 -6.87396e-11 0 0 6.95255e-310 6.53427e-310 0 0
677.411 440.249 5.295 9.953 12.0829 0.1 0 77 3 1 5.18013e-09 -5.15506e-09 0 0 6.95255e-310 4.98239e-310 0 0
662.942 453.918 5.295 9.953 12.0829 0.1 0 51 3 1 9.90839e-07 8.31529e-08 0 0 1.58101e-322 4.98118e-310 0 0
697.313 440.64 5.295 9.953 12.0829 0.1 0 110 3 1 4.38667e-10 8.61687e-12 0 0 6.95255e-310 4.98239e-310 0 0
685.204 458.968 5.295 9.953 12.0829 0.1 0 64 3 1 6.14823e-12 -6.3489e-12 0 0 0 0 0 0
587.932 475.515 5.295 9.953 12.0829 0.1 0 65 3 1 -5.20671e-10 -2.56345e-10 0 0 0 0 0 0
607.305 480.089 5.295 9.953 12.0829 0.1 0 44 3 1 -1.8501e-07 8.67178e-07 0 0 0 0 0 0
651.666 470.325 5.295 9.953 12.0829 0.1 1 2994 0 0 7.15799e-07 1.38043e-06 0 0 6.95255e-310 4.98239e-310 0 0
629.643 467.98 5.295 9.953 12.0829 0.1 0 38 3 1 -3.98777e-10 -7.58646e-10 0 0 0 0 0 0
671.356 473.268 5.295 9.953 12.0829 0.1 0 41 3 1 -6.14823e-12 6.3489e-12 0 0 0 0 0 0
704.067 465.381 5.295 9.953 12.0829 0.1 0 82 3 1 2.22734e-10 -4.89501e-10 0 0 6.95255e-310 6.53427e-310 0 0
695.823 483.5 5.295 9.953 12.0829 0.1 0 65 3 1 5.13093e-10 -2.10309e-10 0 0 1.58101e-322 4.98118e-310 0 0
583.535 494.929 5.295 9.953 12.0829 0.1 0 66 3 2 -3.95895e-10 1.411e-10 0 0 9.34278e-321 4.60074e-320 0 0
602.39 501.311 5.295 9.953 12.0829 0.1 0 43 3 1 -4.29613e-10 1.01101e-09 0 0 6.95255e-310 4.98239e-310 0 0
621.079 494.458 5.295 9.953 12.0829 0.1 0 34 3 1 9.4304e-09 1.12501e-08 0 0 4.98239e-310 3.30395e-311 0 0
638.904 485.6 5.295 9.953 12.0829 0.1 1 1622 0 0 -2.37091e-08 2.9331e-08 0 0 6.95255e-310 4.98239e-310 0 0
645.306 504.556 5.295 9.953 12.0829 0.1 1 648 0 0 1.32387e-10 -3.3489e-10 0 0 2.06025e-321 4.98239e-310 0 0
658.515 489.011 5.295 9.953 12.0829 0.1 1 941 0 0 5.41928e-08 1.53446e-07 0 0 6.95255e-310 4.98239e-310 0 0
664.933 507.881 5.295 9.953 12.0829 0.1 1 1140 0 0 1.50543e-10 -2.84693e-10 0 0 1.58101e-322 4.98118e-310 0 0
678.101 492.564 5.295 9.953 12.0829 0.1 1 2178 0 0 1.34219e-09 1.56366e-10 0 0 6.95255e-310 4.98239e-310 0 0
715.728 483.301 5.295 9.953 12.0829 0.1 0 91 3 1 6.59884e-10 -1.73687e-10 0 0 6.95255e-310 4.98239e-310 0 0
713.956 503.128 5.295 9.953 12.0829 0.1 0 98 3 1 7.41676e-10 -8.91536e-11 0 0 6.95255e-310 6.53427e-310 0 0
720.417 521.956 5.295 9.953 12.0829 0.1 0 105 3 1 1.79588e-10 1.95587e-10 0 0 9.40207e-321 4.94856e-320 0 0
550.272 516.801 5.295 9.953 12.0829 0.1 0 157 3 1 -6.71463e-10 4.33579e-10 0 0 6.95255e-310 4.98239e-310 0 0
566.994 506.003 5.295 9.953 12.0829 0.1 0 91 3 1 -7.44933e-10 1.07274e-11 0 0 6.95255e-310 4.98239e-310 0 0
581.359 519.784 5.295 9.953 12.0829 0.1 0 79 3 1 -6.3061e-10 6.89523e-11 0 0 6.95255e-310 4.98239e-310 0 0
601.031 522.827 5.295 9.953 12.0829 0.1 0 51 3 1 -5.6904e-10 8.58596e-10 0 0 6.95255e-310 4.98239e-310 0 0
583.939 539.522 5.295 9.953 12.0829 0.1 0 73 3 1 -1.09583e-10 5.58615e-11 0 0 0 0 0 0
618.996 514.255 5.295 9.953 12.0829 0.1 0 40 3 1 -5.43111e-10 4.68481e-10 0 0 6.95255e-310 4.98239e-310 0 0
620.551 534.1 5.295 9.953 12.0829 0.1 0 46 3 1 2.24307e-10 4.53801e-10 0 0 0 0 0 0
637.038 522.664 5.295 9.953 12.0829 0.1 1 1395 0 0 4.35384e-11 -2.50771e-10 0 0 6.95255e-310 4.98239e-310 0 0
643.955 541.329 5.295 9.953 12.0829 0.1 0 42 3 1 1.3568e-10 -5.81956e-11 0 0 0 0 0 0
656.664 525.988 5.295 9.953 12.0829 0.1 1 1829 0 0 2.23582e-10 -1.35347e-10 0 0 0 0 0 0
694.092 504.418 5.295 9.953 12.0829 0.1 0 54 3 1 5.89752e-10 1.28532e-10 0 0 6.95255e-310 4.98239e-310 0 0
680.643 520.736 5.295 9.953 12.0829 0.1 1 2647 0 0 -0 -0 0 0 6.95255e-310 4.98239e-310 0 0
700.553 523.246 5.295 9.953 12.0829 0.1 0 68 3 1 1.37613e-10 5.11187e-10 0 0 0 0 0 0
603.32 544.066 5.295 9.953 12.0829 0.1 0 64 3 1 -5.99702e-11 1.32704e-10 0 0 6.95255e-310 4.98239e-310 0 0
591.335 561.678 5.295 9.953 12.0829 0.1 0 91 3 1 -2.21463e-10 3.52882e-11 0 0 6.95255e-310 4.98239e-310 0 0
572.342 555.719 5.295 9.953 12.0829 0.1 0 121 3 1 -2.90406e-10 -9.11238e-11 0 0 0 0 0 0
611.123 563.837 5.295 9.953 12.0829 0.1 0 76 3 1 -1.02447e-10 1.87105e-10 0 0 6.95255e-310 4.98239e-310 0 0
608.825 583.61 5.295 9.953 12.0829 0.1 0 122 3 1 -3.47057e-11 2.98655e-10 0 0 4.98239e-310 4.74303e-322 0 0
627.718 552.844 5.295 9.953 12.0829 0.1 0 56 3 1 -5.1105e-12 3.39843e-11 0 0 6.95255e-310 4.98239e-310 0 0
671.989 538.691 5.295 9.953 12.0829 0.1 0 48 3 1 2.05286e-10 1.73507e-10 0 0 6.95255e-310 4.98239e-310 0 0
659.29 554.02 5.295 9.953 12.0829 0.1 0 57 3 1 2.03781e-10 1.89064e-10 0 0 6.95255e-310 4.98239e-310 0 0
656.002 576.79 5.295 9.953 12.0829 0.1 0 89 3 1 -0 -0 0 0 6.95255e-310 4.98239e-310 0 0
692.635 580.356 5.295 9.953 12.0829 0.1 0 126 3 1 3.13156e-11 -1.00206e-11 0 0 6.95255e-310 4.98239e-310 0 0
673.676 586.423 5.295 9.953 12.0829 0.1 0 110 3 1 1.4791e-10 4.66256e-10 0 0 6.95255e-310 4.98239e-310 0 0
663.93 603.779 5.295 9.953 12.0829 0.1 0 171 3 1 -2.26077e-10 4.02588e-10 0 0 0 0 0 0
705.383 542.557 5.295 9.953 12.0829 0.1 0 90 3 1 7.66333e-10 5.29975e-10 0 0 6.95255e-310 4.98239e-310 0 0
687.46 551.218 5.295 9.953 12.0829 0.1 0 74 3 1 4.19885e-10 1.5491e-10 0 0 6.95255e-310 4.98239e-310 0 0
674.761 566.546 5.295 9.953 12.0829 0.1 0 78 3 1 3.50158e-10 3.02885e-10 0 0 0 0 0 0
80 235 2.6475 4.9765 6.04147 0.1 0 0 7 7 -0 -0.0266735 0 0 0 0 0 0
80 244 2.6475 4.9765 6.04147 0.1 0 0 7 7 -0 -0 0 0 0 0 0 0
80 253 2.6475 4.9765 6.04147 0.1 0 0 7 7 -0 -0 0 0 0 0 0 0
80 262 2.6475 4.9765 6.04147 0.1 0 0 7 7 -0 -0 0 0 1.0228e-311 2.23022e-311 0 0
80 271 2.6475 4.9765 6.04147 0.1 0 0 7 7 -0 -0 0 0 3.21143e-322 4.98239e-310 0 0
80 280 2.6475 4.9765 6.04147 0.1 0 0 7 7 -0 -0 0 0 6.53427e-310 0 0 0
80 289 2.6475 4.9765 6.04147 0.1 0 0 7 7 -0 -0 0 0 1.58101e-322 4.98118e-310 0 0
80 298 2.6475 4.9765 6.04147 0.1 0 0 7 7 -0 -0 0 0 5.6148e-311 1.30829e-320 0 0
80 307 2.6475 4.9765 6.04147 0.1 0 0 7 7 -0 -0 0 0 1.58101e-322 4.98118e-310 0 0
80 316 2.6475 4.9765 6.04147 0.1 0 0 7 7 -0 -0 0 0 4.98239e-310 1.58101e-322 0 0
80 325 2.6475 4.9765 6.04147 0.1 0 0 7 7 -0 -0 0 0 1.58101e-322 4.98118e-310 0 0
80 334 2.6475 4.9765 6.04147 0.1 0 0 7 7 -0 -0 0 0 1.82067e-311 1.89721e-321 0 0
80 343 2.6475 4.9765 6.04147 0.1 0 0 7 7 -0 -0 0 0 1.63042e-322 4.98239e-310 0 0
80 352 2.6475 4.9765 6.04147 0.1 0 0 7 7 -0 -0 0 0 4.98239e-310 3.63632e-321 0 0
80 361 2.6475 4.9765 6.04147 0.1 0 0 7 7 -0 -0 0 0 0 3.10236e-311 0 0
80 370 2.6475 4.9765 6.04147 0.1 0 0 7 7 -0 -0 0 0 3.16202e-322 4.98118e-310 0 0
80 379 2.6475 4.9765 6.04147 0.1 0 0 7 7 -0 -0 0 0 4.98239e-310 1.58101e-322 0 0
80 388 2.6475 4.9765 6.04147 0.1 0 0 7 7 -0 -0 0 0 3.21143e-322 4.98239e-310 0 0
80 397 2.6475 4.9765 6.04147 0.1 0 0 7 7 -0 -0 0 0 4.98239e-310 1.58101e-322 0 0
80 406 2.6475 4.9765 6.04147 0.1 0 0 7 7 -0 -0 0 0 1.26975e-321 4.98239e-310 0 0
80 415 2.6475 4.9765 6.04147 0.1 0 0 7 7 -0 -0 0 0 6.53427e-310 0 0 0
80 424 2.6475 4.9765 6.04147 0.1 0 0 7 7 -0 -0 0 0 1.58101e-322 4.98118e-310 0 0
80 433 2.6475 4.9765 6.04147 0.1 0 0 7 7 -0 -0 0 0 4.98239e-310 1.58101e-322 0 0
80 442 2.6475 4.9765 6.04147 0.1 0 0 7 7 -0 -0 0 0 4.98239e-310 0 0 0
80 451 2.6475 4.9765 6.04147 0.1 0 0 7 7 -0 -0 0 0 0 4.98239e-310 0 0
80 460 2.6475 4.9765 6.04147 0.1 0 0 7 7 -0 -0 0 0 1.35078e-320 4.98239e-310 0 0
80 469 2.6475 4.9765 6.04147 0.1 0 0 7 7 -0 -0 0 0 5.23072e-311 5.7591e-311 0 0
80 478 2.6475 4.9765 6.04147 0.1 0 0 7 7 -0 -0 0 0 3.16202e-322 4.98118e-310 0 0
80 487 2.6475 4.9765 6.04147 0.1 0 0 7 7 -0 -0 0 0 0 6.32404e-321 0 0
80 496 2.6475 4.9765 6.04147 0.1 0 0 7 7 -0 -0 0 0 1.35325e-320 0 0 0
80 505 2.6475 4.9765 6.04147 0.1 0 0 7 7 -0 -0 0 0 0 4.98239e-310 0 0
80 514 2.6475 4.9765 6.04147 0.1 0 0 7 7 -0 -0 0 0 -nan 1.26481e-321 0 0
80 523 2.6475 4.9765 6.04147 0.1 0 0 7 7 -0 -0 0 0 4.98239e-310 0 0 0
80 532 2.6475 4.9765 6.04147 0.1 0 0 7 7 -0 -0 0 0 1.58101e-322 4.98239e-310 0 0
80 541 2.6475 4.9765 6.04147 0.1 0 0 7 7 -0 -0 0 0 4.98239e-310 4.98239e-310 0 0
80 550 2.6475 4.9765 6.04147 0.1 0 0 7 7 -0 -0 0 0 1.58101e-322 4.98118e-310 0 0
80 559 2.6475 4.9765 6.04147 0.1 0 0 7 7 -0 -0 0 0 4.98239e-310 3.19364e-320 0 0
80 568 2.6475 4.9765 6.04147 0.1 0 0 7 7 -0 -0 0 0 1.58101e-322 4.98118e-310 0 0
80 577 2.6475 4.9765 6.04147 0.1 0 0 7 7 -0 -0 0 0 4.98239e-310 3.36755e-320 0 0
80 586 2.6475 4.9765 6.04147 0.1 0 0 7 7 -0 -0 0 0 0 4.98239e-310 0 0
80 595 2.6475 4.9765 6.04147 0.1 0 0 7 7 -0 -0 0 0 -nan 1.26481e-321 0 0
80 604 2.6475 4.9765 6.04147 0.1 0 0 7 7 -0 -0 0 0 4.98239e-310 4.98239e-310 0 0
80 613 2.6475 4.9765 6.04147 0.1 0 0 7 7 -0 -0 0 0 4.98239e-310 4.98239e-310 0 0
80 622 2.6475 4.9765 6.04147 0.1 0 0 7 7 -0 -0 0 0 4.98239e-310 4.98239e-310 0 0
80 631 2.6475 4.9765 6.04147 0.1 0 0 7 7 -0 -0 0 0 4.98239e-310 4.98239e-310 0 0
80 640 2.6475 4.9765 6.04147 0.1 0 0 7 7 -0 -0 0 0 4.98239e-310 4.98239e-310 0 0
80 649 2.6475 4.9765 6.04147 0.1 0 0 7 7 -0 -0 0 0 4.98239e-310 4.98239e-310 0 0
80 658 2.6475 4.9765 6.04147 0.1 0 0 7 7 -0 -0 0 0 4.98239e-310 4.98239e-310 0 0
80 667 2.6475 4.9765 6.04147 0.1 0 0 7 7 -0 -0 0 0 4.98239e-310 4.98239e-310 0 0
80 676 2.6475 4.9765 6.04147 0.1 0 0 7 7 -0 -0 0 0 4.98239e-310 4.98239e-310 0 0
80 685 2.6475 4.9765 6.04147 0.1 0 0 7 7 -0 -0 0 0 4.98239e-310 4.98239e-310 0 0
80 694 2.6475 4.9765 6.04147 0.1 0 0 7 7 -0 -0 0 0 4.98239e-310 4.98239e-310 0 0
80 703 2.6475 4.9765 6.04147 0.1 0 0 7 7 -0 -0 0 0 4.98239e-310 4.98239e-310 0 0
80 712 2.6475 4.9765 6.04147 0.1 0 0 7 7 -0 -0 0 0 4.98239e-310 1.58101e-322 0 0
80 721 2.6475 4.9765 6.04147 0.1 0 0 7 7 -0 -0 0 0 1.63042e-322 4.98239e-310 0 0
80 730 2.6475 4.9765 6.04147 0.1 0 0 7 7 -0 -0 0 0 4.98239e-310 1.42291e-321 0 0
80 739 2.6475 4.9765 6.04147 0.1 0 0 7 7 -0 -0 0 0 4.98239e-310 6.32404e-322 0 0
80 748 2.6475 4.9765 6.04147 0.1 0 0 7 7 -0 -0 0 0 1.58101e-322 4.98118e-310 0 0
80 757 2.6475 4.9765 6.04147 0.1 0 0 7 7 -0 -0 0 0 9.48532e-312 1.15437e-311 0 0
80 766 2.6475 4.9765 6.04147 0.1 0 0 7 7 -0 -0 0 0 1.26975e-321 4.98239e-310 0 0
80 775 2.6475 4.9765 6.04147 0.1 0 0 7 7 -0 0.0266735 0 0 4.98239e-310 1.58101e-322 0 0
100 208 2.6475 4.9765 6.04147 0.1 0 0 7 7 -0 -0.0266735 0 0 0 4.98239e-310 0 0
100 217 2.6475 4.9765 6.04147 0.1 0 0 7 7 -0 -0 0 0 4.98239e-310 3.16202e-322 0 0
100 226 2.6475 4.9765 6.04147 0.1 0 0 7 7 -0 -0 0 0 1.63042e-322 4.98239e-310 0 0
100 235 2.6475 4.9765 6.04147 0.1 0 0 7 7 -0 -0 0 0 3.73471e-312 1.3411e-311 0 0
100 244 2.6475 4.9765 6.04147 0.1 0 0 7 7 -0 -0 0 0 1.58101e-322 4.98118e-310 0 0
100 253 2.6475 4.9765 6.04147 0.1 0 0 7 7 -0 -0 0 0 4.98239e-310 4.98239e-310 0 0
100 262 2.6475 4.9765 6.04147 0.1 0 0 7 7 -0 -0 0 0 3.21143e-322 4.98239e-310 0 0
100 271 2.6475 4.9765 6.04147 0.1 0 0 7 7 -0 -0 0 0 4.98239e-310 0 0 0
100 280 2.6475 4.9765 6.04147 0.1 0 0 7 7 -0 -0 0 0 1.63042e-322 4.98239e-310 0 0
100 289 2.6475 4.9765 6.04147 0.1 0 0 7 7 -0 -0 0 0 1.08858e-311 1.31139e-311 0 0
100 298 2.6475 4.9765 6.04147 0.1 0 0 7 7 -4.44089e-16 0.0266735 0 0 3.16202e-322 4.98118e-310 0 0
108.544 301.968 2.6475 4.9765 6.04147 0.1 0 0 7 15 3.747e-16 -1.28058e-15 0 0 9.84606e-312 2.29741e-321 0 0
113.294 310.104 2.6475 4.9765 6.04147 600 0 996 7 13 -1.89085e-16 2.55738e-15 0 0 0.999087 -0.0427138 0 0
117.965 301.923 2.6475 4.9765 6.04147 600 0 1034 7 13 -2.85362e-16 -1.24344e-15 0 0 0.995156 -0.0983043 0 0
122.715 310.059 2.6475 4.9765 6.04147 600 0 1072 7 13 7.12104e-16 1.93896e-16 0 0 0.991308 -0.131565 0 0
132.064 311.22 2.6475 4.9765 6.04147 600 0 1110 7 13 -7.25114e-16 -1.84748e-16 0 0 0.989949 -0.141428 0 0
141.101 313.883 2.6475 4.9765 6.04147 600 0 1148 7 13 1.21604e-15 2.33971e-16 0 0 0.952577 -0.304298 0 0
150.468 314.882 2.6475 4.9765 6.04147 600 0 1186 7 13 -1.079e-15 6.87384e-17 0 0 0.962289 -0.272029 0 0
159.414 311.928 2.6475 4.9765 6.04147 600 0 1224 7 15 5.44703e-16 -8.58688e-17 0 0 0.938205 -0.346081 0 0
168.097 315.583 2.6475 4.9765 6.04147 600 0 1681 7 13 -7.96238e-16 6.4098e-16 0 0 0.761297 -0.648403 0 0
174.631 308.796 2.6475 4.9765 6.04147 600 0 1719 7 13 6.71338e-16 -6.93889e-16 0 0 0.78079 -0.624794 0 0
435.92 145.506 2.6475 4.9765 6.04147 600 0 1319 8 10 0.000141589 -3.32656e-05 0 0 0.953636 -0.300961 0 0
426.938 148.411 2.6475 4.9765 6.04147 600 0 2973 9 14 0.000139549 -3.94386e-05 0 0 0.953636 -0.300961 0 0
417.981 151.385 2.6475 4.9765 6.04147 600 0 2935 7 14 0.000133204 -5.84366e-05 0 0 0.950914 -0.309454 0 0
408.957 154.136 2.6475 4.9765 6.04147 600 0 2897 7 14 0.000137673 -4.33124e-05 0 0 0.948173 -0.317756 0 0
399.929 156.859 2.6475 4.9765 6.04147 600 0 2859 7 14 0.000152591 6.58569e-06 0 0 0.92117 -0.38916 0 0
391.593 161.262 2.6475 4.9765 6.04147 600 0 2821 7 14 9.1056e-05 -0.000109331 0 0 0.931374 -0.364065 0 0
382.209 162.129 2.6475 4.9765 6.04147 600 0 2783 7 14 0.000104047 3.36512e-05 0 0 0.806192 -0.591654 0 0
376.45 169.586 2.6475 4.9765 6.04147 600 0 2745 7 14 6.27838e-06 -4.16326e-05 0 0 0.91843 -0.395583 0 0
367.153 171.113 2.6475 4.9765 6.04147 600 0 2707 7 14 1.37851e-05 4.50379e-06 0 0 0.922102 -0.386948 0 0
359.046 175.914 2.6475 4.9765 6.04147 600 0 2669 7 14 5.88206e-06 -8.73101e-06 0 0 0.839981 -0.542616 0 0
349.644 176.51 2.6475 4.9765 6.04147 600 0 2631 7 14 6.61416e-06 3.12048e-06 0 0 0.868721 -0.495303 0 0
343.411 183.574 2.6475 4.9765 6.04147 600 0 2593 7 14 9.66976e-07 -1.83944e-06 0 0 0.866484 -0.499206 0 0
336.111 189.53 2.6475 4.9765 6.04147 600 0 2555 7 14 8.64229e-07 -1.95989e-06 0 0 0.927597 -0.373582 0 0
326.696 189.21 2.6475 4.9765 6.04147 600 0 2517 7 14 7.73501e-07 5.36636e-07 0 0 0.909283 -0.416179 0 0
318.949 194.571 2.6475 4.9765 6.04147 600 0 2479 7 14 3.16427e-07 -1.2416e-07 0 0 0.84405 -0.536264 0 0
312.076 201.014 2.6475 4.9765 6.04147 600 0 2441 7 14 1.249e-07 -3.24523e-07 0 0 0.864208 -0.503134 0 0
302.752 202.36 2.6475 4.9765 6.04147 600 0 2403 7 14 1.80864e-07 5.99689e-08 0 0 0.832401 -0.554174 0 0
296.753 209.624 2.6475 4.9765 6.04147 600 0 2365 7 14 1.63572e-08 -7.47817e-08 0 0 0.841153 -0.540797 0 0
287.879 212.787 2.6475 4.9765 6.04147 600 0 2327 7 14 4.45387e-08 3.06993e-09 0 0 0.809325 -0.587361 0 0
282.171 220.282 2.6475 4.9765 6.04147 600 0 2289 7 14 7.70722e-09 -2.45119e-08 0 0 0.812703 -0.582678 0 0
272.821 221.436 2.6475 4.9765 6.04147 600 0 2251 7 14 1.14501e-08 9.3827e-10 0 0 0.718353 -0.695679 0 0
270.397 230.54 2.6475 4.9765 6.04147 600 0 2213 7 14 -2.02637e-09 -1.36026e-09 0 0 0.839611 -0.543188 0 0
261.652 234.045 2.6475 4.9765 6.04147 600 0 2175 7 14 4.62335e-09 -2.06976e-09 0 0 0.820156 -0.572141 0 0
253.266 238.338 2.6475 4.9765 6.04147 600 0 2137 7 14 -1.74827e-09 5.75174e-10 0 0 0.656457 -0.754364 0 0
249.22 246.846 2.6475 4.9765 6.04147 600 0 2099 7 14 1.78876e-08 -8.63596e-09 0 0 0.627342 -0.778744 0 0
240.796 251.064 2.6475 4.9765 6.04147 600 0 2061 7 14 -9.12736e-09 -1.28198e-08 0 0 0.64787 -0.761751 0 0
237.226 259.782 2.6475 4.9765 6.04147 600 0 2023 7 14 7.42562e-08 -3.59634e-08 0 0 0.631864 -0.775079 0 0
229.49 265.159 2.6475 4.9765 6.04147 600 0 1985 7 14 -1.7013e-08 -1.66005e-08 0 0 0.654354 -0.756189 0 0
223.229 272.199 2.6475 4.9765 6.04147 600 0 1947 7 14 3.83157e-08 -1.45978e-07 0 0 0.629341 -0.777129 0 0
219.193 280.711 2.6475 4.9765 6.04147 600 0 1909 7 14 1.50958e-07 1.28225e-07 0 0 0.667873 -0.744275 0 0
210.331 283.909 2.6475 4.9765 6.04147 600 0 1871 7 14 -3.03866e-07 -2.03213e-06 0 0 0.632182 -0.77482 0 0
210.546 293.328 2.6475 4.9765 6.04147 600 0 1833 7 14 4.4289e-06 -3.05513e-07 0 0 0.702425 -0.711758 0 0
202.307 297.896 2.6475 4.9765 6.04147 600 0 1795 7 14 3.61694e-08 -2.46737e-05 0 0 0.629701 -0.776838 0 0
200.801 307.196 2.6475 4.9765 6.04147 600 0 1757 7 14 0.000222983 3.03108e-05 0 0 0.640617 -0.76786 0 0
200.525 316.609 2.6475 4.9765 6.04147 600 0 1719 7 14 0.000216739 1.5756e-05 0 0 0.824839 -0.565368 0 0
208.824 312.142 2.6475 4.9765 6.04147 600 0 1376 7 15 0.000183575 2.30764e-05 0 0 0.969235 -0.246138 0 0
217.286 312.736 2.6475 4.9765 6.04147 600 0 1414 7 13 -0.0253608 -0.000952638 0 0 0.940749 -0.339105 0 0
228.167 313.138 2.6475 4.9765 6.04147 600 0 1452 7 13 0.0245905 0.000907953 0 0 0.963403 -0.268057 0 0
236.654 313.278 2.6475 4.9765 6.04147 600 0 1490 7 13 -0.000294147 -1.53261e-06 0 0 0.940745 -0.339114 0 0
246.439 313.372 2.6475 4.9765 6.04147 600 0 1528 7 13 0.00974347 8.59158e-05 0 0 0.961899 -0.273404 0 0
255.541 313.451 2.6475 4.9765 6.04147 600 0 1566 7 13 -0.0124846 -0.000124043 0 0 0.927089 -0.374842 0 0
265.455 313.581 2.6475 4.9765 6.04147 600 0 1604 7 13 0.00257002 3.04544e-05 0 0 0.961773 -0.273848 0 0
274.942 313.768 2.6475 4.9765 6.04147 600 0 1642 7 13 0.00476465 0.000111082 0 0 0.96678 -0.255611 0 0
284.227 313.989 2.6475 4.9765 6.04147 600 0 1680 7 13 -0.00177439 -4.36023e-05 0 0 0.911229 -0.411901 0 0
293.718 314.211 2.6475 4.9765 6.04147 600 0 1718 7 13 -0.0014031 -4.25303e-05 0 0 0.891926 -0.45218 0 0
303.241 314.338 2.6475 4.9765 6.04147 600 0 1756 7 13 0.000724694 -2.65653e-05 0 0 0.97141 -0.237406 0 0
312.707 314.26 2.6475 4.9765 6.04147 600 0 1794 7 13 0.000824763 -9.57486e-05 0 0 0.940582 -0.339568 0 0
322.112 313.854 2.6475 4.9765 6.04147 600 0 1832 7 13 -0.00106806 -2.61018e-05 0 0 0.925207 -0.379463 0 0
331.57 312.979 2.6475 4.9765 6.04147 600 0 1870 7 13 4.85103e-05 -9.67006e-05 0 0 0.986588 -0.163229 0 0
340.935 311.537 2.6475 4.9765 6.04147 600 0 1908 7 13 0.000507283 -0.000213866 0 0 0.947764 -0.318972 0 0
350.175 309.492 2.6475 4.9765 6.04147 600 0 1946 7 15 0.000272013 -0.000217769 0 0 0.942519 -0.334152 0 0
359.261 306.858 2.6475 4.9765 6.04147 600 0 2619 7 13 -0.000245945 -5.08166e-05 0 0 0.783946 -0.620829 0 0
368.219 303.726 2.6475 4.9765 6.04147 600 0 2657 7 13 0.000171292 -0.000155919 0 0 0.802366 -0.596833 0 0
377.04 300.259 2.6475 4.9765 6.04147 600 0 2695 7 13 0.000111194 -0.000101002 0 0 0.785351 -0.619051 0 0
385.784 296.608 2.6475 4.9765 6.04147 600 0 2733 7 13 -8.26148e-05 3.22605e-05 0 0 0.736529 -0.676406 0 0
394.523 292.949 2.6475 4.9765 6.04147 600 0 2771 7 13 -0.000247432 0.000118279 0 0 0.698652 -0.715461 0 0
403.283 289.347 2.6475 4.9765 6.04147 600 0 2809 7 13 -0.00029142 0.000209548 0 0 0.786253 -0.617905 0 0
412.184 286.146 2.6475 4.9765 6.04147 600 0 2847 7 13 -0.000517304 9.54635e-05 0 0 0.821922 -0.5696 0 0
420.853 282.392 2.6475 4.9765 6.04147 600 0 2885 7 13 -0.000479552 0.00048752 0 0 0.796556 -0.604565 0 0
430.28 281.987 2.6475 4.9765 6.04147 600 0 2923 7 13 -0.000563222 -0.000241864 0 0 0.895527 -0.445006 0 0
434.75 273.686 2.6475 4.9765 6.04147 600 0 2961 7 13 0.000654888 0.000419053 0 0 0.904911 -0.425602 0 0
444.031 275.409 2.6475 4.9765 6.04147 600 0 2999 9 13 0.000684966 0.00022439 0 0 0.904291 -0.426916 0 0
453.202 277.721 2.6475 4.9765 6.04147 600 0 381 8 10 0.000753346 -5.99638e-05 0 0 0.953126 -0.302575 0 0
447.982 285.588 2.6475 4.9765 6.04147 600 0 2999 9 14 0.000354547 -0.000318928 0 0 0.980471 -0.196661 0 0
445.261 294.618 2.6475 4.9765 6.04147 600 0 2961 7 14 0.00011083 -0.000392067 0 0 0.977337 -0.211692 0 0
436.174 292.131 2.6475 4.9765 6.04147 600 0 2923 7 14 4.72709e-06 2.58867e-06 0 0 0.980725 -0.195391 0 0
427.803 296.453 2.6475 4.9765 6.04147 600 0 2885 7 14 -5.50841e-06 1.19042e-06 0 0 0.957188 -0.289467 0 0
418.742 299.032 2.6475 4.9765 6.04147 600 0 2847 7 14 7.30177e-06 -2.06115e-06 0 0 0.964044 -0.265743 0 0
409.481 300.764 2.6475 4.9765 6.04147 600 0 2809 7 14 -1.11012e-05 6.69951e-06 0 0 0.937904 -0.346895 0 0
401.439 305.669 2.6475 4.9765 6.04147 600 0 2771 7 14 1.19631e-05 -7.20863e-06 0 0 0.859874 -0.510506 0 0
393.096 310.047 2.6475 4.9765 6.04147 600 0 2733 7 14 -5.2598e-06 2.42915e-06 0 0 0.932115 -0.362163 0 0
384.495 313.887 2.6475 4.9765 6.04147 600 0 2695 7 14 3.28899e-05 -1.1803e-05 0 0 0.819874 -0.572543 0 0
377.174 319.818 2.6475 4.9765 6.04147 600 0 2657 7 14 2.90943e-05 4.31469e-05 0 0 0.830318 -0.557289 0 0
385.973 323.193 2.6475 4.9765 6.04147 600 0 2098 7 15 8.06546e-05 1.9294e-05 0 0 0.959314 -0.282342 0 0
394.783 326.537 2.6475 4.9765 6.04147 600 0 2136 7 13 4.3902e-05 2.63551e-06 0 0 0.999433 0.0336597 0 0
403.805 329.266 2.6475 4.9765 6.04147 600 0 2174 7 13 6.85356e-05 8.60926e-06 0 0 0.997935 -0.0642321 0 0
412.941 331.589 2.6475 4.9765 6.04147 600 0 2212 7 13 4.82537e-05 1.08035e-05 0 0 0.999288 0.0377287 0 0
422.089 333.87 2.6475 4.9765 6.04147 600 0 2250 7 13 7.08403e-05 2.08122e-05 0 0 0.999447 -0.033249 0 0
431.22 336.225 2.6475 4.9765 6.04147 600 0 2288 7 13 6.69165e-05 2.3989e-05 0 0 0.998526 0.0542701 0 0
440.319 338.711 2.6475 4.9765 6.04147 600 0 2326 7 13 7.6251e-05 3.11269e-05 0 0 0.995701 -0.0926304 0 0
449.371 341.367 2.6475 4.9765 6.04147 600 0 2364 7 13 6.96143e-05 3.41336e-05 0 0 0.985385 -0.170341 0 0
458.366 344.217 2.6475 4.9765 6.04147 600 0 2402 7 13 7.86417e-05 4.30105e-05 0 0 0.994795 0.101898 0 0
467.289 347.289 2.6475 4.9765 6.04147 600 0 2440 7 13 5.9063e-05 4.37884e-05 0 0 0.999642 0.0267669 0 0
476.123 350.617 2.6475 4.9765 6.04147 600 0 2478 7 13 8.82284e-05 6.74164e-05 0 0 0.989577 0.144005 0 0
484.831 354.268 2.6475 4.9765 6.04147 600 0 2516 7 13 9.07138e-05 9.52963e-05 0 0 0.999255 0.0385956 0 0
493.338 358.368 2.6475 4.9765 6.04147 600 0 2554 7 13 0.00012265 -3.89299e-05 0 0 0.982412 0.186727 0 0
502.141 361.78 2.6475 4.9765 6.04147 600 0 2592 7 13 -8.26282e-05 8.29727e-05 0 0 0.992931 0.118693 0 0
509.532 367.68 2.6475 4.9765 6.04147 600 0 2630 7 13 0.000158202 0.000114609 0 0 0.99976 0.0218975 0 0
518.101 371.672 2.6475 4.9765 6.04147 600 0 2668 7 13 -3.45041e-05 7.93204e-05 0 0 0.990702 0.136047 0 0
526.448 376.119 2.6475 4.9765 6.04147 600 0 2706 7 13 -9.83599e-05 5.30937e-05 0 0 0.94197 0.335698 0 0
534.517 381.055 2.6475 4.9765 6.04147 600 0 2744 7 13 -5.97837e-05 2.30439e-05 0 0 0.97483 0.22295 0 0
542.416 386.26 2.6475 4.9765 6.04147 600 0 2782 7 13 -1.18682e-05 1.53357e-05 0 0 0.972074 0.234673 0 0
550.245 391.563 2.6475 4.9765 6.04147 600 0 2820 7 13 -2.00629e-05 -2.6118e-05 0 0 0.92123 0.38902 0 0
558.112 396.812 2.6475 4.9765 6.04147 600 0 2858 7 13 -8.23994e-06 -4.21425e-05 0 0 0.949266 0.314473 0 0
566.085 401.896 2.6475 4.9765 6.04147 600 0 2896 7 13 -3.45094e-05 -2.72817e-05 0 0 0.900373 0.435118 0 0
574.07 406.959 2.6475 4.9765 6.04147 600 0 2934 7 13 -0.000138012 0.00013501 0 0 0.890736 0.454522 0 0
581.299 413.052 2.6475 4.9765 6.04147 600 0 2972 9 13 -3.76948e-05 1.2803e-05 0 0 0.936434 0.350845 0 0
585.195 421.673 2.6475 4.9765 6.04147 0.1 0 2004 8 10 1.37323e-05 -9.84217e-06 0 0 0.909112 0.416551 0 0
575.766 422.394 2.6475 4.9765 6.04147 600 0 2972 9 14 1.82121e-05 4.3855e-05 0 0 0.86669 0.498848 0 0
566.988 418.897 2.6475 4.9765 6.04147 600 0 2934 7 14 9.04925e-05 -0.000138449 0 0 0.89961 0.436695 0 0
558.79 414.2 2.6475 4.9765 6.04147 600 0 2896 7 14 4.2233e-05 -5.07801e-05 0 0 0.782978 0.622049 0 0
550.877 409.039 2.6475 4.9765 6.04147 600 0 2858 7 14 1.46866e-05 -1.22743e-05 0 0 0.810355 0.585939 0 0
543.049 403.749 2.6475 4.9765 6.04147 600 0 2820 7 14 1.68854e-05 -2.68439e-06 0 0 0.723861 0.689946 0 0
535.276 398.377 2.6475 4.9765 6.04147 600 0 2782 7 14 -1.22598e-05 1.62044e-05 0 0 0.771505 0.636223 0 0
527.408 393.149 2.6475 4.9765 6.04147 600 0 2744 7 14 -1.84415e-05 5.40048e-05 0 0 0.723432 0.690396 0 0
519.286 388.319 2.6475 4.9765 6.04147 600 0 2706 7 14 -7.23945e-05 3.86112e-05 0 0 0.785143 0.619315 0 0
510.886 383.996 2.6475 4.9765 6.04147 600 0 2668 7 14 -4.22362e-05 8.812e-05 0 0 0.780011 0.625766 0 0
502.149 380.401 2.6475 4.9765 6.04147 600 0 2630 7 15 -1.3352e-05 8.96822e-05 0 0 0.845879 0.533375 0 0
500.732 371.098 2.6475 4.9765 6.04147 600 0 2974 7 13 -3.99124e-05 0.000320992 0 0 0.828677 0.559727 0 0
493.35 376.956 2.6475 4.9765 6.04147 600 0 38 7 10 0.00147971 0.000114361 0 0 0.828677 0.559727 0 0
485 372.594 2.6475 4.9765 6.04147 600 0 2974 7 14 -3.82232e-08 4.7325e-08 0 0 0.836037 0.548673 0 0
479.566 364.898 2.6475 4.9765 6.04147 600 0 2936 7 14 2.57026e-07 -1.10206e-07 0 0 0.812902 0.5824 0 0
470.146 365 2.6475 4.9765 6.04147 600 0 2478 7 15 1.33866e-07 3.3421e-07 0 0 0.859415 0.511279 0 0
462.462 359.55 2.6475 4.9765 6.04147 600 0 2440 7 14 7.28586e-07 -4.35447e-10 0 0 0.879645 0.475632 0 0
453.381 357.041 2.6475 4.9765 6.04147 600 0 2402 7 14 1.57579e-07 1.4077e-07 0 0 0.812188 0.583396 0 0
444.484 353.943 2.6475 4.9765 6.04147 600 0 2364 7 14 9.50777e-07 1.93724e-07 0 0 0.856142 0.516741 0 0
435.433 351.33 2.6475 4.9765 6.04147 600 0 2326 7 14 -4.82498e-08 -6.73175e-08 0 0 0.921193 0.389105 0 0
426.326 348.918 2.6475 4.9765 6.04147 600 0 2288 7 14 1.23508e-06 2.30744e-07 0 0 0.948512 0.316741 0 0
417.16 346.743 2.6475 4.9765 6.04147 600 0 2250 7 14 -3.50469e-07 -1.57672e-07 0 0 0.87289 0.487916 0 0
407.947 344.776 2.6475 4.9765 6.04147 600 0 2212 7 14 1.55991e-06 2.39556e-07 0 0 0.924241 0.381811 0 0
398.698 342.985 2.6475 4.9765 6.04147 600 0 2174 7 14 -7.48159e-07 -1.93744e-07 0 0 0.871592 0.490232 0 0
389.428 341.304 2.6475 4.9765 6.04147 600 0 2136 7 14 1.93138e-06 3.16815e-07 0 0 0.910973 0.412466 0 0
380.149 339.675 2.6475 4.9765 6.04147 600 0 2098 7 14 -1.2804e-06 -2.26909e-07 0 0 0.847419 0.530925 0 0
370.87 338.049 2.6475 4.9765 6.04147 600 0 2060 7 14 2.42327e-06 4.38785e-07 0 0 0.93243 0.36135 0 0
361.593 336.406 2.6475 4.9765 6.04147 600 0 2022 7 14 -2.0448e-06 -3.6635e-07 0 0 0.953731 0.300662 0 0
352.316 334.769 2.6475 4.9765 6.04147 600 0 1984 7 14 3.08573e-06 4.71043e-07 0 0 0.966973 0.254879 0 0
343.024 333.214 2.6475 4.9765 6.04147 600 0 1946 7 14 -3.01117e-06 -8.16828e-07 0 0 0.922008 0.387171 0 0
333.656 332.227 2.6475 4.9765 6.04147 600 0 1908 7 14 4.12414e-06 -3.74156e-07 0 0 0.968515 0.248956 0 0
324.236 332.064 2.6475 4.9765 6.04147 600 0 1870 7 14 -2.86122e-06 -4.28853e-07 0 0 0.89653 0.442984 0 0
314.824 332.467 2.6475 4.9765 6.04147 600 0 1832 7 15 6.95356e-06 1.65515e-06 0 0 0.951739 0.306909 0 0
305.796 335.16 2.6475 4.9765 6.04147 600 0 2175 7 13 3.14374e-06 2.11809e-05 0 0 0.917719 0.397231 0 0
312.643 341.632 2.6475 4.9765 6.04147 600 0 2213 7 13 2.25824e-05 1.44967e-05 0 0 0.803204 0.595704 0 0
319.472 348.123 2.6475 4.9765 6.04147 600 0 2251 7 13 7.0031e-07 2.17859e-05 0 0 0.7734 0.633919 0 0
324.743 355.934 2.6475 4.9765 6.04147 600 0 2289 7 13 3.19274e-05 9.31706e-06 0 0 0.814281 0.58047 0 0
331.568 362.431 2.6475 4.9765 6.04147 600 0 2327 7 13 1.45205e-05 1.825e-05 0 0 0.776992 0.62951 0 0
338.222 369.105 2.6475 4.9765 6.04147 600 0 2365 7 13 2.38708e-05 1.70016e-05 0 0 0.810553 0.585665 0 0
345.088 375.56 2.6475 4.9765 6.04147 600 0 2403 7 13 2.01528e-05 1.56295e-05 0 0 0.859539 0.511071 0 0
352.044 381.92 2.6475 4.9765 6.04147 600 0 2441 7 13 2.75069e-05 1.28741e-05 0 0 0.804097 0.594498 0 0
359.273 387.969 2.6475 4.9765 6.04147 600 0 2479 7 13 2.4032e-05 1.41024e-05 0 0 0.901547 0.432681 0 0
366.621 393.874 2.6475 4.9765 6.04147 600 0 2517 7 13 2.66616e-05 1.44725e-05 0 0 0.879393 0.476096 0 0
374.089 399.626 2.6475 4.9765 6.04147 600 0 2555 7 13 2.25958e-05 1.84791e-05 0 0 0.90502 0.42537 0 0
381.541 405.401 2.6475 4.9765 6.04147 600 0 2593 7 13 2.48896e-05 1.82027e-05 0 0 0.900265 0.435343 0 0
389.01 411.156 2.6475 4.9765 6.04147 600 0 2631 7 13 2.96461e-05 1.18838e-05 0 0 0.899686 0.436539 0 0
396.617 416.727 2.6475 4.9765 6.04147 600 0 2669 7 13 2.8155e-05 1.6184e-05 0 0 0.906274 0.422692 0 0
404.277 422.227 2.6475 4.9765 6.04147 600 0 2707 7 13 3.17014e-05 1.18561e-05 0 0 0.934952 0.354775 0 0
412.052 427.565 2.6475 4.9765 6.04147 600 0 2745 7 13 3.51177e-05 8.99011e-06 0 0 0.918107 0.396333 0 0
419.971 432.687 2.6475 4.9765 6.04147 600 0 2783 7 13 4.07367e-05 1.48487e-06 0 0 0.96051 0.278246 0 0
428.102 437.468 2.6475 4.9765 6.04147 600 0 2821 7 13 2.0092e-05 3.87955e-05 0 0 0.943396 0.331668 0 0
436.017 442.601 2.6475 4.9765 6.04147 600 0 2859 7 13 6.37232e-05 -2.69956e-05 0 0 0.937661 0.347551 0 0
444.408 446.913 2.6475 4.9765 6.04147 600 0 2897 7 13 3.44831e-05 3.21088e-05 0 0 0.962372 0.271737 0 0
452.706 451.405 2.6475 4.9765 6.04147 600 0 2935 7 13 -7.40691e-05 0.000234508 0 0 0.952421 0.304787 0 0
458.968 458.466 2.6475 4.9765 6.04147 600 0 2973 9 13 0.000153253 3.38674e-05 0 0 0.911309 0.411723 0 0
461.249 467.631 2.6475 4.9765 6.04147 600 0 863 8 10 8.08228e-05 5.16411e-05 0 0 0.911309 0.411723 0 0
451.832 466.659 2.6475 4.9765 6.04147 600 0 2973 9 14 8.79944e-05 -2.3997e-05 0 0 0.911309 0.411723 0 0
443.231 462.724 2.6475 4.9765 6.04147 600 0 2935 7 14 0.000111547 -7.75258e-05 0 0 0.855976 0.517016 0 0
434.965 458.129 2.6475 4.9765 6.04147 600 0 2897 7 14 6.76778e-05 -8.77198e-07 0 0 0.872116 0.489299 0 0
426.812 453.339 2.6475 4.9765 6.04147 600 0 2859 7 14 6.32669e-05 4.18799e-06 0 0 0.82824 0.560374 0 0
418.763 448.382 2.6475 4.9765 6.04147 600 0 2821 7 14 6.1902e-05 3.86e-06 0 0 0.802745 0.596323 0 0
410.826 443.248 2.6475 4.9765 6.04147 600 0 2783 7 14 5.60624e-05 1.03629e-05 0 0 0.823856 0.566799 0 0
402.979 437.978 2.6475 4.9765 6.04147 600 0 2745 7 14 5.17914e-05 1.42829e-05 0 0 0.692367 0.721545 0 0
395.209 432.6 2.6475 4.9765 6.04147 600 0 2707 7 14 4.9902e-05 1.47132e-05 0 0 0.747129 0.66468 0 0
387.515 427.115 2.6475 4.9765 6.04147 600 0 2669 7 14 4.84795e-05 1.45757e-05 0 0 0.802448 0.596723 0 0
379.904 421.518 2.6475 4.9765 6.04147 600 0 2631 7 14 4.65591e-05 1.52403e-05 0 0 0.669421 0.742884 0 0
372.374 415.814 2.6475 4.9765 6.04147 600 0 2593 7 14 4.41926e-05 1.65817e-05 0 0 0.742672 0.669655 0 0
364.921 410.011 2.6475 4.9765 6.04147 600 0 2555 7 14 4.16642e-05 1.81952e-05 0 0 0.576541 0.817068 0 0
357.535 404.125 2.6475 4.9765 6.04147 600 0 2517 7 14 3.91108e-05 1.98727e-05 0 0 0.672055 0.740501 0 0
350.206 398.17 2.6475 4.9765 6.04147 600 0 2479 7 14 3.64289e-05 2.17331e-05 0 0 0.718271 0.695764 0 0
342.919 392.165 2.6475 4.9765 6.04147 600 0 2441 7 14 3.34511e-05 2.39601e-05 0 0 0.583553 0.812075 0 0
335.652 386.138 2.6475 4.9765 6.04147 600 0 2403 7 14 3.00959e-05 2.66568e-05 0 0 0.622261 0.78281 0 0
328.376 380.123 2.6475 4.9765 6.04147 600 0 2365 7 14 2.63555e-05 2.98506e-05 0 0 0.582805 0.812612 0 0
321.053 374.167 2.6475 4.9765 6.04147 600 0 2327 7 14 2.23676e-05 3.34338e-05 0 0 0.553738 0.832691 0 0
313.636 368.329 2.6475 4.9765 6.04147 600 0 2289 7 14 1.83457e-05 3.7221e-05 0 0 0.596473 0.802633 0 0
306.073 362.685 2.6475 4.9765 6.04147 600 0 2251 7 14 1.45858e-05 4.09234e-05 0 0 0.661198 0.750212 0 0
298.311 357.319 2.6475 4.9765 6.04147 600 0 2213 7 14 1.1374e-05 4.42047e-05 0 0 0.673477 0.739208 0 0
290.303 352.327 2.6475 4.9765 6.04147 600 0 2175 7 14 9.05265e-06 4.65132e-05 0 0 0.780445 0.625224 0 0
282.02 347.809 2.6475 4.9765 6.04147 600 0 2137 7 14 7.62073e-06 4.76353e-05 0 0 0.813522 0.581534 0 0
273.454 343.855 2.6475 4.9765 6.04147 600 0 1680 7 15 7.19324e-06 4.69176e-05 0 0 0.990066 0.140603 0 0
264.624 340.534 2.6475 4.9765 6.04147 600 0 1642 7 14 7.37537e-06 4.45635e-05 0 0 0.99819 0.0601328 0 0
255.572 337.881 2.6475 4.9765 6.04147 600 0 1604 7 14 7.89343e-06 4.05604e-05 0 0 0.980293 0.19755 0 0
246.351 335.89 2.6475 4.9765 6.04147 600 0 1566 7 14 8.40463e-06 3.53442e-05 0 0 0.969094 0.246691 0 0
237.019 334.519 2.6475 4.9765 6.04147 600 0 1528 7 14 8.62425e-06 2.98967e-05 0 0 0.990409 0.138164 0 0
227.623 333.7 2.6475 4.9765 6.04147 600 0 1490 7 14 8.54716e-06 2.44357e-05 0 0 0.977708 0.209968 0 0
218.197 333.354 2.6475 4.9765 6.04147 600 0 1452 7 14 8.18951e-06 1.97759e-05 0 0 0.993034 0.117825 0 0
208.765 333.406 2.6475 4.9765 6.04147 600 0 1414 7 14 7.66073e-06 1.58448e-05 0 0 0.985317 0.170732 0 0
199.341 333.788 2.6475 4.9765 6.04147 600 0 1376 7 14 7.06293e-06 1.31252e-05 0 0 0.995242 0.0974327 0 0
189.933 334.452 2.6475 4.9765 6.04147 600 0 1338 7 14 6.45959e-06 1.12314e-05 0 0 0.987849 0.15542 0 0
180.546 335.363 2.6475 4.9765 6.04147 600 0 1300 7 14 5.89767e-06 1.01133e-05 0 0 0.999554 0.0298762 0 0
171.184 336.503 2.6475 4.9765 6.04147 600 0 1262 7 14 5.38638e-06 9.51509e-06 0 0 0.975066 0.221915 0 0
161.851 337.86 2.6475 4.9765 6.04147 600 0 1224 7 14 4.91236e-06 9.17999e-06 0 0 0.991056 0.133444 0 0
152.552 339.429 2.6475 4.9765 6.04147 600 0 1186 7 14 4.4453e-06 8.86443e-06 0 0 0.997553 0.0699124 0 0
143.289 341.204 2.6475 4.9765 6.04147 600 0 1148 7 14 3.93468e-06 8.30931e-06 0 0 0.99495 0.100372 0 0
134.066 343.173 2.6475 4.9765 6.04147 600 0 1110 7 14 3.33976e-06 7.3797e-06 0 0 0.99919 0.0402474 0 0
124.881 345.314 2.6475 4.9765 6.04147 600 0 1072 7 14 2.66154e-06 6.14603e-06 0 0 0.999843 -0.017709 0 0
118.179 351.942 2.6475 4.9765 6.04147 600 0 1034 7 14 6.64454e-07 4.42544e-06 0 0 0.998356 -0.0573169 0 0
115.786 342.836 2.6475 4.9765 6.04147 600 0 996 7 14 3.01394e-06 4.02078e-06 0 0 0.985995 -0.166777 0 0
109.084 349.465 2.6475 4.9765 6.04147 0.1 0 0 7 15 1.02522e-06 2.31346e-06 0 0 4.98239e-310 1.58101e-322 0 0
100 352 2.6475 4.9765 6.04147 0.1 0 0 7 7 0.000405012 -0.0267866 0 0 4.79244e-322 4.98239e-310 0 0
100 361 2.6475 4.9765 6.04147 0.1 0 0 7 7 -0 -0 0 0 4.98239e-310 4.9973e-311 0 0
100 370 2.6475 4.9765 6.04147 0.1 0 0 7 7 -0 -0 0 0 1.58101e-322 4.98118e-310 0 0
100 379 2.6475 4.9765 6.04147 0.1 0 0 7 7 -0 -0 0 0 4.98239e-310 1.58101e-322 0 0
100 388 2.6475 4.9765 6.04147 0.1 0 0 7 7 -0 -0 0 0 3.21143e-322 4.98239e-310 0 0
100 397 2.6475 4.9765 6.04147 0.1 0 0 7 7 -0 -0 0 0 3.16177e-311 5.38563e-311 0 0
100 406 2.6475 4.9765 6.04147 0.1 0 0 7 7 -0 -0 0 0 1.58101e-322 4.98118e-310 0 0
100 415 2.6475 4.9765 6.04147 0.1 0 0 7 7 -0 -0 0 0 1.061e-311 2.71828e-311 0 0
100 424 2.6475 4.9765 6.04147 0.1 0 0 7 7 -0 -0 0 0 1.58101e-322 4.98118e-310 0 0
100 433 2.6475 4.9765 6.04147 0.1 0 0 7 7 -0 -0 0 0 1.12449e-320 0 0 0
100 442 2.6475 4.9765 6.04147 0.1 0 0 7 7 -0 -0 0 0 1.58101e-322 4.98118e-310 0 0
100 451 2.6475 4.9765 6.04147 0.1 0 0 7 7 -0 -0 0 0 1.12466e-311 4.24399e-311 0 0
100 460 2.6475 4.9765 6.04147 0.1 0 0 7 7 -0 -0 0 0 4.79244e-322 4.98239e-310 0 0
100 469 2.6475 4.9765 6.04147 0.1 0 0 7 7 -0 -0 0 0 4.98239e-310 0 0 0
100 478 2.6475 4.9765 6.04147 0.1 0 0 7 7 -0 -0 0 0 3.16202e-322 4.98118e-310 0 0
100 487 2.6475 4.9765 6.04147 0.1 0 0 7 7 -0 -0 0 0 6.53427e-310 3.15965e-311 0 0
100 496 2.6475 4.9765 6.04147 0.1 0 0 7 7 -0 -0 0 0 1.63042e-322 4.98239e-310 0 0
100 505 2.6475 4.9765 6.04147 0.1 0 0 7 7 -0 -0 0 0 4.98239e-310 6.48214e-321 0 0
100 514 2.6475 4.9765 6.04147 0.1 0 0 7 7 -0 -0 0 0 4.98239e-310 4.98239e-310 0 0
100 523 2.6475 4.9765 6.04147 0.1 0 0 7 7 -0 -0 0 0 4.98239e-310 4.98239e-310 0 0
100 532 2.6475 4.9765 6.04147 0.1 0 0 7 7 -0 -0 0 0 4.98239e-310 4.98239e-310 0 0
100 541 2.6475 4.9765 6.04147 0.1 0 0 7 7 -0 -0 0 0 4.98239e-310 4.98239e-310 0 0
100 550 2.6475 4.9765 6.04147 0.1 0 0 7 7 -0 -0 0 0 4.98239e-310 4.98239e-310 0 0
100 559 2.6475 4.9765 6.04147 0.1 0 0 7 7 -0 -0 0 0 4.98239e-310 4.98239e-310 0 0
100 568 2.6475 4.9765 6.04147 0.1 0 0 7 7 -0 -0 0 0 4.98239e-310 4.98239e-310 0 0
100 577 2.6475 4.9765 6.04147 0.1 0 0 7 7 -0 -0 0 0 4.98239e-310 4.98239e-310 0 0
100 586 2.6475 4.9765 6.04147 0.1 0 0 7 7 -0 -0 0 0 4.98239e-310 4.98239e-310 0 0
100 595 2.6475 4.9765 6.04147 0.1 0 0 7 7 -0 -0 0 0 4.98239e-310 4.98239e-310 0 0
100 604 2.6475 4.9765 6.04147 0.1 0 0 7 7 -0 -0 0 0 4.98239e-310 4.98239e-310 0 0
100 613 2.6475 4.9765 6.04147 0.1 0 0 7 7 -0 -0 0 0 4.98239e-310 4.98239e-310 0 0
100 622 2.6475 4.9765 6.04147 0.1 0 0 7 7 -0 -0 0 0 4.98239e-310 4.98239e-310 0 0
100 631 2.6475 4.9765 6.04147 0.1 0 0 7 7 -0 -0 0 0 4.98239e-310 4.98239e-310 0 0
100 640 2.6475 4.9765 6.04147 0.1 0 0 7 7 -0 -0 0 0 4.98239e-310 4.98239e-310 0 0
100 649 2.6475 4.9765 6.04147 0.1 0 0 7 7 -0 -0 0 0 4.98239e-310 4.98239e-310 0 0
100 658 2.6475 4.9765 6.04147 0.1 0 0 7 7 0.000353696 0.0267477 0 0 4.98239e-310 4.98239e-310 0 0
109.229 659.935 2.6475 4.9765 6.04147 0.1 0 0 7 15 1.55088e-06 -3.95619e-06 0 0 4.98239e-310 4.98239e-310 0 0
118.479 661.764 2.6475 4.9765 6.04147 600 0 944 7 13 3.0327e-06 -7.97454e-06 0 0 0.987461 0.157864 0 0
127.769 663.378 2.6475 4.9765 6.04147 600 0 982 7 13 4.2735e-06 -1.17191e-05 0 0 0.996872 0.0790389 0 0
137.109 664.68 2.6475 4.9765 6.04147 600 0 1020 7 13 5.18265e-06 -1.46903e-05 0 0 0.999935 0.0113821 0 0
146.494 665.594 2.6475 4.9765 6.04147 600 0 1058 7 13 5.74741e-06 -1.72445e-05 0 0 0.998389 0.0567323 0 0
155.912 666.063 2.6475 4.9765 6.04147 600 0 1096 7 15 5.99399e-06 -1.87578e-05 0 0 0.99984 -0.0178795 0 0
165.342 666.059 2.6475 4.9765 6.04147 600 0 1550 7 13 5.92241e-06 -1.94969e-05 0 0 0.99368 -0.11225 0 0
174.759 665.579 2.6475 4.9765 6.04147 600 0 1588 7 13 5.67227e-06 -1.93791e-05 0 0 0.923339 -0.383987 0 0
184.143 664.642 2.6475 4.9765 6.04147 600 0 1626 7 13 5.22979e-06 -1.83423e-05 0 0 0.903888 -0.427769 0 0
193.476 663.291 2.6475 4.9765 6.04147 600 0 1664 7 13 4.67738e-06 -1.68944e-05 0 0 0.8392 -0.543822 0 0
202.749 661.573 2.6475 4.9765 6.04147 600 0 1702 7 13 3.99709e-06 -1.47388e-05 0 0 0.778529 -0.627609 0 0
211.959 659.549 2.6475 4.9765 6.04147 600 0 1740 7 13 3.176e-06 -1.25203e-05 0 0 0.829954 -0.557832 0 0
221.111 657.273 2.6475 4.9765 6.04147 600 0 1778 7 13 2.17797e-06 -1.00006e-05 0 0 0.781929 -0.623367 0 0
230.212 654.799 2.6475 4.9765 6.04147 600 0 1816 7 13 9.69373e-07 -7.68659e-06 0 0 0.840329 -0.542076 0 0
239.27 652.173 2.6475 4.9765 6.04147 600 0 1854 7 13 -5.08321e-07 -5.4778e-06 0 0 0.798002 -0.602654 0 0
248.294 649.434 2.6475 4.9765 6.04147 600 0 1892 7 13 -2.24118e-06 -3.67704e-06 0 0 0.855108 -0.51845 0 0
257.291 646.607 2.6475 4.9765 6.04147 600 0 1930 7 13 -4.29393e-06 -2.27115e-06 0 0 0.818662 -0.574276 0 0
266.265 643.707 2.6475 4.9765 6.04147 600 0 1968 7 13 -6.58942e-06 -1.41635e-06 0 0 0.829581 -0.558387 0 0
275.215 640.735 2.6475 4.9765 6.04147 600 0 2006 7 13 -9.20493e-06 -1.15053e-06 0 0 0.813724 -0.581251 0 0
284.136 637.676 2.6475 4.9765 6.04147 600 0 2044 7 13 -1.1966e-05 -1.41837e-06 0 0 0.893334 -0.449394 0 0
293.015 634.5 2.6475 4.9765 6.04147 600 0 2082 7 13 -1.49487e-05 -2.16841e-06 0 0 0.861433 -0.507872 0 0
301.835 631.163 2.6475 4.9765 6.04147 600 0 2120 7 13 -1.78789e-05 -3.17753e-06 0 0 0.906437 -0.422341 0 0
310.568 627.606 2.6475 4.9765 6.04147 600 0 2158 7 13 -2.07786e-05 -4.12644e-06 0 0 0.872823 -0.488037 0 0
319.178 623.763 2.6475 4.9765 6.04147 600 0 2196 7 13 -2.32072e-05 -4.62233e-06 0 0 0.875647 -0.482952 0 0
327.624 619.572 2.6475 4.9765 6.04147 600 0 2234 7 13 -2.5102e-05 -4.2201e-06 0 0 0.83069 -0.556735 0 0
335.861 614.984 2.6475 4.9765 6.04147 600 0 2272 7 15 -2.59757e-05 -2.81779e-06 0 0 0.890003 -0.455955 0 0
343.85 609.978 2.6475 4.9765 6.04147 600 0 2727 7 13 -2.5651e-05 -2.15828e-08 0 0 0.673283 -0.739385 0 0
351.578 604.579 2.6475 4.9765 6.04147 600 0 2765 7 13 -2.44614e-05 2.95578e-06 0 0 0.717501 -0.696558 0 0
359.047 598.828 2.6475 4.9765 6.04147 600 0 2803 7 13 -2.16733e-05 7.10087e-06 0 0 0.62398 -0.78144 0 0
366.321 592.833 2.6475 4.9765 6.04147 600 0 2841 7 13 -2.57003e-05 2.15234e-06 0 0 0.675894 -0.736999 0 0
373.156 586.342 2.6475 4.9765 6.04147 600 0 2879 7 13 1.4007e-05 4.26149e-05 0 0 0.610303 -0.792168 0 0
381.194 581.419 2.6475 4.9765 6.04147 600 0 2917 7 13 -9.17538e-05 -0.000131561 0 0 0.591005 -0.806668 0 0
384.055 572.437 2.6475 4.9765 6.04147 600 0 2955 7 13 0.000568475 7.44117e-05 0 0 0.811563 -0.584265 0 0
393.213 570.161 2.6475 4.9765 6.04147 600 0 2993 9 13 0.000443663 -0.000419319 0 0 0.805971 -0.591954 0 0
402.476 568.262 2.6475 4.9765 6.04147 600 0 273 8 10 0.000463767 -0.000361862 0 0 0.655625 -0.755086 1 0
401.135 577.615 2.6475 4.9765 6.04147 600 0 2993 9 14 0.000389155 -0.000347481 0 0 0.7559 -0.654687 0 0
399.551 586.912 2.6475 4.9765 6.04147 600 0 2955 7 14 -1.5481e-07 -0.0004345 0 0 0.803342 -0.595519 0 0
390.448 589.373 2.6475 4.9765 6.04147 600 0 2917 7 14 -4.9917e-05 0.000101432 0 0 0.771389 -0.636363 0 0
383.663 595.897 2.6475 4.9765 6.04147 600 0 2879 7 14 0.000149933 -0.000145365 0 0 0.860941 -0.508705 0 0
377.023 602.632 2.6475 4.9765 6.04147 600 0 2841 7 14 -0.00029038 0.000819652 0 0 0.821539 -0.570152 0 0
369.093 607.641 2.6475 4.9765 6.04147 600 0 2803 7 14 0.000337247 -0.000684803 0 0 0.925206 -0.379465 0 0
369.501 617.139 2.6475 4.9765 6.04147 600 0 2765 7 14 0.000588653 0.00195381 0 0 0.891985 -0.452066 0 0
377.451 612.008 2.6475 4.9765 6.04147 600 0 2424 7 15 0.00049406 -0.000558187 0 0 0.93118 -0.364559 0 0
386.759 610.647 2.6475 4.9765 6.04147 600 0 2462 7 13 -1.97536e-05 -7.96172e-05 0 0 0.905243 -0.424895 0 0
395.463 607.037 2.6475 4.9765 6.04147 600 0 2500 7 13 -0.000134931 2.21999e-05 0 0 0.882621 -0.470085 0 0
403.516 602.138 2.6475 4.9765 6.04147 600 0 2538 7 13 -6.9338e-05 0.000108552 0 0 0.866951 -0.498393 0 0
412.94 602.361 2.6475 4.9765 6.04147 600 0 2576 7 13 1.95658e-05 -4.12295e-05 0 0 0.870422 -0.492307 0 0
421.937 599.562 2.6475 4.9765 6.04147 600 0 2614 7 13 3.74349e-06 2.03268e-05 0 0 0.935128 -0.354311 0 0
431.267 598.224 2.6475 4.9765 6.04147 600 0 2652 7 13 2.85812e-05 -1.02654e-05 0 0 0.934947 -0.354788 0 0
440.537 596.529 2.6475 4.9765 6.04147 600 0 2690 7 13 4.53902e-06 -2.82962e-06 0 0 0.87683 -0.4808 0 0
449.787 594.724 2.6475 4.9765 6.04147 600 0 2728 7 13 -6.28197e-06 -1.28639e-06 0 0 0.899189 -0.437561 0 0
459.008 592.774 2.6475 4.9765 6.04147 600 0 2766 7 13 -2.27163e-06 -7.07078e-06 0 0 0.870157 -0.492774 0 0
468.126 590.396 2.6475 4.9765 6.04147 600 0 2804 7 13 -2.08839e-05 2.91106e-06 0 0 0.893922 -0.448223 0 0
477.202 587.853 2.6475 4.9765 6.04147 600 0 2842 7 13 -5.54176e-06 2.47452e-06 0 0 0.86532 -0.50122 0 0
486.293 585.373 2.6475 4.9765 6.04147 600 0 2880 7 13 -1.87604e-05 1.11142e-05 0 0 0.884061 -0.467372 0 0
495.502 583.371 2.6475 4.9765 6.04147 600 0 2918 7 13 -2.48095e-05 -6.38242e-05 0 0 0.844328 -0.535827 0 0
502 576.547 2.6475 4.9765 6.04147 600 0 2956 7 13 0.000387864 0.000332578 0 0 0.878288 -0.478132 0 0
510.374 580.891 2.6475 4.9765 6.04147 600 0 2994 9 13 0.00065306 -0.000173432 0 0 0.87466 -0.484737 0 0
519.184 584.315 2.6475 4.9765 6.04147 600 0 1450 8 10 0.000593834 -2.26715e-05 0 0 0.951552 -0.307489 0 0
512.988 591.45 2.6475 4.9765 6.04147 600 0 2994 9 14 0.000469955 -0.000129524 0 0 0.948116 -0.317925 0 0
505.98 597.767 2.6475 4.9765 6.04147 600 0 2956 7 14 0.000178058 -0.000451497 0 0 0.990244 -0.139344 0 0
496.884 595.289 2.6475 4.9765 6.04147 600 0 2918 7 14 -3.64332e-06 0.000212601 0 0 0.971471 -0.237158 0 0
488.722 600.007 2.6475 4.9765 6.04147 600 0 2880 7 14 -0.000152346 -5.04764e-05 0 0 0.989908 -0.141715 0 0
479.541 602.164 2.6475 4.9765 6.04147 600 0 2842 7 14 -0.000122317 3.69968e-05 0 0 0.979013 -0.203797 0 0
470.39 604.454 2.6475 4.9765 6.04147 600 0 2804 7 14 -0.00011732 1.45083e-05 0 0 0.979248 -0.202667 0 0
461.189 606.545 2.6475 4.9765 6.04147 600 0 2766 7 14 -9.60318e-05 1.2293e-05 0 0 0.973488 -0.228739 0 0
451.961 608.523 2.6475 4.9765 6.04147 600 0 2728 7 14 -8.23968e-05 8.14216e-06 0 0 0.967901 -0.251332 0 0
442.709 610.398 2.6475 4.9765 6.04147 600 0 2690 7 14 -4.58165e-05 2.51436e-06 0 0 0.991208 -0.132311 0 0
433.442 612.204 2.6475 4.9765 6.04147 600 0 2652 7 14 -3.59282e-05 4.58311e-06 0 0 0.983406 -0.181419 0 0
424.171 613.987 2.6475 4.9765 6.04147 600 0 2614 7 14 8.01453e-06 4.19907e-07 0 0 0.980226 -0.197883 0 0
414.901 615.789 2.6475 4.9765 6.04147 600 0 2576 7 14 -1.72354e-05 1.15893e-05 0 0 0.984911 -0.173062 0 0
405.648 617.671 2.6475 4.9765 6.04147 600 0 2538 7 14 -3.35316e-07 2.05821e-07 0 0 0.974777 -0.223182 0 0
396.386 619.56 2.6475 4.9765 6.04147 600 0 2500 7 14 -0.00022404 0.000117423 0 0 0.998913 -0.0466156 0 0
387.281 621.978 2.6475 4.9765 6.04147 600 0 2462 7 14 0.000444575 -0.000342896 0 0 0.991095 -0.13316 0 0
377.778 621.462 2.6475 4.9765 6.04147 600 0 2424 7 14 -0.00175244 0.000384139 0 0 0.995881 -0.090669 0 0
369.868 626.435 2.6475 4.9765 6.04147 600 0 2386 7 14 0.000866093 -0.00177095 0 0 0.993253 -0.115967 0 0
360.52 628.106 2.6475 4.9765 6.04147 600 0 2348 7 14 -0.0003195 0.000299116 0 0 0.96961 -0.244657 0 0
351.761 631.592 2.6475 4.9765 6.04147 600 0 2310 7 14 0.000118392 -0.000113303 0 0 0.997557 -0.0698581 0 0
342.783 634.556 2.6475 4.9765 6.04147 600 0 2272 7 14 -8.98256e-05 1.60718e-05 0 0 0.978251 -0.207425 0 0
333.779 637.409 2.6475 4.9765 6.04147 600 0 2234 7 14 -3.87561e-05 2.28029e-06 0 0 0.995987 -0.0894986 0 0
324.748 640.188 2.6475 4.9765 6.04147 600 0 2196 7 14 -5.98644e-05 1.61842e-05 0 0 0.979446 -0.201707 0 0
315.713 642.95 2.6475 4.9765 6.04147 600 0 2158 7 14 -2.3724e-05 6.8141e-06 0 0 0.974726 -0.223402 0 0
306.675 645.71 2.6475 4.9765 6.04147 600 0 2120 7 14 -1.53655e-05 4.78773e-06 0 0 0.990539 -0.13723 0 0
297.637 648.47 2.6475 4.9765 6.04147 600 0 2082 7 14 8.8546e-06 -1.37459e-06 0 0 0.985336 -0.170625 0 0
288.602 651.239 2.6475 4.9765 6.04147 600 0 2044 7 14 2.29754e-05 -2.31749e-06 0 0 0.985416 -0.170161 0 0
279.578 654.043 2.6475 4.9765 6.04147 600 0 2006 7 14 4.18343e-05 -4.78035e-06 0 0 0.944176 -0.329442 0 0
270.574 656.907 2.6475 4.9765 6.04147 600 0 1968 7 14 5.82393e-05 -4.72826e-06 0 0 0.93504 -0.354542 0 0
261.607 659.877 2.6475 4.9765 6.04147 600 0 1930 7 14 7.57615e-05 -7.01628e-06 0 0 0.975222 -0.221229 0 0
252.691 662.995 2.6475 4.9765 6.04147 600 0 1892 7 14 9.1085e-05 -1.14229e-05 0 0 0.95563 -0.294571 0 0
243.843 666.294 2.6475 4.9765 6.04147 600 0 1854 7 14 0.000106477 -1.77353e-05 0 0 0.967309 -0.253599 0 0
235.082 669.808 2.6475 4.9765 6.04147 600 0 1816 7 14 0.000116521 -2.99451e-05 0 0 0.936787 -0.349901 0 0
226.401 673.511 2.6475 4.9765 6.04147 600 0 1778 7 14 0.000128572 -3.96679e-05 0 0 0.954582 -0.29795 0 0
217.814 677.419 2.6475 4.9765 6.04147 600 0 1740 7 14 0.000134057 -4.88479e-05 0 0 0.917446 -0.397861 0 0
209.331 681.54 2.6475 4.9765 6.04147 600 0 1702 7 14 0.00016521 -1.2326e-05 0 0 0.934151 -0.356879 0 0
201.885 687.323 2.6475 4.9765 6.04147 600 0 1664 7 14 6.35707e-05 -0.000144845 0 0 0.879989 -0.474994 0 0
192.669 689.293 2.6475 4.9765 6.04147 600 0 1626 7 14 0.000105182 -3.11844e-06 0 0 0.923553 -0.383471 0 0
185.647 695.578 2.6475 4.9765 6.04147 600 0 1588 7 14 3.83623e-05 -6.02878e-05 0 0 0.93818 -0.346149 0 0
194.599 698.514 2.6475 4.9765 6.04147 600 0 1248 7 15 3.00839e-05 2.93683e-05 0 0 0.996933 -0.0782652 0 0
203.244 702.256 2.6475 4.9765 6.04147 600 0 1286 7 13 1.26841e-05 4.79175e-06 0 0 0.999926 -0.0121307 0 0
212.015 705.698 2.6475 4.9765 6.04147 600 0 1324 7 13 3.1314e-05 9.43745e-06 0 0 0.998111 -0.0614381 0 0
220.952 708.681 2.6475 4.9765 6.04147 600 0 1362 7 13 1.51911e-05 3.29868e-06 0 0 0.994248 0.107101 0 0
229.962 711.439 2.6475 4.9765 6.04147 600 0 1400 7 13 2.31631e-05 5.93751e-06 0 0 0.999142 0.0414105 0 0
239.005 714.086 2.6475 4.9765 6.04147 600 0 1438 7 13 1.67596e-05 4.45159e-06 0 0 0.999788 0.0205936 0 0
248.06 716.697 2.6475 4.9765 6.04147 600 0 1476 7 13 1.33757e-05 4.10362e-06 0 0 0.994028 -0.109128 0 0
257.109 719.326 2.6475 4.9765 6.04147 600 0 1514 7 13 1.69318e-05 5.63645e-06 0 0 0.988158 -0.153438 0 0
266.146 722 2.6475 4.9765 6.04147 600 0 1552 7 13 3.16439e-06 1.88091e-06 0 0 0.988906 0.148546 0 0
275.166 724.731 2.6475 4.9765 6.04147 600 0 1590 7 13 1.61577e-05 5.95675e-06 0 0 0.99698 -0.0776565 0 0
284.168 727.518 2.6475 4.9765 6.04147 600 0 1628 7 13 -6.70928e-06 -1.26345e-06 0 0 0.993629 -0.112699 0 0
293.157 730.352 2.6475 4.9765 6.04147 600 0 1666 7 13 1.52038e-05 5.20768e-06 0 0 0.976894 -0.213722 0 0
302.139 733.206 2.6475 4.9765 6.04147 600 0 1704 7 13 -1.5658e-05 -5.38063e-06 0 0 0.991848 -0.127425 0 0
311.129 736.038 2.6475 4.9765 6.04147 600 0 1742 7 13 1.48571e-05 2.95673e-06 0 0 0.981371 -0.192123 0 0
320.144 738.782 2.6475 4.9765 6.04147 600 0 1780 7 13 -2.32142e-05 -1.01514e-05 0 0 0.999164 -0.0408911 0 0
329.216 741.339 2.6475 4.9765 6.04147 600 0 1818 7 13 1.55314e-05 -1.26897e-06 0 0 0.99485 -0.101359 0 0
338.368 743.582 2.6475 4.9765 6.04147 600 0 1856 7 13 -2.93576e-05 -1.38403e-05 0 0 0.989391 -0.14528 0 0
347.625 745.355 2.6475 4.9765 6.04147 600 0 1894 7 13 1.67581e-05 -6.73786e-06 0 0 0.995896 -0.090507 0 0
356.979 746.486 2.6475 4.9765 6.04147 600 0 1932 7 13 -3.41033e-05 -1.31812e-05 0 0 0.984576 -0.174955 0 0
366.399 746.824 2.6475 4.9765 6.04147 600 0 1970 7 13 1.78053e-05 -1.11122e-05 0 0 0.963016 -0.269443 0 0
375.804 746.274 2.6475 4.9765 6.04147 600 0 2008 7 15 -3.60372e-05 -6.51401e-06 0 0 0.997904 -0.0647151 0 0
385.117 744.821 2.6475 4.9765 6.04147 600 0 2498 7 13 1.90237e-05 -1.2947e-05 0 0 0.845351 -0.534212 0 0
394.259 742.545 2.6475 4.9765 6.04147 600 0 2536 7 13 -3.32676e-05 2.24131e-06 0 0 0.795474 -0.605988 0 0
403.209 739.589 2.6475 4.9765 6.04147 600 0 2574 7 13 2.08426e-05 -1.30895e-05 0 0 0.799587 -0.60055 0 0
411.969 736.123 2.6475 4.9765 6.04147 600 0 2612 7 13 -2.63151e-05 7.16284e-06 0 0 0.749258 -0.662279 0 0
420.587 732.307 2.6475 4.9765 6.04147 600 0 2650 7 13 2.28071e-05 -1.28514e-05 0 0 0.806233 -0.591599 0 0
429.104 728.279 2.6475 4.9765 6.04147 600 0 2688 7 13 -1.64854e-05 6.68448e-06 0 0 0.781306 -0.624148 0 0
437.574 724.147 2.6475 4.9765 6.04147 600 0 2726 7 13 2.46754e-05 -1.22389e-05 0 0 0.749616 -0.661873 0 0
446.036 720.002 2.6475 4.9765 6.04147 600 0 2764 7 13 -4.46381e-06 2.78569e-06 0 0 0.72191 -0.691987 0 0
454.521 715.9 2.6475 4.9765 6.04147 600 0 2802 7 13 2.63181e-05 -1.09163e-05 0 0 0.800086 -0.599885 0 0
463.054 711.901 2.6475 4.9765 6.04147 600 0 2840 7 13 6.3162e-06 -6.9971e-06 0 0 0.732216 -0.681072 0 0
471.484 707.686 2.6475 4.9765 6.04147 600 0 2878 7 13 4.01964e-05 1.66764e-05 0 0 0.77439 -0.632709 0 0
480.554 705.127 2.6475 4.9765 6.04147 600 0 2916 7 13 -1.5968e-05 -0.000157389 0 0 0.704621 -0.709584 0 0
486.197 697.575 2.6475 4.9765 6.04147 600 0 2954 7 13 0.000519701 0.00023323 0 0 0.762475 -0.647017 0 0
495.626 697.958 2.6475 4.9765 6.04147 600 0 2992 9 13 0.000540178 -0.000257367 0 0 0.801001 -0.598663 0 0
505.035 698.901 2.6475 4.9765 6.04147 600 0 502 8 10 0.000533681 -0.000181009 0 0 0.851194 -0.524851 0 0
500.971 707.431 2.6475 4.9765 6.04147 600 0 2992 9 14 0.000462299 -0.000214455 0 0 0.889616 -0.45671 0 0
496.502 715.738 2.6475 4.9765 6.04147 600 0 2954 7 14 4.58095e-05 -0.000436588 0 0 0.856898 -0.515486 0 0
487.078 715.62 2.6475 4.9765 6.04147 600 0 2916 7 14 3.96306e-05 8.62745e-05 0 0 0.877954 -0.478745 0 0
478.884 720.277 2.6475 4.9765 6.04147 600 0 2878 7 14 -1.79211e-05 -9.83147e-06 0 0 0.901554 -0.432667 0 0
470.281 724.126 2.6475 4.9765 6.04147 600 0 2840 7 14 -5.05705e-06 5.39652e-06 0 0 0.880735 -0.47361 0 0
461.737 728.105 2.6475 4.9765 6.04147 600 0 2802 7 14 -4.8148e-06 5.05834e-06 0 0 0.863929 -0.503614 0 0
453.246 732.197 2.6475 4.9765 6.04147 600 0 2764 7 14 -3.53148e-06 7.00708e-06 0 0 0.880845 -0.473405 0 0
444.855 736.491 2.6475 4.9765 6.04147 600 0 2726 7 14 -5.00706e-06 8.35653e-06 0 0 0.858463 -0.512875 0 0
436.572 740.991 2.6475 4.9765 6.04147 600 0 2688 7 14 -2.49765e-05 6.00897e-06 0 0 0.842745 -0.538313 0 0
428.164 745.254 2.6475 4.9765 6.04147 600 0 2650 7 14 -1.62252e-05 4.10382e-05 0 0 0.859326 -0.511428 0 0
420.273 750.406 2.6475 4.9765 6.04147 600 0 2612 7 14 2.38301e-05 -5.48235e-05 0 0 0.811248 -0.584702 0 0
411.705 754.329 2.6475 4.9765 6.04147 600 0 2574 7 14 0.000107992 -2.06421e-06 0 0 0.788385 -0.615182 0 0
402.573 756.659 2.6475 4.9765 6.04147 600 0 2536 7 14 4.97056e-05 -4.20018e-05 0 0 0.889669 -0.456606 0 0
409.154 763.401 2.6475 4.9765 6.04147 600 0 2160 7 15 7.04016e-05 2.67676e-06 0 0 0.98807 -0.154003 0 0
413.666 771.671 2.6475 4.9765 6.04147 600 0 2198 7 13 4.32936e-05 -3.62686e-05 0 0 0.971909 -0.235356 0 0
422.904 773.515 2.6475 4.9765 6.04147 600 0 2236 7 13 -3.82709e-05 3.44607e-06 0 0 0.977394 -0.211425 0 0
431.195 777.992 2.6475 4.9765 6.04147 600 0 2274 7 13 -4.82928e-06 -1.07718e-05 0 0 0.963845 -0.266464 0 0
440.345 780.237 2.6475 4.9765 6.04147 600 0 2312 7 13 -3.99338e-06 -4.34681e-07 0 0 0.973018 -0.230731 0 0
449.445 782.678 2.6475 4.9765 6.04147 600 0 2350 7 13 1.84799e-06 -9.26898e-07 0 0 0.961438 -0.275021 0 0
458.66 784.638 2.6475 4.9765 6.04147 600 0 2388 7 13 -3.98114e-06 -2.12335e-06 0 0 0.937771 -0.347255 0 0
467.973 786.066 2.6475 4.9765 6.04147 600 0 2426 7 13 1.37154e-06 -1.44533e-06 0 0 0.920133 -0.391606 0 0
477.363 786.828 2.6475 4.9765 6.04147 600 0 2464 7 13 -7.73607e-06 -1.37337e-06 0 0 0.964522 -0.264002 0 0
486.78 787.13 2.6475 4.9765 6.04147 600 0 2502 7 13 -1.70965e-06 -1.0211e-06 0 0 0.944002 -0.329941 0 0
496.193 786.758 2.6475 4.9765 6.04147 600 0 2540 7 13 -7.70154e-06 1.62523e-06 0 0 0.860213 -0.509935 0 0
505.451 788.505 2.6475 4.9765 6.04147 600 0 2578 7 13 -1.57403e-06 -1.47691e-05 0 0 0.927266 -0.374404 0 0
513.975 784.493 2.6475 4.9765 6.04147 600 0 2616 7 13 3.46911e-06 1.06358e-06 0 0 0.880227 -0.474552 0 0
523.229 782.723 2.6475 4.9765 6.04147 600 0 2654 7 13 3.23698e-06 -1.82571e-06 0 0 0.81482 -0.579714 0 0
532.289 780.142 2.6475 4.9765 6.04147 600 0 2692 7 13 3.05107e-06 -2.60211e-07 0 0 0.783643 -0.621211 0 0
541.436 777.886 2.6475 4.9765 6.04147 600 0 2730 7 13 2.21899e-06 -1.92006e-07 0 0 0.739687 -0.672951 0 0
550.624 775.799 2.6475 4.9765 6.04147 600 0 2768 7 13 2.07975e-06 -2.62e-06 0 0 0.738859 -0.67386 0 0
559.562 772.821 2.6475 4.9765 6.04147 600 0 2806 7 13 1.30507e-06 -1.76109e-06 0 0 0.877431 -0.479704 0 0
568.325 769.361 2.6475 4.9765 6.04147 600 0 2844 7 13 2.66638e-06 -7.34687e-07 0 0 0.775869 -0.630895 0 0
577.127 766.002 2.6475 4.9765 6.04147 600 0 2882 7 13 3.13561e-06 1.70494e-06 0 0 0.732544 -0.68072 0 0
586.21 763.498 2.6475 4.9765 6.04147 600 0 2920 7 13 -2.46757e-06 -2.22457e-05 0 0 0.680079 -0.733139 0 0
592.263 756.278 2.6475 4.9765 6.04147 600 0 2958 7 13 0.000342392 0.000265326 0 0 0.744865 -0.667215 0 0
600.216 761.348 2.6475 4.9765 6.04147 600 0 2996 9 13 0.000711146 -0.000309468 0 0 0.881984 -0.471279 0 0
609.349 763.78 2.6475 4.9765 6.04147 0.1 0 2056 8 10 0.000647832 -7.25079e-05 0 0 0.913602 -0.40661 0 0
603.977 771.554 2.6475 4.9765 6.04147 600 0 2996 9 14 0.000444895 -0.000211352 0 0 0.881984 -0.471279 0 0
597.255 778.173 2.6475 4.9765 6.04147 600 0 2958 7 14 0.000234506 -0.000423445 0 0 0.996393 -0.0848532 0 0
588.158 775.708 2.6475 4.9765 6.04147 600 0 2920 7 14 9.59738e-05 8.15194e-05 0 0 0.98426 -0.176725 0 0
580.465 781.148 2.6475 4.9765 6.04147 600 0 2882 7 14 1.72105e-05 -2.88161e-05 0 0 0.997909 -0.0646405 0 0
571.399 783.715 2.6475 4.9765 6.04147 600 0 2844 7 14 2.3256e-05 -5.87147e-06 0 0 0.948332 -0.31728 0 0
562.447 786.651 2.6475 4.9765 6.04147 600 0 2806 7 14 2.26246e-05 -7.14215e-06 0 0 0.937986 -0.346672 0 0
553.391 789.248 2.6475 4.9765 6.04147 600 0 2768 7 14 2.2864e-05 -5.78804e-06 0 0 0.999091 0.0426297 0 0
544.276 791.625 2.6475 4.9765 6.04147 600 0 2730 7 14 2.32795e-05 -4.32788e-06 0 0 0.999902 0.0140254 0 0
535.092 793.718 2.6475 4.9765 6.04147 600 0 2692 7 14 2.37548e-05 -2.38277e-06 0 0 0.999471 -0.0325117 0 0
525.835 795.461 2.6475 4.9765 6.04147 600 0 2654 7 14 2.42237e-05 -6.50097e-07 0 0 0.999473 -0.0324491 0 0
516.52 796.853 2.6475 4.9765 6.04147 600 0 2616 7 14 2.48268e-05 2.75935e-06 0 0 0.997044 0.0768388 0 0
507.147 797.771 2.6475 4.9765 6.04147 600 0 2578 7 15 2.27083e-05 -1.98237e-05 0 0 0.96189 0.273438 0 0
498.111 800.422 2.6475 4.9765 6.04147 600 0 2963 12 13 3.55911e-05 2.41433e-05 0 0 0.986914 0.161245 0 0
493.794 808.793 2.6475 4.9765 6.04147 600 0 37 8 10 0.000249261 0.000134503 0 0 0.885772 0.464121 0 0
486.108 804.313 2.23165 4.19483 4.27197 600 0 2963 11 14 0.000233915 0.00014972 0 0 0.885772 0.464121 0 0
479.005 800.323 2.23165 4.19483 5.09252 600 0 2963 7 14 0.000111164 0.000341836 0 0 0.885779 0.464108 0 0
470.332 799.717 2.6475 4.9765 6.04147 600 0 2426 7 15 0.000135775 -8.51937e-05 0 0 0.959538 0.281579 0 0
461.268 797.108 2.6475 4.9765 6.04147 600 0 2388 7 14 7.18165e-05 6.30626e-05 0 0 0.974165 0.225839 0 0
451.972 795.527 2.6475 4.9765 6.04147 600 0 2350 7 14 7.84056e-05 3.21057e-06 0 0 0.984864 0.173327 0 0
442.738 793.624 2.6475 4.9765 6.04147 600 0 2312 7 14 4.79986e-05 7.53818e-06 0 0 0.965975 0.258636 0 0
433.524 791.631 2.6475 4.9765 6.04147 600 0 2274 7 14 5.00137e-05 6.43531e-06 0 0 0.982455 0.186502 0 0
424.36 789.425 2.6475 4.9765 6.04147 600 0 2236 7 14 1.77309e-05 3.04376e-07 0 0 0.94295 0.332935 0 0
415.25 787.009 2.6475 4.9765 6.04147 600 0 2198 7 14 2.57707e-05 3.69413e-06 0 0 0.96748 0.252946 0 0
406.193 784.4 2.6475 4.9765 6.04147 600 0 2160 7 14 -5.23486e-06 -4.53176e-06 0 0 0.901777 0.432201 0 0
397.19 781.614 2.6475 4.9765 6.04147 600 0 2122 7 14 9.00928e-06 4.69648e-07 0 0 0.935303 0.353849 0 0
388.232 778.685 2.6475 4.9765 6.04147 600 0 2084 7 14 -1.74539e-05 -7.93252e-06 0 0 0.947151 0.320788 0 0
379.314 775.638 2.6475 4.9765 6.04147 600 0 2046 7 14 1.03107e-06 -1.21808e-06 0 0 0.909718 0.415227 0 0
370.424 772.506 2.6475 4.9765 6.04147 600 0 2008 7 14 -1.84584e-05 -7.59092e-06 0 0 0.944804 0.327636 0 0
361.554 769.324 2.6475 4.9765 6.04147 600 0 1970 7 14 7.70359e-07 4.29908e-08 0 0 0.944773 0.327725 0 0
352.686 766.13 2.6475 4.9765 6.04147 600 0 1932 7 14 -9.65e-06 -2.62561e-06 0 0 0.965697 0.259672 0 0
343.805 762.975 2.6475 4.9765 6.04147 600 0 1894 7 14 3.26093e-06 3.54467e-06 0 0 0.973555 0.228453 0 0
334.885 759.928 2.6475 4.9765 6.04147 600 0 1856 7 14 -2.82665e-06 3.64716e-06 0 0 0.981309 0.192437 0 0
325.897 757.094 2.6475 4.9765 6.04147 600 0 1818 7 14 -1.01438e-06 7.69156e-06 0 0 0.842891 0.538085 0 0
316.797 754.636 2.6475 4.9765 6.04147 600 0 1780 7 14 -8.37185e-06 1.09495e-05 0 0 0.890046 0.45587 0 0
307.555 752.797 2.6475 4.9765 6.04147 600 0 1742 7 14 5.31055e-05 1.76555e-05 0 0 0.911362 0.411605 0 0
298.23 751.443 2.6475 4.9765 6.04147 600 0 1704 7 15 7.08961e-05 5.30282e-05 0 0 0.95173 0.306936 0 0
288.907 750.078 2.6475 4.9765 6.04147 600 0 2075 7 13 5.06506e-05 5.3661e-05 0 0 0.63336 0.773857 0 0
292.386 758.835 2.6475 4.9765 6.04147 600 0 2113 7 13 6.24946e-05 6.72402e-05 0 0 0.726094 0.687596 0 0
295.372 767.773 2.6475 4.9765 6.04147 600 0 2151 7 13 4.25416e-05 5.29768e-05 0 0 0.601801 0.798646 0 0
299.265 776.355 2.6475 4.9765 6.04147 600 0 2189 7 13 1.80384e-05 -9.17464e-06 0 0 0.615572 0.788081 0 0
303.906 784.561 2.6475 4.9765 6.04147 600 0 2227 7 13 1.91419e-05 5.87583e-06 0 0 0.684127 0.729362 0 0
309.003 792.49 2.6475 4.9765 6.04147 600 0 2265 7 13 7.4476e-06 1.6445e-06 0 0 0.741925 0.670483 0 0
314.272 800.308 2.6475 4.9765 6.04147 600 0 2303 7 13 1.41212e-05 1.82624e-05 0 0 0.771678 0.636013 0 0
319.583 808.095 2.6475 4.9765 6.04147 600 0 2341 7 13 -7.01342e-07 -1.24156e-06 0 0 0.661289 0.750131 0 0
324.899 815.882 2.6475 4.9765 6.04147 600 0 2379 7 13 1.40062e-05 1.90628e-05 0 0 0.734317 0.678807 0 0
330.236 823.652 2.6475 4.9765 6.04147 600 0 2417 7 13 -3.27355e-06 -9.44324e-06 0 0 0.77788 0.628413 0 0
335.646 831.374 2.6475 4.9765 6.04147 600 0 2455 7 13 1.90419e-05 1.81245e-05 0 0 0.797262 0.603634 0 0
341.184 839.003 2.6475 4.9765 6.04147 600 0 2493 7 13 -2.94693e-08 -1.15769e-05 0 0 0.851807 0.523855 0 0
346.894 846.507 2.6475 4.9765 6.04147 600 0 2531 7 13 2.58155e-05 2.04699e-05 0 0 0.817047 0.576571 0 0
352.785 853.868 2.6475 4.9765 6.04147 600 0 2569 7 13 4.0204e-06 -7.51812e-06 0 0 0.860793 0.508956 0 0
358.851 861.088 2.6475 4.9765 6.04147 600 0 2607 7 13 3.40317e-05 2.61509e-05 0 0 0.867581 0.497297 0 0
365.093 868.153 2.6475 4.9765 6.04147 600 0 2645 7 13 1.15944e-05 -5.1757e-06 0 0 0.923049 0.384682 0 0
371.563 875.016 2.6475 4.9765 6.04147 600 0 2683 7 13 5.13194e-05 2.57998e-05 0 0 0.896769 0.442498 0 0
378.337 881.574 2.6475 4.9765 6.04147 600 0 2721 7 13 9.91021e-06 -1.85019e-05 0 0 0.947077 0.321005 0 0
385.42 887.806 2.6475 4.9765 6.04147 600 0 2759 7 13 6.22265e-05 2.79452e-05 0 0 0.899258 0.437419 0 0
394.762 889.052 2.6475 4.9765 6.04147 600 0 2835 7 13 1.91699e-05 3.0393e-06 0 0 0.942933 0.332981 0 0
389.024 896.515 2.6475 4.9765 6.04147 600 0 2835 7 13 1.18071e-05 -3.21942e-06 0 0 0.956379 0.29213 0 0
398.37 897.763 2.6475 4.9765 6.04147 600 0 2873 7 13 4.00853e-05 2.84962e-05 0 0 0.903589 0.428399 0 0
405.942 903.39 2.6475 4.9765 6.04147 600 0 2911 7 13 0.000195456 -0.000222425 0 0 0.96683 0.25542 0 0
415.231 905.058 2.6475 4.9765 6.04147 600 0 2949 7 13 8.01603e-05 0.000534643 0 0 0.983295 0.18202 0 0
422.289 911.332 2.6475 4.9765 6.04147 600 0 2987 9 13 0.000358835 0.000214163 0 0 0.991899 0.127027 0 0
427.655 919.124 2.6475 4.9765 6.04147 600 0 963 8 10 0.000321195 0.000247093 0 0 0.937325 0.348457 0 0
418.518 921.528 2.6475 4.9765 6.04147 600 0 2987 9 14 0.000305198 0.000194668 0 0 0.93676 0.349972 0 0
409.085 921.733 2.6475 4.9765 6.04147 600 0 2949 7 14 0.00029449 -0.000255466 0 0 0.850383 0.526163 0 0
401.654 915.928 2.6475 4.9765 6.04147 600 0 2911 7 14 -5.79063e-06 0.000123858 0 0 0.866957 0.498382 0 0
392.827 912.612 2.6475 4.9765 6.04147 600 0 2873 7 14 6.18238e-05 -6.08658e-05 0 0 0.708276 0.705936 0 0
385.133 907.163 2.6475 4.9765 6.04147 600 0 2835 7 14 2.33984e-05 -1.01049e-05 0 0 0.716069 0.69803 0 0
377.863 901.161 2.6475 4.9765 6.04147 600 0 2797 7 14 1.75575e-05 -5.03513e-06 0 0 0.681316 0.73199 0 0
370.918 894.784 2.6475 4.9765 6.04147 600 0 2759 7 14 1.28688e-05 -2.21767e-06 0 0 0.729092 0.684416 0 0
364.216 888.154 2.6475 4.9765 6.04147 600 0 2721 7 14 1.05733e-05 -1.29531e-06 0 0 0.679001 0.734137 0 0
357.721 881.321 2.6475 4.9765 6.04147 600 0 2683 7 14 8.50012e-06 -9.39971e-07 0 0 0.705336 0.708873 0 0
351.403 874.325 2.6475 4.9765 6.04147 600 0 2645 7 14 7.46848e-06 -9.37217e-07 0 0 0.607028 0.794681 0 0
345.251 867.182 2.6475 4.9765 6.04147 600 0 2607 7 14 6.70866e-06 -1.37102e-06 0 0 0.643554 0.7654 0 0
339.265 859.899 2.6475 4.9765 6.04147 600 0 2569 7 14 6.11308e-06 -1.432e-06 0 0 0.508782 0.860895 0 0
333.441 852.486 2.6475 4.9765 6.04147 600 0 2531 7 14 5.27494e-06 -1.4467e-06 0 0 0.54937 0.835579 0 0
327.765 844.96 2.6475 4.9765 6.04147 600 0 2493 7 14 4.42167e-06 -1.0736e-06 0 0 0.566454 0.824093 0 0
322.215 837.34 2.6475 4.9765 6.04147 600 0 2455 7 14 3.37763e-06 -6.81755e-07 0 0 0.562753 0.826625 0 0
316.759 829.652 2.6475 4.9765 6.04147 600 0 2417 7 14 2.4489e-06 -1.01699e-07 0 0 0.439701 0.898144 0 0
311.367 821.92 2.6475 4.9765 6.04147 600 0 2379 7 14 1.50082e-06 4.06516e-07 0 0 0.505054 0.863088 0 0
306.007 814.166 2.6475 4.9765 6.04147 600 0 2341 7 14 6.92938e-07 1.01569e-06 0 0 0.468757 0.883327 0 0
300.646 806.412 2.6475 4.9765 6.04147 600 0 2303 7 14 -1.46242e-07 1.60029e-06 0 0 0.466365 0.884592 0 0
295.252 798.681 2.6475 4.9765 6.04147 600 0 2265 7 14 -1.09904e-06 2.41048e-06 0 0 0.351028 0.936365 0 0
289.787 791 2.6475 4.9765 6.04147 600 0 2227 7 14 -2.25163e-06 3.35853e-06 0 0 0.372928 0.92786 0 0
284.204 783.405 2.6475 4.9765 6.04147 600 0 2189 7 14 -3.67807e-06 4.6337e-06 0 0 0.340754 0.940152 0 0
278.442 775.944 2.6475 4.9765 6.04147 600 0 2151 7 14 -5.26866e-06 6.09838e-06 0 0 0.434505 0.90067 0 0
272.439 768.676 2.6475 4.9765 6.04147 600 0 2113 7 14 -7.01188e-06 7.84827e-06 0 0 0.348438 0.937332 0 0
266.125 761.676 2.6475 4.9765 6.04147 600 0 2075 7 14 -8.55027e-06 9.58403e-06 0 0 0.704945 0.709262 0 0
259.445 755.025 2.6475 4.9765 6.04147 600 0 2037 7 14 -9.82345e-06 1.12782e-05 0 0 0.751654 0.659558 0 0
252.361 748.807 2.6475 4.9765 6.04147 600 0 1552 7 15 -1.05582e-05 1.26045e-05 0 0 0.951159 0.308701 0 0
244.863 743.093 2.6475 4.9765 6.04147 600 0 1514 7 14 -1.06957e-05 1.33588e-05 0 0 0.867573 0.497309 0 0
236.976 737.931 2.6475 4.9765 6.04147 600 0 1476 7 14 -1.03561e-05 1.35405e-05 0 0 0.901232 0.433336 0 0
228.743 733.34 2.6475 4.9765 6.04147 600 0 1438 7 14 -9.6145e-06 1.30418e-05 0 0 0.930463 0.366387 0 0
220.225 729.302 2.6475 4.9765 6.04147 600 0 1400 7 14 -8.68212e-06 1.21101e-05 0 0 0.851466 0.52441 0 0
211.482 725.779 2.6475 4.9765 6.04147 600 0 1362 7 14 -7.73778e-06 1.10051e-05 0 0 0.891697 0.452633 0 0
202.566 722.719 2.6475 4.9765 6.04147 600 0 1324 7 14 -6.85979e-06 9.98951e-06 0 0 0.81824 0.574877 0 0
193.518 720.073 2.6475 4.9765 6.04147 600 0 1286 7 14 -6.10892e-06 9.26942e-06 0 0 0.864942 0.501871 0 0
184.368 717.804 2.6475 4.9765 6.04147 600 0 1248 7 14 -5.45547e-06 8.93105e-06 0 0 0.908435 0.418025 0 0
175.138 715.887 2.6475 4.9765 6.04147 600 0 1210 7 14 -4.88041e-06 8.95679e-06 0 0 0.942986 0.332832 0 0
165.843 714.314 2.6475 4.9765 6.04147 600 0 1172 7 14 -4.31679e-06 9.2053e-06 0 0 0.899418 0.43709 0 0
156.496 713.085 2.6475 4.9765 6.04147 600 0 1134 7 14 -3.73381e-06 9.4469e-06 0 0 0.925093 0.379741 0 0
147.111 712.199 2.6475 4.9765 6.04147 600 0 1096 7 14 -3.09261e-06 9.38983e-06 0 0 0.941388 0.337327 0 0
137.7 711.647 2.6475 4.9765 6.04147 600 0 1058 7 14 -2.43642e-06 9.14904e-06 0 0 0.943738 0.330695 0 0
128.275 711.415 2.6475 4.9765 6.04147 600 0 1020 7 14 -1.82498e-06 1.11167e-05 0 0 0.97557 0.219688 0 0
118.849 711.566 2.6475 4.9765 6.04147 600 0 982 7 14 -1.32507e-06 9.8426e-07 0 0 0.975328 0.220762 0 0
114.003 703.487 2.6475 4.9765 6.04147 600 0 944 7 14 -1.66027e-06 1.17869e-06 0 0 0.999846 0.0175505 0 0
109.423 711.719 2.6475 4.9765 6.04147 0.1 0 0 7 15 -6.32027e-07 1.73872e-06 0 0 4.98239e-310 4.98239e-310 0 0
100 712 2.6475 4.9765 6.04147 0.1 0 0 7 7 0.000278517 -0.0266818 0 0 4.98239e-310 4.98239e-310 0 0
100 721 2.6475 4.9765 6.04147 0.1 0 0 7 7 -0 -0 0 0 1.16896e-320 0 0 0
100 730 2.6475 4.9765 6.04147 0.1 0 0 7 7 -0 -0 0 0 3.81959e-312 3.22543e-311 0 0
100 739 2.6475 4.9765 6.04147 0.1 0 0 7 7 -0 -0 0 0 6.88233e-321 4.98239e-310 0 0
100 748 2.6475 4.9765 6.04147 0.1 0 0 7 7 -0 -0 0 0 0 4.98239e-310 0 0
100 757 2.6475 4.9765 6.04147 0.1 0 0 7 7 -0 -0 0 0 1.17094e-320 0 0 0
100 766 2.6475 4.9765 6.04147 0.1 0 0 7 7 -0 -0 0 0 4.98239e-310 5.03125e-311 0 0
100 775 2.6475 4.9765 6.04147 0.1 0 0 7 7 -0 -0 0 0 3.21143e-322 4.98239e-310 0 0
100 784 2.6475 4.9765 6.04147 0.1 0 0 7 7 -0 -0 0 0 2.53456e-321 3.16202e-322 0 0
100 793 2.6475 4.9765 6.04147 0.1 0 0 7 7 -0 -0 0 0 5.32833e-311 0 0 0
100 802 2.6475 4.9765 6.04147 0.1 0 0 7 7 -0 0.0266735 0 0 4.98239e-310 5.05459e-311 0 0
