577.637 453.372 5.295 9.953 12.0829 0.1 0 75 3 1 -2.36935e-05 -1.92926e-05 0 0 1.17884e-320 0 0 0
608.818 407.248 5.295 9.953 12.0829 0.1 0 161 3 1 -3.16225e-07 -1.88672e-07 0 0 6.95255e-310 4.98239e-310 0 0
593.036 465.91 5.295 9.953 12.0829 0.1 0 94 3 1 3.60494e-05 4.78965e-06 0 0 6.95255e-310 4.98239e-310 0 0
625.908 417.445 5.295 9.953 12.0829 0.1 0 90 3 1 -4.18242e-07 -3.38793e-08 0 0 6.95255e-310 4.98239e-310 0 0
635.997 440.99 5.295 9.953 12.0829 0.1 0 67 3 1 -5.85045e-08 1.16131e-07 0 0 6.95255e-310 4.98239e-310 0 0
596.836 491.62 5.295 9.953 12.0829 0.1 0 52 3 1 0.000174158 4.7096e-05 0 0 3.21143e-322 4.98239e-310 0 0
644.951 423.215 5.295 9.953 12.0829 0.1 0 75 3 1 -3.41675e-07 -4.97926e-08 0 0 6.95255e-310 4.98239e-310 0 0
655.701 446.084 5.295 9.953 12.0829 0.1 0 49 3 1 6.01177e-05 -7.63096e-05 0 0 1.58101e-322 4.98118e-310 0 0
664.662 425.929 5.295 9.953 12.0829 0.1 0 90 3 1 -7.72084e-08 -4.21369e-07 0 0 6.95255e-310 6.53427e-310 0 0
682.622 434.488 5.295 9.953 12.0829 0.1 0 77 3 1 6.20505e-06 -1.22799e-05 0 0 6.95255e-310 4.98239e-310 0 0
674.652 452.693 5.295 9.953 12.0829 0.1 0 51 3 1 1.02386e-05 -6.85498e-06 0 0 1.58101e-322 4.98118e-310 0 0
702.078 438.666 5.295 9.953 12.0829 0.1 0 110 3 1 1.09458e-05 -2.35799e-05 0 0 6.95255e-310 4.98239e-310 0 0
694.122 456.863 5.295 9.953 12.0829 0.1 0 64 3 1 2.51606e-05 -2.28193e-05 0 0 0 0 0 0
563.365 470.579 5.295 9.953 12.0829 0.1 0 65 3 1 -0.000189993 -0.000118324 0 0 0 0 0 0
580.151 481.032 5.295 9.953 12.0829 0.1 0 44 3 1 -2.85572e-05 -4.00602e-05 0 0 0 0 0 0
662.175 468.147 5.295 9.953 12.0829 0.1 1 2994 0 0 -1.53823e-05 -1.59839e-05 0 0 6.95255e-310 4.98239e-310 0 0
643.436 461.651 5.295 9.953 12.0829 0.1 0 38 3 1 -1.04177e-05 -7.55799e-05 0 0 0 0 0 0
681.588 472.239 5.295 9.953 12.0829 0.1 0 41 3 1 -7.5708e-06 -5.60127e-05 0 0 0 0 0 0
712.519 464.432 5.295 9.953 12.0829 0.1 0 82 3 1 2.93755e-05 -4.94641e-05 0 0 6.95255e-310 6.53427e-310 0 0
702.967 481.819 5.295 9.953 12.0829 0.1 0 65 3 1 5.57853e-05 -3.33737e-05 0 0 1.58101e-322 4.98118e-310 0 0
566.156 495.113 5.295 9.953 12.0829 0.1 0 66 3 2 -0.000119183 -7.52897e-05 0 0 9.34278e-321 4.60074e-320 0 0
599.301 511.286 5.295 9.953 12.0829 0.1 0 43 3 1 -0.000102144 2.38227e-05 0 0 6.95255e-310 4.98239e-310 0 0
638.379 503.178 5.295 9.953 12.0829 0.1 0 34 3 1 -2.81976e-06 -9.72711e-05 0 0 4.98239e-310 3.30395e-311 0 0
646.272 484.981 5.295 9.953 12.0829 0.1 1 1622 0 0 2.52329e-05 -5.81761e-05 0 0 6.95255e-310 4.98239e-310 0 0
657.98 505.563 5.295 9.953 12.0829 0.1 1 648 0 0 4.27769e-05 3.53852e-05 0 0 2.06025e-321 4.98239e-310 0 0
666.312 487.555 5.295 9.953 12.0829 0.1 1 941 0 0 1.16734e-05 -6.24916e-06 0 0 6.95255e-310 4.98239e-310 0 0
677.349 509.481 5.295 9.953 12.0829 0.1 1 1140 0 0 0.000120157 -1.81739e-05 0 0 1.58101e-322 4.98118e-310 0 0
685.76 491.605 5.295 9.953 12.0829 0.1 1 2178 0 0 3.2787e-05 -6.65415e-05 0 0 6.95255e-310 4.98239e-310 0 0
722.638 484.411 5.295 9.953 12.0829 0.1 0 91 3 1 5.16258e-05 6.79947e-06 0 0 6.95255e-310 4.98239e-310 0 0
717.833 503.844 5.295 9.953 12.0829 0.1 0 98 3 1 7.08713e-08 -1.31957e-08 0 0 6.95255e-310 6.53427e-310 0 0
727.782 522.306 5.295 9.953 12.0829 0.1 0 105 3 1 8.82984e-05 -1.56208e-05 0 0 9.40207e-321 4.94856e-320 0 0
545.88 534.348 5.295 9.953 12.0829 0.1 0 157 3 1 -0 -0 0 0 6.95255e-310 4.98239e-310 0 0
573.123 528.363 5.295 9.953 12.0829 0.1 0 91 3 1 -5.52306e-05 1.49822e-05 0 0 6.95255e-310 4.98239e-310 0 0
579.607 509.644 5.295 9.953 12.0829 0.1 0 79 3 1 -0.00012823 -3.18377e-05 0 0 6.95255e-310 4.98239e-310 0 0
608.859 528.63 5.295 9.953 12.0829 0.1 0 51 3 1 1.99258e-05 -9.2314e-05 0 0 6.95255e-310 4.98239e-310 0 0
590.91 537.109 5.295 9.953 12.0829 0.1 0 73 3 1 1.0449e-05 -2.5644e-05 0 0 0 0 0 0
626.031 518.639 5.295 9.953 12.0829 0.1 0 40 3 1 -5.85703e-05 -0.000112527 0 0 6.95255e-310 4.98239e-310 0 0
633.104 537.003 5.295 9.953 12.0829 0.1 0 46 3 1 0.00028522 -0.000145636 0 0 0 0 0 0
645.549 521.667 5.295 9.953 12.0829 0.1 1 1395 0 0 0.000107718 -0.000187988 0 0 6.95255e-310 4.98239e-310 0 0
651.646 543.574 5.295 9.953 12.0829 0.1 0 42 3 1 0.000339478 -9.62231e-05 0 0 0 0 0 0
665 524.94 5.295 9.953 12.0829 0.1 1 1829 0 0 0.00015828 1.35134e-06 0 0 0 0 0 0
698.265 507.488 5.295 9.953 12.0829 0.1 0 54 3 1 -7.08713e-08 1.31957e-08 0 0 6.95255e-310 4.98239e-310 0 0
688.473 525.826 5.295 9.953 12.0829 0.1 1 2647 0 0 6.21874e-05 6.43071e-05 0 0 6.95255e-310 4.98239e-310 0 0
708.264 525.759 5.295 9.953 12.0829 0.1 0 68 3 1 7.98159e-05 -3.4181e-06 0 0 0 0 0 0
628.228 560.841 5.295 9.953 12.0829 0.1 0 64 3 1 9.55894e-05 9.31005e-05 0 0 6.95255e-310 4.98239e-310 0 0
598.186 578.16 5.295 9.953 12.0829 0.1 0 91 3 1 -0 -0 0 0 6.95255e-310 4.98239e-310 0 0
563.316 545.597 5.295 9.953 12.0829 0.1 0 121 3 1 -4.19078e-05 3.351e-05 0 0 0 0 0 0
620.901 579.261 5.295 9.953 12.0829 0.1 0 76 3 1 -7.466e-06 4.78933e-05 0 0 6.95255e-310 4.98239e-310 0 0
608.843 595.029 5.295 9.953 12.0829 0.1 0 122 3 1 -2.41375e-05 3.15676e-05 0 0 4.98239e-310 4.74303e-322 0 0
647.265 565.973 5.295 9.953 12.0829 0.1 0 56 3 1 0.000100186 7.66574e-05 0 0 6.95255e-310 4.98239e-310 0 0
676.113 541.285 5.295 9.953 12.0829 0.1 0 48 3 1 6.33512e-05 8.44444e-05 0 0 6.95255e-310 4.98239e-310 0 0
665.271 557.826 5.295 9.953 12.0829 0.1 0 57 3 1 0.000128435 0.000136125 0 0 6.95255e-310 4.98239e-310 0 0
658.68 582.135 5.295 9.953 12.0829 0.1 0 89 3 1 4.04696e-05 0.000118601 0 0 6.95255e-310 4.98239e-310 0 0
695.824 582.868 5.295 9.953 12.0829 0.1 0 126 3 1 0.000145435 0.000114218 0 0 6.95255e-310 4.98239e-310 0 0
676.808 590.178 5.295 9.953 12.0829 0.1 0 110 3 1 5.16682e-05 9.23902e-05 0 0 6.95255e-310 4.98239e-310 0 0
663.154 605.05 5.295 9.953 12.0829 0.1 0 171 3 1 -0 -0 0 0 0 0 0 0
709.164 545.606 5.295 9.953 12.0829 0.1 0 90 3 1 3.92503e-05 3.08688e-07 0 0 6.95255e-310 4.98239e-310 0 0
691.222 554.094 5.295 9.953 12.0829 0.1 0 74 3 1 7.33592e-05 6.514e-05 0 0 6.95255e-310 4.98239e-310 0 0
680.264 570.648 5.295 9.953 12.0829 0.1 0 78 3 1 0.000149569 0.000111865 0 0 0 0 0 0
80 235 2.6475 4.9765 6.04147 0.1 0 0 7 7 -0 -0.0266735 0 0 0 0 0 0
80 244 2.6475 4.9765 6.04147 0.1 0 0 7 7 -0 -0 0 0 0 0 0 0
80 253 2.6475 4.9765 6.04147 0.1 0 0 7 7 -0 -0 0 0 0 0 0 0
80 262 2.6475 4.9765 6.04147 0.1 0 0 7 7 -0 -0 0 0 1.0228e-311 2.23022e-311 0 0
80 271 2.6475 4.9765 6.04147 0.1 0 0 7 7 -0 -0 0 0 3.21143e-322 4.98239e-310 0 0
80 280 2.6475 4.9765 6.04147 0.1 0 0 7 7 -0 -0 0 0 6.53427e-310 0 0 0
80 289 2.6475 4.9765 6.04147 0.1 0 0 7 7 -0 -0 0 0 1.58101e-322 4.98118e-310 0 0
80 298 2.6475 4.9765 6.04147 0.1 0 0 7 7 -0 -0 0 0 5.6148e-311 1.30829e-320 0 0
80 307 2.6475 4.9765 6.04147 0.1 0 0 7 7 -0 -0 0 0 1.58101e-322 4.98118e-310 0 0
80 316 2.6475 4.9765 6.04147 0.1 0 0 7 7 -0 -0 0 0 4.98239e-310 1.58101e-322 0 0
80 325 2.6475 4.9765 6.04147 0.1 0 0 7 7 -0 -0 0 0 1.58101e-322 4.98118e-310 0 0
80 334 2.6475 4.9765 6.04147 0.1 0 0 7 7 -0 -0 0 0 1.82067e-311 1.89721e-321 0 0
80 343 2.6475 4.9765 6.04147 0.1 0 0 7 7 -0 -0 0 0 1.63042e-322 4.98239e-310 0 0
80 352 2.6475 4.9765 6.04147 0.1 0 0 7 7 -0 -0 0 0 4.98239e-310 3.63632e-321 0 0
80 361 2.6475 4.9765 6.04147 0.1 0 0 7 7 -0 -0 0 0 0 3.10236e-311 0 0
80 370 2.6475 4.9765 6.04147 0.1 0 0 7 7 -0 -0 0 0 3.16202e-322 4.98118e-310 0 0
80 379 2.6475 4.9765 6.04147 0.1 0 0 7 7 -0 -0 0 0 4.98239e-310 1.58101e-322 0 0
80 388 2.6475 4.9765 6.04147 0.1 0 0 7 7 -0 -0 0 0 3.21143e-322 4.98239e-310 0 0
80 397 2.6475 4.9765 6.04147 0.1 0 0 7 7 -0 -0 0 0 4.98239e-310 1.58101e-322 0 0
80 406 2.6475 4.9765 6.04147 0.1 0 0 7 7 -0 -0 0 0 1.26975e-321 4.98239e-310 0 0
80 415 2.6475 4.9765 6.04147 0.1 0 0 7 7 -0 -0 0 0 6.53427e-310 0 0 0
80 424 2.6475 4.9765 6.04147 0.1 0 0 7 7 -0 -0 0 0 1.58101e-322 4.98118e-310 0 0
80 433 2.6475 4.9765 6.04147 0.1 0 0 7 7 -0 -0 0 0 4.98239e-310 1.58101e-322 0 0
80 442 2.6475 4.9765 6.04147 0.1 0 0 7 7 -0 -0 0 0 4.98239e-310 0 0 0
80 451 2.6475 4.9765 6.04147 0.1 0 0 7 7 -0 -0 0 0 0 4.98239e-310 0 0
80 460 2.6475 4.9765 6.04147 0.1 0 0 7 7 -0 -0 0 0 1.35078e-320 4.98239e-310 0 0
80 469 2.6475 4.9765 6.04147 0.1 0 0 7 7 -0 -0 0 0 5.23072e-311 5.7591e-311 0 0
80 478 2.6475 4.9765 6.04147 0.1 0 0 7 7 -0 -0 0 0 3.16202e-322 4.98118e-310 0 0
80 487 2.6475 4.9765 6.04147 0.1 0 0 7 7 -0 -0 0 0 0 6.32404e-321 0 0
80 496 2.6475 4.9765 6.04147 0.1 0 0 7 7 -0 -0 0 0 1.35325e-320 0 0 0
80 505 2.6475 4.9765 6.04147 0.1 0 0 7 7 -0 -0 0 0 0 4.98239e-310 0 0
80 514 2.6475 4.9765 6.04147 0.1 0 0 7 7 -0 -0 0 0 -nan 1.26481e-321 0 0
80 523 2.6475 4.9765 6.04147 0.1 0 0 7 7 -0 -0 0 0 4.98239e-310 0 0 0
80 532 2.6475 4.9765 6.04147 0.1 0 0 7 7 -0 -0 0 0 1.58101e-322 4.98239e-310 0 0
80 541 2.6475 4.9765 6.04147 0.1 0 0 7 7 -0 -0 0 0 4.98239e-310 4.98239e-310 0 0
80 550 2.6475 4.9765 6.04147 0.1 0 0 7 7 -0 -0 0 0 1.58101e-322 4.98118e-310 0 0
80 559 2.6475 4.9765 6.04147 0.1 0 0 7 7 -0 -0 0 0 4.98239e-310 3.19364e-320 0 0
80 568 2.6475 4.9765 6.04147 0.1 0 0 7 7 -0 -0 0 0 1.58101e-322 4.98118e-310 0 0
80 577 2.6475 4.9765 6.04147 0.1 0 0 7 7 -0 -0 0 0 4.98239e-310 3.36755e-320 0 0
80 586 2.6475 4.9765 6.04147 0.1 0 0 7 7 -0 -0 0 0 0 4.98239e-310 0 0
80 595 2.6475 4.9765 6.04147 0.1 0 0 7 7 -0 -0 0 0 -nan 1.26481e-321 0 0
80 604 2.6475 4.9765 6.04147 0.1 0 0 7 7 -0 -0 0 0 4.98239e-310 4.98239e-310 0 0
80 613 2.6475 4.9765 6.04147 0.1 0 0 7 7 -0 -0 0 0 4.98239e-310 4.98239e-310 0 0
80 622 2.6475 4.9765 6.04147 0.1 0 0 7 7 -0 -0 0 0 4.98239e-310 4.98239e-310 0 0
80 631 2.6475 4.9765 6.04147 0.1 0 0 7 7 -0 -0 0 0 4.98239e-310 4.98239e-310 0 0
80 640 2.6475 4.9765 6.04147 0.1 0 0 7 7 -0 -0 0 0 4.98239e-310 4.98239e-310 0 0
80 649 2.6475 4.9765 6.04147 0.1 0 0 7 7 -0 -0 0 0 4.98239e-310 4.98239e-310 0 0
80 658 2.6475 4.9765 6.04147 0.1 0 0 7 7 -0 -0 0 0 4.98239e-310 4.98239e-310 0 0
80 667 2.6475 4.9765 6.04147 0.1 0 0 7 7 -0 -0 0 0 4.98239e-310 4.98239e-310 0 0
80 676 2.6475 4.9765 6.04147 0.1 0 0 7 7 -0 -0 0 0 4.98239e-310 4.98239e-310 0 0
80 685 2.6475 4.9765 6.04147 0.1 0 0 7 7 -0 -0 0 0 4.98239e-310 4.98239e-310 0 0
80 694 2.6475 4.9765 6.04147 0.1 0 0 7 7 -0 -0 0 0 4.98239e-310 4.98239e-310 0 0
80 703 2.6475 4.9765 6.04147 0.1 0 0 7 7 -0 -0 0 0 4.98239e-310 4.98239e-310 0 0
80 712 2.6475 4.9765 6.04147 0.1 0 0 7 7 -0 -0 0 0 4.98239e-310 1.58101e-322 0 0
80 721 2.6475 4.9765 6.04147 0.1 0 0 7 7 -0 -0 0 0 1.63042e-322 4.98239e-310 0 0
80 730 2.6475 4.9765 6.04147 0.1 0 0 7 7 -0 -0 0 0 4.98239e-310 1.42291e-321 0 0
80 739 2.6475 4.9765 6.04147 0.1 0 0 7 7 -0 -0 0 0 4.98239e-310 6.32404e-322 0 0
80 748 2.6475 4.9765 6.04147 0.1 0 0 7 7 -0 -0 0 0 1.58101e-322 4.98118e-310 0 0
80 757 2.6475 4.9765 6.04147 0.1 0 0 7 7 -0 -0 0 0 9.48532e-312 1.15437e-311 0 0
80 766 2.6475 4.9765 6.04147 0.1 0 0 7 7 -0 -0 0 0 1.26975e-321 4.98239e-310 0 0
80 775 2.6475 4.9765 6.04147 0.1 0 0 7 7 -0 0.0266735 0 0 4.98239e-310 1.58101e-322 0 0
100 208 2.6475 4.9765 6.04147 0.1 0 0 7 7 -0 -0.0266735 0 0 0 4.98239e-310 0 0
100 217 2.6475 4.9765 6.04147 0.1 0 0 7 7 -0 -0 0 0 4.98239e-310 3.16202e-322 0 0
100 226 2.6475 4.9765 6.04147 0.1 0 0 7 7 -0 -0 0 0 1.63042e-322 4.98239e-310 0 0
100 235 2.6475 4.9765 6.04147 0.1 0 0 7 7 -0 -0 0 0 3.73471e-312 1.3411e-311 0 0
100 244 2.6475 4.9765 6.04147 0.1 0 0 7 7 -0 -0 0 0 1.58101e-322 4.98118e-310 0 0
100 253 2.6475 4.9765 6.04147 0.1 0 0 7 7 -0 -0 0 0 4.98239e-310 4.98239e-310 0 0
100 262 2.6475 4.9765 6.04147 0.1 0 0 7 7 -0 -0 0 0 3.21143e-322 4.98239e-310 0 0
100 271 2.6475 4.9765 6.04147 0.1 0 0 7 7 -0 -0 0 0 4.98239e-310 0 0 0
100 280 2.6475 4.9765 6.04147 0.1 0 0 7 7 -0 -0 0 0 1.63042e-322 4.98239e-310 0 0
100 289 2.6475 4.9765 6.04147 0.1 0 0 7 7 -0 -0 0 0 1.08858e-311 1.31139e-311 0 0
100 298 2.6475 4.9765 6.04147 0.1 0 0 7 7 4.16507e-15 0.0266735 0 0 3.16202e-322 4.98118e-310 0 0
108.544 301.968 2.6475 4.9765 6.04147 0.1 0 0 7 15 -1.62726e-14 -8.70751e-15 0 0 9.84606e-312 2.29741e-321 0 0
113.294 310.104 2.6475 4.9765 6.04147 600 0 996 7 13 3.32486e-14 -1.17519e-15 0 0 0.999087 -0.0427138 0 0
117.965 301.923 2.6475 4.9765 6.04147 600 0 1034 7 13 1.3347e-14 2.44605e-14 0 0 0.995156 -0.0983043 0 0
122.715 310.059 2.6475 4.9765 6.04147 600 0 1072 7 13 -6.58466e-14 -2.04069e-14 0 0 0.991308 -0.131565 0 0
132.064 311.22 2.6475 4.9765 6.04147 600 0 1110 7 13 5.42674e-14 1.06447e-14 0 0 0.989949 -0.141428 0 0
141.101 313.883 2.6475 4.9765 6.04147 600 0 1148 7 13 -3.8974e-14 -8.46307e-15 0 0 0.952577 -0.304298 0 0
150.468 314.882 2.6475 4.9765 6.04147 600 0 1186 7 13 2.25445e-14 -4.26525e-16 0 0 0.962289 -0.272029 0 0
159.414 311.928 2.6475 4.9765 6.04147 600 0 1224 7 15 -9.46639e-15 8.83842e-16 0 0 0.938205 -0.346081 0 0
168.097 315.583 2.6475 4.9765 6.04147 600 0 1681 7 13 3.3723e-15 8.53484e-16 0 0 0.761297 -0.648403 0 0
174.631 308.796 2.6475 4.9765 6.04147 600 0 1719 7 13 -3.85109e-16 4.02456e-16 0 0 0.78079 -0.624794 0 0
554.833 138.26 2.6475 4.9765 6.04147 600 0 1819 8 10 -0.000112856 -1.12645e-05 0 0 0.992219 0.124502 0 0
546.443 137.223 2.05972 3.87165 4.27197 600 0 3467 11 14 -0.000112006 -1.5002e-05 0 0 0.991533 0.129853 0 0
538.988 136.334 2.05972 3.87165 4.27197 600 0 3467 7 14 -0.000118094 2.03851e-05 0 0 0.991608 0.129279 0 0
530.985 133.593 2.6475 4.9765 6.04147 600 0 3429 7 14 -7.84688e-05 -8.76678e-05 0 0 0.996333 -0.0855555 0 0
522.418 137.507 2.6475 4.9765 6.04147 600 0 3391 7 14 -2.70437e-05 4.05024e-05 0 0 0.999926 0.0121842 0 0
513.063 136.41 2.6475 4.9765 6.04147 600 0 3353 7 14 -1.30984e-05 2.30638e-06 0 0 0.999995 0.00315466 0 0
503.87 134.35 2.6475 4.9765 6.04147 600 0 3315 7 14 -2.14066e-05 -1.48394e-05 0 0 0.996496 -0.0836437 0 0
495.333 138.332 2.6475 4.9765 6.04147 600 0 3277 7 14 2.32858e-06 7.68073e-06 0 0 0.997092 -0.0762117 0 0
485.926 137.831 2.6475 4.9765 6.04147 600 0 3239 7 14 -1.10994e-05 4.42932e-09 0 0 0.99691 -0.0785463 0 0
476.618 136.377 2.6475 4.9765 6.04147 600 0 3201 7 14 1.53806e-06 -4.38903e-06 0 0 0.95255 -0.304383 0 0
468.114 140.432 2.6475 4.9765 6.04147 600 0 3163 7 14 -4.35395e-06 4.41566e-06 0 0 0.992539 -0.12193 0 0
459.126 137.61 2.6475 4.9765 6.04147 600 0 3125 7 15 3.54634e-06 8.94935e-07 0 0 0.98908 -0.147381 0 0
451.52 143.169 2.6475 4.9765 6.04147 600 0 3468 7 13 -8.85496e-07 7.49213e-07 0 0 0.989984 -0.141178 0 0
450.509 133.803 2.6475 4.9765 6.04147 600 0 37 7 10 -5.61944e-06 -2.57298e-06 0 0 0.831044 -0.556207 0 0
441.583 136.817 2.6475 4.9765 6.04147 600 0 3468 7 14 1.42681e-15 8.50882e-16 0 0 0.874608 -0.48483 0 0
436.785 144.925 2.6475 4.9765 6.04147 600 0 3430 7 14 -2.93775e-15 -1.35352e-15 0 0 0.912243 -0.409649 0 0
427.394 145.671 2.6475 4.9765 6.04147 600 0 2973 7 15 -1.36523e-15 3.19406e-15 0 0 0.953809 -0.300412 0 0
419.542 150.877 2.6475 4.9765 6.04147 600 0 2935 7 14 -1.26617e-14 1.56082e-15 0 0 0.950914 -0.309454 0 0
410.476 153.436 2.6475 4.9765 6.04147 600 0 2897 7 14 4.83988e-15 -1.4615e-16 0 0 0.948173 -0.317756 0 0
401.656 156.748 2.6475 4.9765 6.04147 600 0 2859 7 14 -1.90039e-14 7.21645e-15 0 0 0.92117 -0.38916 0 0
392.844 160.079 2.6475 4.9765 6.04147 600 0 2821 7 14 9.09169e-15 -5.61617e-15 0 0 0.931374 -0.364065 0 0
383.779 162.646 2.6475 4.9765 6.04147 600 0 2783 7 14 -1.79717e-14 2.87565e-14 0 0 0.806192 -0.591654 0 0
376.638 168.791 2.6475 4.9765 6.04147 600 0 2745 7 14 -2.23606e-15 -2.40476e-14 0 0 0.91843 -0.395583 0 0
367.52 171.16 2.6475 4.9765 6.04147 600 0 2707 7 14 -5.62623e-14 4.20809e-14 0 0 0.922102 -0.386948 0 0
359.216 175.609 2.6475 4.9765 6.04147 600 0 2669 7 14 9.23393e-15 -4.38755e-14 0 0 0.839981 -0.542616 0 0
349.846 176.589 2.6475 4.9765 6.04147 600 0 2631 7 14 -1.09347e-13 2.12283e-13 0 0 0.868721 -0.495303 0 0
343.543 183.59 2.6475 4.9765 6.04147 600 0 2593 7 14 6.83481e-16 -6.64295e-14 0 0 0.866484 -0.499206 0 0
336.117 189.387 2.6475 4.9765 6.04147 600 0 2555 7 14 -7.08281e-13 -1.75288e-13 0 0 0.927597 -0.373582 0 0
326.698 189.18 2.6475 4.9765 6.04147 600 0 2517 7 14 2.50376e-13 4.87358e-13 0 0 0.909283 -0.416179 0 0
319.022 194.641 2.6475 4.9765 6.04147 600 0 2479 7 14 -1.5561e-12 1.55016e-12 0 0 0.84405 -0.536264 0 0
312.06 200.989 2.6475 4.9765 6.04147 600 0 2441 7 14 3.5948e-13 -1.74461e-12 0 0 0.864208 -0.503134 0 0
302.74 202.361 2.6475 4.9765 6.04147 600 0 2403 7 14 -5.00841e-12 8.06722e-12 0 0 0.832401 -0.554174 0 0
296.754 209.636 2.6475 4.9765 6.04147 600 0 2365 7 14 1.16252e-12 -6.32231e-12 0 0 0.841153 -0.540797 0 0
287.874 212.78 2.6475 4.9765 6.04147 600 0 2327 7 14 -1.88744e-11 3.04126e-11 0 0 0.809325 -0.587361 0 0
282.184 220.289 2.6475 4.9765 6.04147 600 0 2289 7 14 5.44704e-12 -3.00943e-11 0 0 0.812703 -0.582678 0 0
272.833 221.431 2.6475 4.9765 6.04147 600 0 2251 7 14 -9.38726e-11 4.19684e-10 0 0 0.718353 -0.695679 0 0
270.396 230.532 2.6475 4.9765 6.04147 600 0 2213 7 14 -7.77523e-11 -3.45368e-10 0 0 0.839611 -0.543188 0 0
261.654 234.044 2.6475 4.9765 6.04147 600 0 2175 7 14 -2.18957e-09 1.14262e-09 0 0 0.820156 -0.572141 0 0
253.27 238.339 2.6475 4.9765 6.04147 600 0 2137 7 14 2.22474e-09 -8.92688e-10 0 0 0.656457 -0.754364 0 0
249.218 246.844 2.6475 4.9765 6.04147 600 0 2099 7 14 -9.27527e-09 4.4064e-09 0 0 0.627342 -0.778744 0 0
240.798 251.07 2.6475 4.9765 6.04147 600 0 2061 7 14 9.53252e-09 -4.98032e-09 0 0 0.64787 -0.761751 0 0
237.216 259.783 2.6475 4.9765 6.04147 600 0 2023 7 14 -3.9137e-08 2.74427e-08 0 0 0.631864 -0.775079 0 0
229.486 265.169 2.6475 4.9765 6.04147 600 0 1985 7 14 4.38372e-08 -3.26014e-08 0 0 0.654354 -0.756189 0 0
223.23 272.212 2.6475 4.9765 6.04147 600 0 1947 7 14 -5.84009e-08 1.17171e-07 0 0 0.629341 -0.777129 0 0
219.156 280.707 2.6475 4.9765 6.04147 600 0 1909 7 14 9.90635e-08 -1.28801e-07 0 0 0.667873 -0.744275 0 0
210.334 284.013 2.6475 4.9765 6.04147 600 0 1871 7 14 2.75239e-08 1.40867e-06 0 0 0.632182 -0.77482 0 0
210.828 293.421 2.6475 4.9765 6.04147 600 0 1833 7 14 1.30308e-06 -2.2015e-06 0 0 0.702425 -0.711758 0 0
202.709 298.199 2.6475 4.9765 6.04147 600 0 1795 7 14 4.47312e-06 3.42395e-05 0 0 0.629701 -0.776838 0 0
204.333 307.479 2.6475 4.9765 6.04147 600 0 1757 7 14 5.24676e-05 -6.52964e-05 0 0 0.640617 -0.76786 0 0
204.704 316.892 2.6475 4.9765 6.04147 600 0 1719 7 14 4.68763e-05 3.58686e-05 0 0 0.824839 -0.565368 0 0
212.674 311.865 2.6475 4.9765 6.04147 600 0 1376 7 15 0.000164781 1.61781e-05 0 0 0.969235 -0.246138 0 0
222.074 312.567 2.6475 4.9765 6.04147 600 0 1414 7 13 2.3089e-05 -8.32658e-06 0 0 0.940749 -0.339105 0 0
231.495 312.948 2.6475 4.9765 6.04147 600 0 1452 7 13 0.000117061 -9.65531e-07 0 0 0.963403 -0.268057 0 0
240.921 313.199 2.6475 4.9765 6.04147 600 0 1490 7 13 5.7448e-05 -2.00185e-06 0 0 0.940745 -0.339114 0 0
250.352 313.378 2.6475 4.9765 6.04147 600 0 1528 7 13 9.59389e-05 -6.32488e-07 0 0 0.961899 -0.273404 0 0
259.785 313.516 2.6475 4.9765 6.04147 600 0 1566 7 13 7.3319e-05 -1.76054e-06 0 0 0.927089 -0.374842 0 0
269.221 313.612 2.6475 4.9765 6.04147 600 0 1604 7 13 8.84178e-05 -4.34741e-06 0 0 0.961773 -0.273848 0 0
278.659 313.64 2.6475 4.9765 6.04147 600 0 1642 7 13 8.09757e-05 -9.4598e-06 0 0 0.96678 -0.255611 0 0
288.098 313.554 2.6475 4.9765 6.04147 600 0 1680 7 13 8.69693e-05 -1.70293e-05 0 0 0.911229 -0.411901 0 0
297.537 313.297 2.6475 4.9765 6.04147 600 0 1718 7 13 8.50987e-05 -2.65992e-05 0 0 0.891926 -0.45218 0 0
306.969 312.806 2.6475 4.9765 6.04147 600 0 1756 7 13 8.74875e-05 -3.75008e-05 0 0 0.97141 -0.237406 0 0
316.383 312.024 2.6475 4.9765 6.04147 600 0 1794 7 13 8.71625e-05 -4.83521e-05 0 0 0.940582 -0.339568 0 0
325.766 310.911 2.6475 4.9765 6.04147 600 0 1832 7 13 8.80838e-05 -5.8054e-05 0 0 0.925207 -0.379463 0 0
335.103 309.445 2.6475 4.9765 6.04147 600 0 1870 7 13 8.84101e-05 -6.51735e-05 0 0 0.986588 -0.163229 0 0
344.38 307.63 2.6475 4.9765 6.04147 600 0 1908 7 13 8.9622e-05 -6.90237e-05 0 0 0.947764 -0.318972 0 0
353.592 305.494 2.6475 4.9765 6.04147 600 0 1946 7 15 9.14744e-05 -6.91534e-05 0 0 0.942519 -0.334152 0 0
362.739 303.083 2.6475 4.9765 6.04147 600 0 2619 7 13 9.45357e-05 -6.55363e-05 0 0 0.783946 -0.620829 0 0
371.829 300.457 2.6475 4.9765 6.04147 600 0 2657 7 13 9.87465e-05 -5.85177e-05 0 0 0.802366 -0.596833 0 0
380.878 297.683 2.6475 4.9765 6.04147 600 0 2695 7 13 0.00010402 -4.8792e-05 0 0 0.785351 -0.619051 0 0
389.905 294.832 2.6475 4.9765 6.04147 600 0 2733 7 13 0.000110154 -3.69824e-05 0 0 0.736529 -0.676406 0 0
398.933 291.97 2.6475 4.9765 6.04147 600 0 2771 7 13 0.000116728 -2.37464e-05 0 0 0.698652 -0.715461 0 0
407.981 289.161 2.6475 4.9765 6.04147 600 0 2809 7 13 0.000123654 -9.58908e-06 0 0 0.786253 -0.617905 0 0
417.065 286.462 2.6475 4.9765 6.04147 600 0 2847 7 13 0.000130466 6.04527e-06 0 0 0.821922 -0.5696 0 0
426.2 283.927 2.6475 4.9765 6.04147 600 0 2885 7 13 0.000137918 2.32591e-05 0 0 0.796556 -0.604565 0 0
435.396 281.607 2.6475 4.9765 6.04147 600 0 2923 7 13 0.000141747 3.37969e-05 0 0 0.895527 -0.445006 0 0
444.688 279.698 2.6475 4.9765 6.04147 600 0 2961 7 13 0.000147249 4.67257e-05 0 0 0.904911 -0.425602 0 0
454.034 278.043 2.6475 4.9765 6.04147 600 0 2999 7 13 0.000144814 2.99401e-05 0 0 0.875811 -0.482655 0 0
463.431 276.692 2.6475 4.9765 6.04147 600 0 3037 7 15 0.000135121 -5.64211e-05 0 0 0.94644 -0.322879 0 0
472.816 275.226 2.6475 4.9765 6.04147 600 0 3494 9 13 0.000111417 -0.000195896 0 0 0.939657 -0.342118 0 0
482.109 273.242 2.6475 4.9765 6.04147 600 0 6 8 10 9.96028e-05 -0.000281102 0 0 0.937345 -0.348403 0 0
491.009 276.355 2.6475 4.9765 6.04147 600 0 3494 12 14 1.16017e-05 -7.23735e-05 0 0 0.977745 -0.209797 0 0
500.394 277.234 2.6475 4.9765 6.04147 600 0 3189 7 15 2.97104e-05 -8.30098e-06 0 0 0.982454 -0.186505 0 0
509.816 276.946 2.6475 4.9765 6.04147 600 0 3227 7 13 1.02318e-06 4.22489e-05 0 0 0.973524 -0.228586 0 0
519.153 278.246 2.6475 4.9765 6.04147 600 0 3265 7 13 3.94705e-05 1.98888e-05 0 0 0.997652 -0.0684814 0 0
528.416 280 2.6475 4.9765 6.04147 600 0 3303 7 13 5.2555e-06 1.9383e-05 0 0 0.989254 -0.146209 0 0
537.559 282.303 2.6475 4.9765 6.04147 600 0 3341 7 13 4.10948e-05 1.15526e-05 0 0 0.996432 0.0843965 0 0
546.694 284.639 2.6475 4.9765 6.04147 600 0 3379 7 13 -6.53905e-06 0.000106337 0 0 1 -0.000115923 0 0
554.836 289.396 2.6475 4.9765 6.04147 600 0 3417 7 13 0.000198707 -0.000206708 0 0 0.998499 -0.0547646 0 0
564.266 289.139 2.6475 4.9765 6.04147 600 0 3455 7 13 0.000215516 0.000610502 0 0 0.984222 0.176939 0 0
571.634 295.046 2.6475 4.9765 6.04147 600 0 3493 9 13 0.000419423 0.000367062 0 0 0.987703 0.15634 0 0
576.992 302.847 2.6475 4.9765 6.04147 600 0 881 8 10 0.000415387 0.000367723 0 0 0.898284 0.439415 0 0
567.86 305.241 2.6475 4.9765 6.04147 600 0 3493 9 14 0.000415244 0.000363245 0 0 0.895823 0.444411 0 0
559.321 309.234 2.6475 4.9765 6.04147 600 0 3455 7 14 0.000177383 -0.000141951 0 0 0.835329 0.549751 0 0
552.751 302.48 2.6475 4.9765 6.04147 600 0 3417 7 14 2.61814e-06 2.79993e-05 0 0 0.866921 0.498445 0 0
543.827 299.457 2.6475 4.9765 6.04147 600 0 3379 7 14 9.64972e-06 4.54068e-06 0 0 0.921085 0.389361 0 0
534.783 296.818 2.6475 4.9765 6.04147 600 0 3341 7 14 1.21584e-05 -2.84743e-06 0 0 0.941029 0.338327 0 0
527.142 291.306 2.6475 4.9765 6.04147 600 0 3303 7 14 -3.89775e-07 1.38329e-05 0 0 0.981352 0.192219 0 0
517.909 293.178 2.6475 4.9765 6.04147 600 0 3265 7 14 -5.32349e-06 -8.06045e-06 0 0 0.982231 0.187679 0 0
508.75 290.97 2.6475 4.9765 6.04147 600 0 3227 7 14 -3.64383e-06 -7.52222e-06 0 0 0.99702 0.077146 0 0
500.374 286.655 2.6475 4.9765 6.04147 600 0 3189 7 14 -7.51854e-06 -1.01794e-05 0 0 0.987218 0.159373 0 0
490.994 285.778 2.6475 4.9765 6.04147 600 0 3151 7 14 6.62329e-06 -6.9811e-05 0 0 0.995695 0.0926887 0 0
481.799 287.832 2.6475 4.9765 6.04147 600 0 3113 7 14 4.15844e-06 -7.7258e-06 0 0 0.997679 0.0680957 0 0
472.423 286.913 2.6475 4.9765 6.04147 600 0 3075 7 14 3.06327e-05 -5.80599e-07 0 0 0.999653 0.0263412 0 0
463.35 289.451 2.6475 4.9765 6.04147 600 0 3037 7 14 -1.67938e-05 2.27944e-06 0 0 0.999619 -0.0276169 0 0
453.942 288.968 2.6475 4.9765 6.04147 600 0 2999 7 14 5.5225e-05 2.36449e-05 0 0 0.9901 -0.140366 0 0
445.062 292.116 2.6475 4.9765 6.04147 600 0 2961 7 14 -6.93007e-05 1.80276e-05 0 0 0.977337 -0.211692 0 0
435.652 292.528 2.6475 4.9765 6.04147 600 0 2923 7 14 0.000105095 -1.84578e-06 0 0 0.980725 -0.195391 0 0
427.635 297.478 2.6475 4.9765 6.04147 600 0 2885 7 14 -0.000177303 6.6706e-05 0 0 0.957188 -0.289467 0 0
418.342 299.005 2.6475 4.9765 6.04147 600 0 2847 7 14 0.000256793 -3.95457e-05 0 0 0.964044 -0.265743 0 0
409.019 300.386 2.6475 4.9765 6.04147 600 0 2809 7 14 -0.000351609 0.000163731 0 0 0.937904 -0.346895 0 0
401.445 305.979 2.6475 4.9765 6.04147 600 0 2771 7 14 0.000484724 -0.000321177 0 0 0.859874 -0.510506 0 0
393.41 310.913 2.6475 4.9765 6.04147 600 0 2733 7 14 -0.000720646 0.000325112 0 0 0.932115 -0.362163 0 0
384.491 313.912 2.6475 4.9765 6.04147 600 0 2695 7 14 0.000681403 -0.00132629 0 0 0.819874 -0.572543 0 0
377.941 320.703 2.6475 4.9765 6.04147 600 0 2657 7 14 -0.00131753 0.000263243 0 0 0.830318 -0.557289 0 0
387.107 322.982 2.6475 4.9765 6.04147 600 0 2098 7 15 0.00232604 0.0013862 0 0 0.959314 -0.282342 0 0
395.923 326.23 2.6475 4.9765 6.04147 600 0 2136 7 13 -0.00214778 -0.000778697 0 0 0.999433 0.0336597 0 0
404.835 329.377 2.6475 4.9765 6.04147 600 0 2174 7 13 0.00202968 0.00062058 0 0 0.997935 -0.0642321 0 0
413.914 331.82 2.6475 4.9765 6.04147 600 0 2212 7 13 -0.00186402 -0.000493935 0 0 0.999288 0.0377287 0 0
423.062 334.183 2.6475 4.9765 6.04147 600 0 2250 7 13 0.00178268 0.000467927 0 0 0.999447 -0.033249 0 0
432.153 336.595 2.6475 4.9765 6.04147 600 0 2288 7 13 -0.00167471 -0.000454047 0 0 0.998526 0.0542701 0 0
441.247 339.153 2.6475 4.9765 6.04147 600 0 2326 7 13 0.00158524 0.00046624 0 0 0.995701 -0.0926304 0 0
450.252 341.874 2.6475 4.9765 6.04147 600 0 2364 7 13 -0.00147991 -0.000461406 0 0 0.985385 -0.170341 0 0
459.219 344.836 2.6475 4.9765 6.04147 600 0 2402 7 13 0.00135838 0.000472137 0 0 0.994795 0.101898 0 0
468.079 348.005 2.6475 4.9765 6.04147 600 0 2440 7 13 -0.00125889 -0.000475436 0 0 0.999642 0.0267669 0 0
476.785 351.659 2.6475 4.9765 6.04147 600 0 2478 7 13 0.00113264 0.000475648 0 0 0.989577 0.144005 0 0
485.461 355.303 2.6475 4.9765 6.04147 600 0 2516 7 13 -0.00111447 -0.000560028 0 0 0.999255 0.0385956 0 0
493.351 360.486 2.6475 4.9765 6.04147 600 0 2554 7 13 0.00131348 0.000350801 0 0 0.982412 0.186727 0 0
502.709 361.423 2.6475 4.9765 6.04147 600 0 2592 7 13 -0.00166626 -0.00311194 0 0 0.992931 0.118693 0 0
509.402 368.132 2.6475 4.9765 6.04147 600 0 2630 7 13 0.00462455 0.00197282 0 0 0.99976 0.0218975 0 0
517.374 373.083 2.6475 4.9765 6.04147 600 0 2668 7 13 -0.002401 -0.00138106 0 0 0.990702 0.136047 0 0
526.084 376.769 2.6475 4.9765 6.04147 600 0 2706 7 13 0.00137802 0.000739452 0 0 0.94197 0.335698 0 0
534.122 381.676 2.6475 4.9765 6.04147 600 0 2744 7 13 -0.000620866 -0.00038245 0 0 0.97483 0.22295 0 0
542.238 386.498 2.6475 4.9765 6.04147 600 0 2782 7 13 0.000341775 0.00022777 0 0 0.972074 0.234673 0 0
550.188 391.574 2.6475 4.9765 6.04147 600 0 2820 7 13 4.61322e-05 3.20004e-05 0 0 0.92123 0.38902 0 0
558.129 396.676 2.6475 4.9765 6.04147 600 0 2858 7 13 9.21625e-05 6.14869e-05 0 0 0.949266 0.314473 0 0
566.061 401.8 2.6475 4.9765 6.04147 600 0 2896 7 13 0.000254911 0.000178521 0 0 0.900373 0.435118 0 0
573.943 407.005 2.6475 4.9765 6.04147 600 0 2934 7 13 5.37946e-05 3.35765e-05 0 0 0.890736 0.454522 0 0
581.836 412.204 2.6475 4.9765 6.04147 600 0 2972 7 13 0.000161449 0.000227985 0 0 0.957849 0.287271 0 0
589.353 417.935 2.6475 4.9765 6.04147 600 0 3010 7 13 1.99893e-05 -0.000161202 0 0 0.972751 0.231853 0 0
597.409 422.888 2.6475 4.9765 6.04147 600 0 3048 7 13 -7.52028e-05 0.000305149 0 0 0.990214 0.139558 0 0
604.331 429.323 2.6475 4.9765 6.04147 600 0 3086 7 13 -0.000322814 -0.000268911 0 0 0.999993 0.00382406 0 0
613.372 426.666 2.6475 4.9765 6.04147 600 0 3124 7 13 3.87006e-05 -0.000109616 0 0 0.958574 -0.284844 0 0
611.186 435.83 2.6475 4.9765 6.04147 600 0 3162 7 13 -0.00022204 0.000157711 0 0 0.956617 -0.291349 0 0
616.823 443.401 2.6475 4.9765 6.04147 600 0 3200 7 13 -0.000444925 -0.000343567 0 0 0.827342 0.561699 0 0
619.876 452.328 2.6475 4.9765 6.04147 600 0 3238 7 13 4.65024e-05 -0.000366959 0 0 0.994374 0.105925 0 0
628.319 456.516 2.6475 4.9765 6.04147 600 0 3276 7 13 -0.000208569 -8.6845e-05 0 0 0.854152 0.520024 0 0
627.223 465.874 2.6475 4.9765 6.04147 600 0 3314 7 13 -2.65607e-05 -4.62638e-05 0 0 0.942484 0.334252 0 0
633.623 472.785 2.6475 4.9765 6.04147 600 0 3352 7 13 -1.97149e-05 -0.000105564 0 0 0.714785 0.699345 0 0
631.353 481.923 2.6475 4.9765 6.04147 600 0 3390 7 13 6.23977e-05 3.95219e-06 0 0 -0.0890405 0.996028 0 0
627.205 490.372 2.6475 4.9765 6.04147 600 0 3428 7 13 -2.63946e-05 -0.000191797 0 0 -0.0462998 0.998928 0 0
625.351 498.612 2.10402 3.95492 4.80127 600 0 3466 7 13 -3.21251e-05 -5.1082e-05 0 0 0.349327 0.937001 0 0
620.614 504.534 2.10402 3.95492 4.27197 600 0 3466 11 13 0.000159737 2.30213e-06 0 0 -0.18141 0.983408 0 0
614.06 510.02 2.6475 4.9765 6.04147 0.1 0 2504 8 10 -6.18863e-05 -0.000224355 0 0 -0.114047 0.993475 1 0
612.252 501.654 2.10402 3.95492 4.27197 600 0 3466 11 14 -1.52435e-05 -7.27924e-05 0 0 -0.18141 0.983408 0 0
610.445 494.271 2.10402 3.95492 4.80127 600 0 3466 7 14 0.000257755 -0.00045918 0 0 -0.183267 0.983063 0 0
614.081 486.638 2.6475 4.9765 6.04147 600 0 3428 7 14 -0.000852093 -4.80903e-05 0 0 -0.997609 0.06911 0 0
620.158 479.442 2.6475 4.9765 6.04147 600 0 3390 7 14 -1.97017e-06 -0.00030913 0 0 -0.459642 0.888104 0 0
610.878 477.746 2.6475 4.9765 6.04147 600 0 3352 7 14 -0.000200878 -0.000987312 0 0 -0.201346 0.97952 0 0
616.979 470.579 2.6475 4.9765 6.04147 600 0 3314 7 14 0.000224668 -0.00028312 0 0 0.227757 0.973718 0 0
607.729 468.821 2.6475 4.9765 6.04147 600 0 3276 7 14 0.000392753 -0.000168406 0 0 0.572313 0.820035 0 0
606.791 459.392 2.6475 4.9765 6.04147 600 0 3238 7 14 -0.000215928 2.15603e-05 0 0 -0.343048 0.939318 0 0
604.961 450.099 2.6475 4.9765 6.04147 600 0 3200 7 14 -0.000294436 0.000577335 0 0 -0.291793 0.956482 0 0
601.121 441.452 2.6475 4.9765 6.04147 600 0 3162 7 14 -3.90525e-05 0.000792116 0 0 0.376843 0.926277 0 0
594.386 434.828 2.6475 4.9765 6.04147 600 0 3124 7 14 0.0005049 0.000564016 0 0 0.290268 0.956945 0 0
592.037 443.942 2.6475 4.9765 6.04147 600 0 3086 7 14 -0.000181366 0.0004161 0 0 0.661682 0.749785 0 0
585.301 437.357 2.6475 4.9765 6.04147 600 0 3048 7 14 0.000463802 -7.49253e-05 0 0 0.844657 0.535308 0 0
582.35 428.409 2.6475 4.9765 6.04147 600 0 3010 7 14 -0.000151363 -0.000103134 0 0 0.910396 0.413739 0 0
573.61 424.898 2.6475 4.9765 6.04147 600 0 2972 7 14 0.000227886 0.000134115 0 0 0.850049 0.526704 0 0
566.467 418.746 2.6475 4.9765 6.04147 600 0 2934 7 14 -0.000422352 -0.000260866 0 0 0.89961 0.436695 0 0
558.212 414.213 2.6475 4.9765 6.04147 600 0 2896 7 14 0.000467618 0.000280278 0 0 0.782978 0.622049 0 0
550.555 408.706 2.6475 4.9765 6.04147 600 0 2858 7 14 -0.000608557 -0.000408399 0 0 0.810355 0.585939 0 0
542.685 403.535 2.6475 4.9765 6.04147 600 0 2820 7 14 0.000629698 0.000418545 0 0 0.723861 0.689946 0 0
534.909 398.19 2.6475 4.9765 6.04147 600 0 2782 7 14 -0.000717546 -0.000486572 0 0 0.771505 0.636223 0 0
527.107 392.92 2.6475 4.9765 6.04147 600 0 2744 7 14 0.00080515 0.000512613 0 0 0.723432 0.690396 0 0
518.834 388.376 2.6475 4.9765 6.04147 600 0 2706 7 14 -0.000898795 -0.000624097 0 0 0.785143 0.619315 0 0
511.305 382.731 2.6475 4.9765 6.04147 600 0 2668 7 14 0.00123604 0.000684759 0 0 0.780011 0.625766 0 0
502.354 379.71 2.6475 4.9765 6.04147 600 0 2630 7 15 -0.00157965 -0.00163699 0 0 0.845879 0.533375 0 0
500.242 370.566 2.6475 4.9765 6.04147 600 0 2974 7 13 -0.0028934 0.00448146 0 0 0.828677 0.559727 0 0
493.35 376.956 2.6475 4.9765 6.04147 600 0 38 7 10 0.00188169 -0.000836109 0 0 0.828677 0.559727 0 0
485.005 372.585 2.6475 4.9765 6.04147 600 0 2974 7 14 -3.10799e-05 -2.81674e-05 0 0 0.836037 0.548673 0 0
479.558 364.9 2.6475 4.9765 6.04147 600 0 2936 7 14 0.000126915 1.72899e-05 0 0 0.812902 0.5824 0 0
470.136 365.033 2.6475 4.9765 6.04147 600 0 2478 7 15 -0.000269805 -0.000111685 0 0 0.859415 0.511279 0 0
462.514 359.505 2.6475 4.9765 6.04147 600 0 2440 7 14 0.000559224 0.000219346 0 0 0.879645 0.475632 0 0
453.396 357.104 2.6475 4.9765 6.04147 600 0 2402 7 14 -0.000869221 -0.000272997 0 0 0.812188 0.583396 0 0
444.539 353.931 2.6475 4.9765 6.04147 600 0 2364 7 14 0.00115244 0.000362345 0 0 0.856142 0.516741 0 0
435.464 351.347 2.6475 4.9765 6.04147 600 0 2326 7 14 -0.00142889 -0.000393448 0 0 0.921193 0.389105 0 0
426.379 348.924 2.6475 4.9765 6.04147 600 0 2288 7 14 0.00155583 0.000390821 0 0 0.948512 0.316741 0 0
417.192 346.746 2.6475 4.9765 6.04147 600 0 2250 7 14 -0.00174249 -0.000391598 0 0 0.87289 0.487916 0 0
407.997 344.779 2.6475 4.9765 6.04147 600 0 2212 7 14 0.00166723 0.000341395 0 0 0.924241 0.381811 0 0
398.724 342.987 2.6475 4.9765 6.04147 600 0 2174 7 14 -0.0017503 -0.000326031 0 0 0.871592 0.490232 0 0
389.468 341.31 2.6475 4.9765 6.04147 600 0 2136 7 14 0.00152652 0.000273607 0 0 0.910973 0.412466 0 0
380.165 339.679 2.6475 4.9765 6.04147 600 0 2098 7 14 -0.00152419 -0.000266813 0 0 0.847419 0.530925 0 0
370.894 338.057 2.6475 4.9765 6.04147 600 0 2060 7 14 0.00128539 0.000225584 0 0 0.93243 0.36135 0 0
361.595 336.405 2.6475 4.9765 6.04147 600 0 2022 7 14 -0.00121878 -0.000213237 0 0 0.953731 0.300662 0 0
352.318 334.789 2.6475 4.9765 6.04147 600 0 1984 7 14 0.00110366 0.000191689 0 0 0.966973 0.254879 0 0
343.011 333.2 2.6475 4.9765 6.04147 600 0 1946 7 14 -0.00097468 -0.000123586 0 0 0.922008 0.387171 0 0
333.66 332.095 2.6475 4.9765 6.04147 600 0 1908 7 14 0.00104467 8.16782e-05 0 0 0.968515 0.248956 0 0
324.241 332.688 2.6475 4.9765 6.04147 600 0 1870 7 14 -0.000879162 1.27972e-05 0 0 0.89653 0.442984 0 0
314.827 332.656 2.6475 4.9765 6.04147 600 0 1832 7 15 0.00106744 -0.000568814 0 0 0.951739 0.306909 0 0
306.094 336.223 2.6475 4.9765 6.04147 600 0 2175 7 13 -0.000737002 -0.000144117 0 0 0.917719 0.397231 0 0
313.55 342 2.6475 4.9765 6.04147 600 0 2213 7 13 0.000700926 0.0011104 0 0 0.803204 0.595704 0 0
320.091 348.765 2.6475 4.9765 6.04147 600 0 2251 7 13 -0.00051362 -0.000570312 0 0 0.7734 0.633919 0 0
325.757 356.299 2.6475 4.9765 6.04147 600 0 2289 7 13 0.000113765 0.000156436 0 0 0.814281 0.58047 0 0
332.301 363.077 2.6475 4.9765 6.04147 600 0 2327 7 13 0.00019301 0.000190369 0 0 0.776992 0.62951 0 0
339.019 369.67 2.6475 4.9765 6.04147 600 0 2365 7 13 -0.000674162 -0.00063765 0 0 0.810553 0.585665 0 0
345.914 376.105 2.6475 4.9765 6.04147 600 0 2403 7 13 0.0010164 0.000926862 0 0 0.859539 0.511071 0 0
352.932 382.36 2.6475 4.9765 6.04147 600 0 2441 7 13 -0.00136109 -0.00117293 0 0 0.804097 0.594498 0 0
360.149 388.448 2.6475 4.9765 6.04147 600 0 2479 7 13 0.00164762 0.00136118 0 0 0.901547 0.432681 0 0
367.458 394.353 2.6475 4.9765 6.04147 600 0 2517 7 13 -0.00163103 -0.00129746 0 0 0.879393 0.476096 0 0
374.895 400.18 2.6475 4.9765 6.04147 600 0 2555 7 13 0.00177411 0.00137466 0 0 0.90502 0.42537 0 0
382.354 405.903 2.6475 4.9765 6.04147 600 0 2593 7 13 -0.00148205 -0.0011281 0 0 0.900265 0.435343 0 0
389.913 411.574 2.6475 4.9765 6.04147 600 0 2631 7 13 0.00153919 0.00113247 0 0 0.899686 0.436539 0 0
397.52 417.112 2.6475 4.9765 6.04147 600 0 2669 7 13 -0.00125411 -0.000906488 0 0 0.906274 0.422692 0 0
405.256 422.542 2.6475 4.9765 6.04147 600 0 2707 7 13 0.00129314 0.00087674 0 0 0.934952 0.354775 0 0
413.07 427.795 2.6475 4.9765 6.04147 600 0 2745 7 13 -0.00121297 -0.000810064 0 0 0.918107 0.396333 0 0
421.028 432.892 2.6475 4.9765 6.04147 600 0 2783 7 13 0.00124389 0.000762455 0 0 0.96051 0.278246 0 0
429.07 437.786 2.6475 4.9765 6.04147 600 0 2821 7 13 -0.00144338 -0.000866862 0 0 0.943396 0.331668 0 0
437.255 442.511 2.6475 4.9765 6.04147 600 0 2859 7 13 0.00145776 0.000807484 0 0 0.937661 0.347551 0 0
445.51 447.019 2.6475 4.9765 6.04147 600 0 2897 7 13 -0.001872 -0.000999554 0 0 0.962372 0.271737 0 0
453.904 451.359 2.6475 4.9765 6.04147 600 0 2935 7 13 0.00182812 0.000921123 0 0 0.952421 0.304787 0 0
462.329 455.521 2.6475 4.9765 6.04147 600 0 2973 7 13 -0.00217789 -0.00105798 0 0 0.966861 0.255303 0 0
470.851 459.597 2.6475 4.9765 6.04147 600 0 3011 7 13 0.00197248 0.000936836 0 0 0.950833 0.309705 0 0
479.35 463.595 2.6475 4.9765 6.04147 600 0 3049 7 13 -0.00188556 -0.000887107 0 0 0.957604 0.288087 0 0
487.891 467.614 2.6475 4.9765 6.04147 600 0 3087 7 13 0.00151248 0.000715921 0 0 0.962116 0.27264 0 0
496.367 471.68 2.6475 4.9765 6.04147 600 0 3125 7 13 -0.000941234 -0.000459792 0 0 0.956056 0.293184 0 0
504.811 475.877 2.6475 4.9765 6.04147 600 0 3163 7 13 0.000597911 0.000300416 0 0 0.976393 0.216 0 0
513.155 480.242 2.6475 4.9765 6.04147 600 0 3201 7 13 8.28219e-05 4.97179e-05 0 0 0.959078 0.283143 0 0
521.396 484.808 2.6475 4.9765 6.04147 600 0 3239 7 13 -0.000308868 -0.000174591 0 0 0.976879 0.213795 0 0
529.529 489.586 2.6475 4.9765 6.04147 600 0 3277 7 13 0.000811669 0.000404228 0 0 0.959386 0.282098 0 0
538 493.693 2.6475 4.9765 6.04147 600 0 3315 7 13 -0.00110729 -0.000616368 0 0 0.952005 0.306084 0 0
547.41 494.371 2.6475 4.9765 6.04147 600 0 3391 7 13 0.000513776 5.54302e-05 0 0 0.933461 0.35868 0 0
542.13 502.174 2.6475 4.9765 6.04147 600 0 3391 7 13 0.000226913 0.000459415 0 0 0.928077 0.372389 0 0
551.523 502.843 2.6475 4.9765 6.04147 600 0 3429 7 13 -0.000489553 -0.000334389 0 0 0.974974 -0.222321 0 0
558.703 507.328 2.05972 3.87165 4.27197 600 0 3467 7 13 0.00015866 -0.000231563 0 0 0.992427 0.122839 0 0
558.44 514.829 2.05972 3.87165 4.27197 600 0 3467 11 13 -6.43742e-05 -0.000321695 0 0 0.796475 0.604671 0 0
559.123 523.254 2.6475 4.9765 6.04147 600 0 1363 8 10 -0.00100457 0.000246711 0 0 0.796475 0.604671 0 0
551.454 519.714 2.05972 3.87165 4.27197 600 0 3467 11 14 -0.000598378 -0.000239134 0 0 0.863643 0.504104 0 0
543.966 520.324 2.05972 3.87165 4.27197 600 0 3467 11 14 2.83456e-05 -2.08896e-06 0 0 0.863643 0.504104 0 0
535.533 521.046 2.6475 4.9765 6.04147 600 0 3429 7 14 -2.68648e-05 -0.000583447 0 0 0.839845 0.542827 0 0
534.463 511.673 2.6475 4.9765 6.04147 600 0 3391 7 14 -0.000375964 -0.000472382 0 0 0.80764 0.589676 0 0
525.046 511.77 2.6475 4.9765 6.04147 600 0 3353 7 14 -0.000387555 0.000369928 0 0 0.842658 0.53845 0 0
529.634 503.552 2.6475 4.9765 6.04147 600 0 3315 7 14 -0.000909383 1.94309e-05 0 0 0.869334 0.494225 0 0
520.794 500.171 2.6475 4.9765 6.04147 600 0 3277 7 14 -0.000425183 -0.000603238 0 0 0.898225 0.439536 0 0
512.609 495.389 2.6475 4.9765 6.04147 600 0 3239 7 14 -0.000433648 2.24921e-05 0 0 0.911452 0.411406 0 0
504.052 491.286 2.6475 4.9765 6.04147 600 0 3201 7 14 6.75087e-05 -0.000248725 0 0 0.949581 0.313522 0 0
495.869 486.475 2.6475 4.9765 6.04147 600 0 3163 7 14 -0.000290714 0.000950212 0 0 0.927617 0.373534 0 0
486.551 484.673 2.6475 4.9765 6.04147 600 0 3125 7 14 0.000105896 0.000146669 0 0 0.950487 0.310763 0 1
479.285 478.561 2.6475 4.9765 6.04147 600 0 3087 7 14 -0.000405556 0.00106335 0 0 0.88451 0.466522 0 2
470.256 475.634 2.6475 4.9765 6.04147 600 0 3049 7 14 0.000228877 -0.000458345 0 0 0.894543 0.446982 0 2
461.894 471.145 2.6475 4.9765 6.04147 600 0 3011 7 14 5.19187e-05 0.000120812 0 0 0.896899 0.442235 0 2
453.406 466.906 2.6475 4.9765 6.04147 600 0 2973 7 14 0.000181435 1.03016e-05 0 0 0.906107 0.42305 0 2
445.045 462.431 2.6475 4.9765 6.04147 600 0 2935 7 14 0.000235745 8.62638e-05 0 0 0.855976 0.517016 0 2
436.758 457.831 2.6475 4.9765 6.04147 600 0 2897 7 14 0.000218614 7.45029e-05 0 0 0.872116 0.489299 0 2
428.571 453.07 2.6475 4.9765 6.04147 600 0 2859 7 14 0.000275329 0.000124859 0 0 0.82824 0.560374 0 2
421.281 448.68 2.6475 4.9765 6.04147 600 0 2821 7 14 0.069121 0.0434269 0 0 0.802745 0.596323 0 2
412.423 443.109 2.6475 4.9765 6.04147 600 0 2783 7 14 -0.0720791 -0.0454272 0 0 0.823856 0.566799 0 2
404.599 437.989 2.6475 4.9765 6.04147 600 0 2745 7 14 0.00760293 0.00504089 0 0 0.692367 0.721545 0 2
396.699 432.629 2.6475 4.9765 6.04147 600 0 2707 7 14 -0.00698515 -0.00482384 0 0 0.747129 0.66468 0 2
389.044 427.267 2.6475 4.9765 6.04147 600 0 2669 7 14 0.00716941 0.00509367 0 0 0.802448 0.596723 0 2
381.31 421.684 2.6475 4.9765 6.04147 600 0 2631 7 14 -0.00700414 -0.00512845 0 0 0.669421 0.742884 0 2
373.822 416.132 2.6475 4.9765 6.04147 600 0 2593 7 14 0.00825904 0.00620531 0 0 0.742672 0.669655 0 2
366.214 410.355 2.6475 4.9765 6.04147 600 0 2555 7 14 -0.00874707 -0.00670167 0 0 0.576541 0.817068 0 2
358.873 404.675 2.6475 4.9765 6.04147 600 0 2517 7 14 0.0105419 0.00823134 0 0 0.672055 0.740501 0 2
351.334 398.754 2.6475 4.9765 6.04147 600 0 2479 7 14 -0.0112423 -0.00885694 0 0 0.718271 0.695764 0 2
344.078 393.014 2.6475 4.9765 6.04147 600 0 2441 7 14 0.012211 0.00966124 0 0 0.583553 0.812075 0 2
336.542 387.052 2.6475 4.9765 6.04147 600 0 2403 7 14 -0.0124732 -0.00982638 0 0 0.622261 0.78281 0 2
329.261 381.352 2.6475 4.9765 6.04147 600 0 2365 7 14 0.0122573 0.00946987 0 0 0.582805 0.812612 0 2
321.635 375.516 2.6475 4.9765 6.04147 600 0 2327 7 14 -0.0118978 -0.00897083 0 0 0.553738 0.832691 0 2
314.176 370.018 2.6475 4.9765 6.04147 600 0 2289 7 14 0.0104524 0.00749168 0 0 0.596473 0.802633 0 2
306.339 364.535 2.6475 4.9765 6.04147 600 0 2251 7 14 -0.00934865 -0.00635825 0 0 0.661198 0.750212 0 2
298.529 359.461 2.6475 4.9765 6.04147 600 0 2213 7 14 0.00665199 0.00414793 0 0 0.673477 0.739208 0 2
290.343 354.62 2.6475 4.9765 6.04147 600 0 2175 7 14 -0.00536927 -0.00301737 0 0 0.780445 0.625224 0 2
282.037 350.26 2.6475 4.9765 6.04147 600 0 2137 7 14 0.0027327 0.00141033 0 0 0.813522 0.581534 0 2
273.409 346.343 2.6475 4.9765 6.04147 600 0 1680 7 15 -0.00219375 -0.000860424 0 0 0.990066 0.140603 0 2
264.594 342.99 2.6475 4.9765 6.04147 600 0 1642 7 14 0.000788963 0.000376355 0 0 0.99819 0.0601328 0 2
255.548 340.2 2.6475 4.9765 6.04147 600 0 1604 7 14 -0.000752972 -0.000102544 0 0 0.980293 0.19755 0 2
246.349 338.022 2.6475 4.9765 6.04147 600 0 1566 7 14 0.000363318 0.00017851 0 0 0.969094 0.246691 0 2
237.022 336.412 2.6475 4.9765 6.04147 600 0 1528 7 14 -0.000354565 4.45809e-05 0 0 0.990409 0.138164 0 2
227.629 335.341 2.6475 4.9765 6.04147 600 0 1490 7 14 0.000618879 0.000132663 0 0 0.977708 0.209968 0 2
218.183 334.763 2.6475 4.9765 6.04147 600 0 1452 7 14 -0.000628949 4.29831e-05 0 0 0.993034 0.117825 0 2
208.747 334.609 2.6475 4.9765 6.04147 600 0 1414 7 14 0.00181469 2.92322e-05 0 0 0.985317 0.170732 0 2
199.281 334.832 2.6475 4.9765 6.04147 600 0 1376 7 14 -0.00230741 0.000133822 0 0 0.995242 0.0974327 0 2
189.914 335.375 2.6475 4.9765 6.04147 600 0 1338 7 14 0.00578686 -0.000442076 0 0 0.987849 0.15542 0 2
180.445 336.213 2.6475 4.9765 6.04147 600 0 1300 7 14 -0.00774589 0.000803366 0 0 0.999554 0.0298762 0 2
171.233 337.282 2.6475 4.9765 6.04147 600 0 1262 7 14 0.0144035 -0.00192445 0 0 0.975066 0.221915 0 2
161.727 338.622 2.6475 4.9765 6.04147 600 0 1224 7 14 -0.0172108 0.00259441 0 0 0.991056 0.133444 0 2
152.676 340.113 2.6475 4.9765 6.04147 600 0 1186 7 14 0.0223656 -0.00400629 0 0 0.997553 0.0699124 0 2
143.145 341.884 2.6475 4.9765 6.04147 600 0 1148 7 14 -0.0236933 0.00456804 0 0 0.99495 0.100372 0 2
134.198 343.724 2.6475 4.9765 6.04147 600 0 1110 7 14 0.0254962 -0.00550341 0 0 0.99919 0.0402474 0 2
124.646 345.836 2.6475 4.9765 6.04147 600 0 1072 7 14 -0.029795 0.00686801 0 0 0.999843 -0.017709 0 2
118.117 352.309 2.6475 4.9765 6.04147 600 0 1034 7 14 0.0116882 -0.00721936 0 0 0.998356 -0.0573169 0 2
115.86 343.14 2.6475 4.9765 6.04147 600 0 996 7 14 0.0138569 0.000897554 0 0 0.985995 -0.166777 0 2
108.974 349.698 2.6475 4.9765 6.04147 0.1 0 0 7 15 -0.0127477 0.00320434 0 0 4.98239e-310 1.58101e-322 0 2
100 352 2.6475 4.9765 6.04147 0.1 0 0 7 7 -0.000101997 -0.0266474 0 0 4.79244e-322 4.98239e-310 0 2
100 361 2.6475 4.9765 6.04147 0.1 0 0 7 7 -0 -0 0 0 4.98239e-310 4.9973e-311 0 2
100 370 2.6475 4.9765 6.04147 0.1 0 0 7 7 -0 -0 0 0 1.58101e-322 4.98118e-310 0 2
100 379 2.6475 4.9765 6.04147 0.1 0 0 7 7 -0 -0 0 0 4.98239e-310 1.58101e-322 0 2
100 388 2.6475 4.9765 6.04147 0.1 0 0 7 7 -0 -0 0 0 3.21143e-322 4.98239e-310 0 2
100 397 2.6475 4.9765 6.04147 0.1 0 0 7 7 -0 -0 0 0 3.16177e-311 5.38563e-311 0 2
100 406 2.6475 4.9765 6.04147 0.1 0 0 7 7 -0 -0 0 0 1.58101e-322 4.98118e-310 0 2
100 415 2.6475 4.9765 6.04147 0.1 0 0 7 7 -0 -0 0 0 1.061e-311 2.71828e-311 0 2
100 424 2.6475 4.9765 6.04147 0.1 0 0 7 7 -0 -0 0 0 1.58101e-322 4.98118e-310 0 2
100 433 2.6475 4.9765 6.04147 0.1 0 0 7 7 -0 -0 0 0 1.12449e-320 0 0 2
100 442 2.6475 4.9765 6.04147 0.1 0 0 7 7 -0 -0 0 0 1.58101e-322 4.98118e-310 0 2
100 451 2.6475 4.9765 6.04147 0.1 0 0 7 7 -0 -0 0 0 1.12466e-311 4.24399e-311 0 2
100 460 2.6475 4.9765 6.04147 0.1 0 0 7 7 -0 -0 0 0 4.79244e-322 4.98239e-310 0 2
100 469 2.6475 4.9765 6.04147 0.1 0 0 7 7 -0 -0 0 0 4.98239e-310 0 0 2
100 478 2.6475 4.9765 6.04147 0.1 0 0 7 7 -0 -0 0 0 3.16202e-322 4.98118e-310 0 2
100 487 2.6475 4.9765 6.04147 0.1 0 0 7 7 -0 -0 0 0 6.53427e-310 3.15965e-311 0 2
100 496 2.6475 4.9765 6.04147 0.1 0 0 7 7 -0 -0 0 0 1.63042e-322 4.98239e-310 0 2
100 505 2.6475 4.9765 6.04147 0.1 0 0 7 7 -0 -0 0 0 4.98239e-310 6.48214e-321 0 2
100 514 2.6475 4.9765 6.04147 0.1 0 0 7 7 -0 -0 0 0 4.98239e-310 4.98239e-310 0 2
100 523 2.6475 4.9765 6.04147 0.1 0 0 7 7 -0 -0 0 0 4.98239e-310 4.98239e-310 0 2
100 532 2.6475 4.9765 6.04147 0.1 0 0 7 7 -0 -0 0 0 4.98239e-310 4.98239e-310 0 2
100 541 2.6475 4.9765 6.04147 0.1 0 0 7 7 -0 -0 0 0 4.98239e-310 4.98239e-310 0 2
100 550 2.6475 4.9765 6.04147 0.1 0 0 7 7 -0 -0 0 0 4.98239e-310 4.98239e-310 0 2
100 559 2.6475 4.9765 6.04147 0.1 0 0 7 7 -0 -0 0 0 4.98239e-310 4.98239e-310 0 2
100 568 2.6475 4.9765 6.04147 0.1 0 0 7 7 -0 -0 0 0 4.98239e-310 4.98239e-310 0 2
100 577 2.6475 4.9765 6.04147 0.1 0 0 7 7 -0 -0 0 0 4.98239e-310 4.98239e-310 0 2
100 586 2.6475 4.9765 6.04147 0.1 0 0 7 7 -0 -0 0 0 4.98239e-310 4.98239e-310 0 2
100 595 2.6475 4.9765 6.04147 0.1 0 0 7 7 -0 -0 0 0 4.98239e-310 4.98239e-310 0 2
100 604 2.6475 4.9765 6.04147 0.1 0 0 7 7 -0 -0 0 0 4.98239e-310 4.98239e-310 0 2
100 613 2.6475 4.9765 6.04147 0.1 0 0 7 7 -0 -0 0 0 4.98239e-310 4.98239e-310 0 2
100 622 2.6475 4.9765 6.04147 0.1 0 0 7 7 -0 -0 0 0 4.98239e-310 4.98239e-310 0 2
100 631 2.6475 4.9765 6.04147 0.1 0 0 7 7 -0 -0 0 0 4.98239e-310 4.98239e-310 0 2
100 640 2.6475 4.9765 6.04147 0.1 0 0 7 7 -0 -0 0 0 4.98239e-310 4.98239e-310 0 2
100 649 2.6475 4.9765 6.04147 0.1 0 0 7 7 -0 -0 0 0 4.98239e-310 4.98239e-310 0 2
100 658 2.6475 4.9765 6.04147 0.1 0 0 7 7 0.00108262 0.0268255 0 0 4.98239e-310 4.98239e-310 0 2
109.355 659.313 2.6475 4.9765 6.04147 0.1 0 0 7 15 9.76024e-07 -9.1964e-06 0 0 4.98239e-310 4.98239e-310 0 2
118.721 660.548 2.6475 4.9765 6.04147 600 0 944 7 13 1.81373e-06 -1.79504e-05 0 0 0.987461 0.157864 0 2
128.107 661.627 2.6475 4.9765 6.04147 600 0 982 7 13 2.40246e-06 -2.58306e-05 0 0 0.996872 0.0790389 0 2
137.515 662.484 2.6475 4.9765 6.04147 600 0 1020 7 13 2.6843e-06 -3.24501e-05 0 0 0.999935 0.0113821 0 2
146.944 663.059 2.6475 4.9765 6.04147 600 0 1058 7 13 2.66817e-06 -3.7515e-05 0 0 0.998389 0.0567323 0 2
156.388 663.31 2.6475 4.9765 6.04147 600 0 1096 7 15 2.4253e-06 -4.08648e-05 0 0 0.99984 -0.0178795 0 2
165.835 663.209 2.6475 4.9765 6.04147 600 0 1550 7 13 2.06713e-06 -4.24833e-05 0 0 0.99368 -0.11225 0 2
175.271 662.742 2.6475 4.9765 6.04147 600 0 1588 7 13 1.71494e-06 -4.2489e-05 0 0 0.923339 -0.383987 0 2
184.682 661.914 2.6475 4.9765 6.04147 600 0 1626 7 13 1.46988e-06 -4.11207e-05 0 0 0.903888 -0.427769 0 2
194.056 660.74 2.6475 4.9765 6.04147 600 0 1664 7 13 1.39007e-06 -3.87132e-05 0 0 0.8392 -0.543822 0 2
203.384 659.245 2.6475 4.9765 6.04147 600 0 1702 7 13 1.4808e-06 -3.56548e-05 0 0 0.778529 -0.627609 0 2
212.662 657.461 2.6475 4.9765 6.04147 600 0 1740 7 13 1.69876e-06 -3.23429e-05 0 0 0.829954 -0.557832 0 2
221.887 655.419 2.6475 4.9765 6.04147 600 0 1778 7 13 1.96488e-06 -2.91512e-05 0 0 0.781929 -0.623367 0 2
231.059 653.152 2.6475 4.9765 6.04147 600 0 1816 7 13 2.18023e-06 -2.64094e-05 0 0 0.840329 -0.542076 0 2
240.18 650.685 2.6475 4.9765 6.04147 600 0 1854 7 13 2.24129e-06 -2.43882e-05 0 0 0.798002 -0.602654 0 2
249.25 648.037 2.6475 4.9765 6.04147 600 0 1892 7 13 2.05364e-06 -2.32844e-05 0 0 0.855108 -0.51845 0 2
258.27 645.22 2.6475 4.9765 6.04147 600 0 1930 7 13 1.54319e-06 -2.32066e-05 0 0 0.818662 -0.574276 0 2
267.236 642.238 2.6475 4.9765 6.04147 600 0 1968 7 13 6.6518e-07 -2.4161e-05 0 0 0.829581 -0.558387 0 2
276.143 639.084 2.6475 4.9765 6.04147 600 0 2006 7 13 -5.88641e-07 -2.60436e-05 0 0 0.813724 -0.581251 0 2
284.983 635.745 2.6475 4.9765 6.04147 600 0 2044 7 13 -2.18433e-06 -2.86402e-05 0 0 0.893334 -0.449394 0 2
293.745 632.205 2.6475 4.9765 6.04147 600 0 2082 7 13 -4.04181e-06 -3.16418e-05 0 0 0.861433 -0.507872 0 2
302.413 628.442 2.6475 4.9765 6.04147 600 0 2120 7 13 -6.03402e-06 -3.46744e-05 0 0 0.906437 -0.422341 0 2
310.973 624.436 2.6475 4.9765 6.04147 600 0 2158 7 13 -7.99203e-06 -3.73429e-05 0 0 0.872823 -0.488037 0 2
319.407 620.174 2.6475 4.9765 6.04147 600 0 2196 7 13 -9.71956e-06 -3.92855e-05 0 0 0.875647 -0.482952 0 2
327.701 615.644 2.6475 4.9765 6.04147 600 0 2234 7 13 -1.10185e-05 -4.02266e-05 0 0 0.83069 -0.556735 0 2
335.844 610.846 2.6475 4.9765 6.04147 600 0 2272 7 15 -1.17222e-05 -4.00167e-05 0 0 0.890003 -0.455955 0 2
343.829 605.789 2.6475 4.9765 6.04147 600 0 2727 7 13 -1.17279e-05 -3.8648e-05 0 0 0.673283 -0.739385 0 2
351.655 600.49 2.6475 4.9765 6.04147 600 0 2765 7 13 -1.10177e-05 -3.62406e-05 0 0 0.717501 -0.696558 0 2
359.328 594.971 2.6475 4.9765 6.04147 600 0 2803 7 13 -9.662e-06 -3.30087e-05 0 0 0.62398 -0.78144 0 2
366.861 589.262 2.6475 4.9765 6.04147 600 0 2841 7 13 -7.80342e-06 -2.92138e-05 0 0 0.675894 -0.736999 0 2
374.27 583.392 2.6475 4.9765 6.04147 600 0 2879 7 13 -5.62607e-06 -2.51212e-05 0 0 0.610303 -0.792168 0 2
381.574 577.392 2.6475 4.9765 6.04147 600 0 2917 7 13 -3.32053e-06 -2.09601e-05 0 0 0.591005 -0.806668 0 2
388.795 571.292 2.6475 4.9765 6.04147 600 0 2955 7 13 -1.04233e-06 -1.68971e-05 0 0 0.811563 -0.584265 0 2
395.954 565.118 2.6475 4.9765 6.04147 600 0 2993 7 13 1.11363e-06 -1.3006e-05 0 0 0.797699 -0.603056 0 2
403.072 558.896 2.6475 4.9765 6.04147 600 0 3031 7 13 3.15115e-06 -9.26609e-06 0 0 0.722529 -0.691341 0 2
410.166 552.649 2.6475 4.9765 6.04147 600 0 3069 7 13 5.14269e-06 -5.54086e-06 0 0 0.687971 -0.725738 0 2
417.258 546.397 2.6475 4.9765 6.04147 600 0 3107 7 13 7.24683e-06 -1.67214e-06 0 0 0.82605 -0.563597 0 2
424.366 540.163 2.6475 4.9765 6.04147 600 0 3145 7 13 9.49784e-06 2.52307e-06 0 0 0.805441 -0.592676 0 2
431.51 533.972 2.6475 4.9765 6.04147 600 0 3183 7 13 1.19137e-05 6.89995e-06 0 0 0.96168 -0.274175 0 2
438.713 527.848 2.6475 4.9765 6.04147 600 0 3221 7 13 1.39027e-05 1.12756e-05 0 0 0.954639 -0.297766 0 2
445.994 521.817 2.6475 4.9765 6.04147 600 0 3259 7 13 1.53603e-05 1.45229e-05 0 0 0.921283 -0.388893 0 2
453.364 515.896 2.6475 4.9765 6.04147 600 0 3297 7 13 1.47165e-05 1.66932e-05 0 0 0.995261 -0.0972427 0 2
460.829 510.094 2.6475 4.9765 6.04147 600 0 3335 7 13 1.38897e-05 1.54015e-05 0 0 0.986896 -0.161361 0 2
468.38 504.404 2.6475 4.9765 6.04147 600 0 3373 7 13 9.6921e-07 3.62957e-06 0 0 0.995361 0.0962057 0 2
467.601 495.015 2.6475 4.9765 6.04147 600 0 3411 7 13 9.37824e-06 -3.02137e-06 0 0 0.995616 0.0935376 0 2
476.138 499 2.6475 4.9765 6.04147 600 0 3411 7 13 6.71227e-06 8.21931e-06 0 0 0.970975 0.239182 0 2
484.028 493.789 2.6475 4.9765 6.04147 600 0 713 7 10 -0.000755236 -0.000754518 0 0 0.655625 -0.755086 1 1
486.345 502.921 2.6475 4.9765 6.04147 600 0 3411 7 14 1.52313e-05 1.44246e-05 0 0 0.970975 0.239182 0 0
485.294 512.283 2.6475 4.9765 6.04147 600 0 3411 7 14 0.000236076 -1.12564e-05 0 0 0.984862 0.17334 0 0
475.871 512.351 2.6475 4.9765 6.04147 600 0 3373 7 14 -0.000464264 0.000327544 0 0 0.98435 0.176226 0 0
469.441 519.22 2.6475 4.9765 6.04147 600 0 3335 7 14 0.000940523 -0.000863282 0 0 0.990466 0.137757 0 0
462.281 525.367 2.6475 4.9765 6.04147 600 0 3297 7 14 -0.00134833 0.00117632 0 0 0.991335 -0.131361 0 0
455.248 531.601 2.6475 4.9765 6.04147 600 0 3259 7 14 0.00145233 -0.00129665 0 0 0.994249 -0.10709 0 0
448.221 537.914 2.6475 4.9765 6.04147 600 0 3221 7 14 -0.00161618 0.00146254 0 0 0.981653 -0.190677 0 0
441.27 544.246 2.6475 4.9765 6.04147 600 0 3183 7 14 0.00125359 -0.0011486 0 0 0.954895 -0.296944 0 0
434.34 550.668 2.6475 4.9765 6.04147 600 0 3145 7 14 -0.00131169 0.00114932 0 0 0.927613 -0.373542 0 0
427.175 556.778 2.6475 4.9765 6.04147 600 0 3107 7 14 0.000788917 -0.000668419 0 0 0.927376 -0.374132 0 0
420.128 563.073 2.6475 4.9765 6.04147 600 0 3069 7 14 -0.000784775 0.000690043 0 0 0.875916 -0.482464 0 0
413.052 569.307 2.6475 4.9765 6.04147 600 0 3031 7 14 0.000435791 -0.000359518 0 0 0.899392 -0.437143 0 0
406.149 575.758 2.6475 4.9765 6.04147 600 0 2993 7 14 -0.000309867 0.000396034 0 0 0.865839 -0.500323 0 0
399.715 582.66 2.6475 4.9765 6.04147 600 0 2955 7 14 0.00027544 -0.000458427 0 0 0.803342 -0.595519 0 0
392.135 588.295 2.6475 4.9765 6.04147 600 0 2917 7 14 -4.57891e-05 0.000518083 0 0 0.771389 -0.636363 0 0
387.23 596.347 2.6475 4.9765 6.04147 600 0 2879 7 14 0.000532417 -0.000879095 0 0 0.860941 -0.508705 0 0
379.717 602.08 2.6475 4.9765 6.04147 600 0 2841 7 14 -0.000870493 0.00141054 0 0 0.821539 -0.570152 0 0
371.55 606.743 2.6475 4.9765 6.04147 600 0 2803 7 14 -0.000370096 -0.00457431 0 0 0.925206 -0.379465 0 0
371.534 616.253 2.6475 4.9765 6.04147 600 0 2765 7 14 0.00107377 0.00918138 0 0 0.891985 -0.452066 0 0
379.73 611.493 2.6475 4.9765 6.04147 600 0 2424 7 15 0.00463149 -0.00110736 0 0 0.93118 -0.364559 0 0
389.066 610.534 2.6475 4.9765 6.04147 600 0 2462 7 13 -0.00224961 0.000430186 0 0 0.905243 -0.424895 0 0
397.115 605.58 2.6475 4.9765 6.04147 600 0 2500 7 13 0.00135941 -0.000370279 0 0 0.882621 -0.470085 0 0
406.449 604.303 2.6475 4.9765 6.04147 600 0 2538 7 13 -0.000681742 4.13892e-05 0 0 0.866951 -0.498393 0 0
415.461 601.48 2.6475 4.9765 6.04147 600 0 2576 7 13 0.000696004 -0.000110424 0 0 0.870422 -0.492307 0 0
424.698 599.588 2.6475 4.9765 6.04147 600 0 2614 7 13 -0.000680747 0.000134623 0 0 0.935128 -0.354311 0 0
433.922 597.559 2.6475 4.9765 6.04147 600 0 2652 7 13 0.000716202 -0.000150899 0 0 0.934947 -0.354788 0 0
443.138 595.591 2.6475 4.9765 6.04147 600 0 2690 7 13 -0.00116757 0.000250739 0 0 0.87683 -0.4808 0 0
452.356 593.529 2.6475 4.9765 6.04147 600 0 2728 7 13 0.00117197 -0.000275442 0 0 0.899189 -0.437561 0 0
461.514 591.363 2.6475 4.9765 6.04147 600 0 2766 7 13 -0.00179295 0.000435096 0 0 0.870157 -0.492774 0 0
470.676 589.064 2.6475 4.9765 6.04147 600 0 2804 7 13 0.0017928 -0.000464031 0 0 0.893922 -0.448223 0 0
479.76 586.659 2.6475 4.9765 6.04147 600 0 2842 7 13 -0.00225137 0.000615152 0 0 0.86532 -0.50122 0 0
488.856 584.108 2.6475 4.9765 6.04147 600 0 2880 7 13 0.00221568 -0.000628018 0 0 0.884061 -0.467372 0 0
497.881 581.518 2.6475 4.9765 6.04147 600 0 2918 7 13 -0.00237023 0.000736228 0 0 0.844328 -0.535827 0 0
506.859 578.578 2.6475 4.9765 6.04147 600 0 2956 7 13 0.00238893 -0.00074392 0 0 0.878288 -0.478132 0 0
515.876 575.971 2.6475 4.9765 6.04147 600 0 2994 7 13 -0.00245504 0.000923008 0 0 0.857327 -0.514772 0 0
524.539 572.191 2.6475 4.9765 6.04147 600 0 3032 7 13 0.00283674 -0.00105234 0 0 0.827178 -0.56194 0 0
531.086 565.453 2.6475 4.9765 6.04147 600 0 3070 7 13 -0.000993143 0.000800716 0 0 0.821492 -0.57022 0 0
533.644 574.516 2.6475 4.9765 6.04147 600 0 3108 7 13 -0.00119223 -0.000169382 0 0 0.8598 -0.510631 0 0
540.229 567.765 2.6475 4.9765 6.04147 600 0 3146 7 13 0.00114042 -0.000296622 0 0 0.821723 -0.569887 0 0
549.356 565.475 2.6475 4.9765 6.04147 600 0 3184 7 13 -0.000485981 0.00022554 0 0 0.880412 -0.47421 0 0
555.978 558.769 2.6475 4.9765 6.04147 600 0 3222 7 13 0.000195179 -0.000127466 0 0 0.780754 -0.624839 0 0
565.262 560.36 2.6475 4.9765 6.04147 600 0 3260 7 13 -7.4376e-05 2.72596e-05 0 0 0.79215 -0.610326 0 0
574.402 558.074 2.6475 4.9765 6.04147 600 0 3298 7 13 2.55889e-05 -1.8167e-05 0 0 0.580676 -0.814135 0 0
578.412 549.55 2.6475 4.9765 6.04147 600 0 3336 7 13 4.88805e-05 2.81745e-05 0 0 0.502635 -0.864499 0 0
587.511 551.997 2.6475 4.9765 6.04147 600 0 3374 7 13 6.81319e-05 -3.14585e-05 0 0 0.659529 -0.751679 0 0
596.851 550.737 2.6475 4.9765 6.04147 600 0 3412 7 13 6.62222e-05 -3.15432e-05 0 0 0.0968622 -0.995298 0 0
604.038 544.639 2.6475 4.9765 6.04147 600 0 3450 7 13 0.000152641 6.91675e-05 0 0 0.931218 -0.364462 0 0
613.283 542.788 2.6475 4.9765 6.04147 600 0 3488 9 13 0.000111641 -0.000136033 0 0 0.796952 -0.604043 0 0
621.93 546.557 2.6475 4.9765 6.04147 600 0 1950 8 10 0.000165143 -0.000256517 0 0 0.796952 -0.604043 0 0
615.453 553.431 2.6475 4.9765 6.04147 600 0 3488 9 14 0.000252638 -0.000169712 0 0 0.796952 -0.604043 0 0
613.3 562.609 2.6475 4.9765 6.04147 600 0 3450 7 14 -8.85137e-06 -0.000229764 0 0 0.995455 0.0952373 0 0
604.047 564.39 2.6475 4.9765 6.04147 600 0 3412 7 14 3.02075e-05 -2.38083e-05 0 0 0.999992 0.00406048 0 0
595.064 561.55 2.6475 4.9765 6.04147 600 0 3374 7 14 1.77545e-05 1.45257e-05 0 0 0.979711 -0.200413 0 0
585.806 563.297 2.6475 4.9765 6.04147 600 0 3336 7 14 1.51929e-05 1.8209e-06 0 0 0.884845 -0.465886 0 0
581.743 571.797 2.6475 4.9765 6.04147 600 0 3298 7 14 6.52188e-07 -5.0687e-06 0 0 0.861656 -0.507493 0 0
572.332 572.228 2.6475 4.9765 6.04147 600 0 3260 7 14 8.74461e-07 1.32332e-07 0 0 0.87844 -0.477853 0 0
563.151 574.342 2.6475 4.9765 6.04147 600 0 3222 7 14 8.44653e-07 4.36002e-08 0 0 0.886577 -0.462582 0 0
560.035 583.233 2.6475 4.9765 6.04147 600 0 3184 7 14 5.7357e-09 -2.48296e-07 0 0 0.829654 -0.558278 0 0
550.687 584.404 2.6475 4.9765 6.04147 600 0 3146 7 14 3.39263e-08 -1.68179e-08 0 0 0.871788 -0.489883 0 0
541.334 583.275 2.6475 4.9765 6.04147 600 0 3108 7 14 2.97957e-08 1.80168e-08 0 0 0.932807 -0.360376 0 0
533.101 587.854 2.6475 4.9765 6.04147 600 0 3070 7 14 1.13107e-08 -1.43736e-08 0 0 0.916389 -0.400289 0 0
523.966 585.55 2.6475 4.9765 6.04147 600 0 3032 7 14 6.85369e-09 5.07453e-09 0 0 0.975423 -0.220343 0 0
516.65 591.486 2.6475 4.9765 6.04147 600 0 2994 7 14 -1.31228e-10 -1.90709e-09 0 0 0.954943 -0.296789 0 0
507.407 593.306 2.6475 4.9765 6.04147 600 0 2956 7 14 1.90683e-09 -1.75475e-10 0 0 0.990244 -0.139344 0 0
498.495 596.361 2.6475 4.9765 6.04147 600 0 2918 7 14 -6.18564e-10 5.77947e-11 0 0 0.971471 -0.237158 0 0
489.389 598.777 2.6475 4.9765 6.04147 600 0 2880 7 14 1.80587e-09 -4.87474e-10 0 0 0.989908 -0.141715 0 0
480.187 600.795 2.6475 4.9765 6.04147 600 0 2842 7 14 -7.85469e-10 8.36134e-11 0 0 0.979013 -0.203797 0 0
470.842 601.989 2.6475 4.9765 6.04147 600 0 2804 7 15 9.84157e-10 -2.48715e-10 0 0 0.979248 -0.202667 0 0
467.713 610.875 2.6475 4.9765 6.04147 600 0 3372 7 13 -3.40977e-12 1.8034e-10 0 0 0.983611 -0.180306 0 0
461.582 603.722 2.6475 4.9765 6.04147 600 0 38 7 10 3.21625e-05 -1.43439e-05 0 0 0.972905 -0.231204 0 0
452.976 607.56 2.6475 4.9765 6.04147 600 0 3372 7 14 -0.000260659 6.39404e-05 0 0 0.973466 -0.228832 0 0
443.772 609.558 2.6475 4.9765 6.04147 600 0 3334 7 14 0.000430258 -9.61136e-05 0 0 0.998912 -0.0466279 0 0
434.583 611.676 2.6475 4.9765 6.04147 600 0 2652 7 15 -0.000753763 0.000170615 0 0 0.983406 -0.181419 0 0
425.398 613.741 2.6475 4.9765 6.04147 600 0 2614 7 14 0.000920624 -0.000195148 0 0 0.980226 -0.197883 0 0
416.129 615.528 2.6475 4.9765 6.04147 600 0 2576 7 14 -0.00131384 0.000295192 0 0 0.984911 -0.173062 0 0
406.977 617.7 2.6475 4.9765 6.04147 600 0 2538 7 14 0.00181087 -0.000326766 0 0 0.974777 -0.223182 0 0
397.59 618.82 2.6475 4.9765 6.04147 600 0 2500 7 14 -0.00254627 0.000832052 0 0 0.998913 -0.0466156 0 0
388.991 622.577 2.6475 4.9765 6.04147 600 0 2462 7 14 0.00459006 -0.000208195 0 0 0.991095 -0.13316 0 0
379.623 620.926 2.6475 4.9765 6.04147 600 0 2424 7 14 -0.0087983 -0.000299969 0 0 0.995881 -0.090669 0 0
371.52 625.59 2.6475 4.9765 6.04147 600 0 2386 7 14 0.00486074 -0.00554299 0 0 0.993253 -0.115967 0 0
362.126 626.938 2.6475 4.9765 6.04147 600 0 2348 7 14 -0.00326018 0.000924596 0 0 0.96961 -0.244657 0 0
353.455 630.577 2.6475 4.9765 6.04147 600 0 2310 7 14 0.0018273 -0.000753854 0 0 0.997557 -0.0698581 0 0
344.467 633.521 2.6475 4.9765 6.04147 600 0 2272 7 14 -0.00136434 0.000453607 0 0 0.978251 -0.207425 0 0
335.529 636.498 2.6475 4.9765 6.04147 600 0 2234 7 14 0.00119106 -0.000397 0 0 0.995987 -0.0894986 0 0
326.542 639.416 2.6475 4.9765 6.04147 600 0 2196 7 14 -0.00105496 0.000335891 0 0 0.979446 -0.201707 0 0
317.568 642.276 2.6475 4.9765 6.04147 600 0 2158 7 14 0.00139256 -0.000442345 0 0 0.974726 -0.223402 0 0
308.554 645.106 2.6475 4.9765 6.04147 600 0 2120 7 14 -0.00135751 0.000424163 0 0 0.990539 -0.13723 0 0
299.573 647.909 2.6475 4.9765 6.04147 600 0 2082 7 14 0.00184108 -0.000575189 0 0 0.985336 -0.170625 0 0
290.557 650.73 2.6475 4.9765 6.04147 600 0 2044 7 14 -0.00179994 0.00056719 0 0 0.985416 -0.170161 0 0
281.598 653.568 2.6475 4.9765 6.04147 600 0 2006 7 14 0.00212614 -0.00068134 0 0 0.944176 -0.329442 0 0
272.612 656.478 2.6475 4.9765 6.04147 600 0 1968 7 14 -0.00198327 0.000651784 0 0 0.93504 -0.354542 0 0
263.704 659.46 2.6475 4.9765 6.04147 600 0 1930 7 14 0.00197733 -0.000678009 0 0 0.975222 -0.221229 0 0
254.792 662.574 2.6475 4.9765 6.04147 600 0 1892 7 14 -0.00172502 0.000614714 0 0 0.95563 -0.294571 0 0
245.974 665.823 2.6475 4.9765 6.04147 600 0 1854 7 14 0.00145043 -0.000553492 0 0 0.967309 -0.253599 0 0
237.19 669.262 2.6475 4.9765 6.04147 600 0 1816 7 14 -0.00118773 0.000474861 0 0 0.936787 -0.349901 0 0
228.515 672.894 2.6475 4.9765 6.04147 600 0 1778 7 14 0.000850268 -0.000373678 0 0 0.954582 -0.29795 0 0
219.933 676.798 2.6475 4.9765 6.04147 600 0 1740 7 14 -0.000662375 0.000311205 0 0 0.917446 -0.397861 0 0
211.555 681.085 2.6475 4.9765 6.04147 600 0 1702 7 14 0.000401051 -0.000232035 0 0 0.934151 -0.356879 0 0
203.581 686.108 2.6475 4.9765 6.04147 600 0 1664 7 14 -0.000310725 0.000173724 0 0 0.879989 -0.474994 0 0
194.742 689.355 2.6475 4.9765 6.04147 600 0 1626 7 14 0.000166125 -0.000156801 0 0 0.923553 -0.383471 0 0
187.598 695.499 2.6475 4.9765 6.04147 600 0 1588 7 14 -0.000117028 6.93457e-05 0 0 0.93818 -0.346149 0 0
196.492 698.614 2.6475 4.9765 6.04147 600 0 1248 7 15 0.000150333 0.000107698 0 0 0.996933 -0.0782652 0 0
205.107 702.425 2.6475 4.9765 6.04147 600 0 1286 7 13 -7.54813e-05 -3.47516e-05 0 0 0.999926 -0.0121307 0 0
213.83 705.991 2.6475 4.9765 6.04147 600 0 1324 7 13 8.30441e-05 2.58214e-05 0 0 0.998111 -0.0614381 0 0
222.744 709.046 2.6475 4.9765 6.04147 600 0 1362 7 13 -1.878e-05 -9.56533e-06 0 0 0.994248 0.107101 0 0
231.739 711.858 2.6475 4.9765 6.04147 600 0 1400 7 13 4.52765e-05 1.21699e-05 0 0 0.999142 0.0414105 0 0
240.767 714.561 2.6475 4.9765 6.04147 600 0 1438 7 13 3.20857e-06 3.14502e-07 0 0 0.999788 0.0205936 0 0
249.806 717.23 2.6475 4.9765 6.04147 600 0 1476 7 13 2.84989e-05 8.56969e-06 0 0 0.994028 -0.109128 0 0
258.844 719.905 2.6475 4.9765 6.04147 600 0 1514 7 13 1.0287e-05 3.70622e-06 0 0 0.988158 -0.153438 0 0
267.873 722.609 2.6475 4.9765 6.04147 600 0 1552 7 13 2.082e-05 7.07188e-06 0 0 0.988906 0.148546 0 0
276.893 725.346 2.6475 4.9765 6.04147 600 0 1590 7 13 1.14315e-05 4.02723e-06 0 0 0.99698 -0.0776565 0 0
285.907 728.104 2.6475 4.9765 6.04147 600 0 1628 7 13 1.68729e-05 4.94116e-06 0 0 0.993629 -0.112699 0 0
294.924 730.854 2.6475 4.9765 6.04147 600 0 1666 7 13 1.09926e-05 1.67647e-06 0 0 0.976894 -0.213722 0 0
303.957 733.549 2.6475 4.9765 6.04147 600 0 1704 7 13 1.45456e-05 4.84522e-07 0 0 0.991848 -0.127425 0 0
313.026 736.124 2.6475 4.9765 6.04147 600 0 1742 7 13 1.10825e-05 -3.71975e-06 0 0 0.981371 -0.192123 0 0
322.153 738.488 2.6475 4.9765 6.04147 600 0 1780 7 13 1.27552e-05 -7.13662e-06 0 0 0.999164 -0.0408911 0 0
331.354 740.541 2.6475 4.9765 6.04147 600 0 1818 7 13 1.23297e-05 -1.18344e-05 0 0 0.99485 -0.101359 0 0
340.641 742.165 2.6475 4.9765 6.04147 600 0 1856 7 13 1.01105e-05 -1.6662e-05 0 0 0.989391 -0.14528 0 0
350.007 743.25 2.6475 4.9765 6.04147 600 0 1894 7 13 1.43099e-05 -2.05284e-05 0 0 0.995896 -0.090507 0 0
359.425 743.702 2.6475 4.9765 6.04147 600 0 1932 7 13 5.23088e-06 -2.40356e-05 0 0 0.984576 -0.174955 0 0
368.85 743.465 2.6475 4.9765 6.04147 600 0 1970 7 13 1.70144e-05 -2.65646e-05 0 0 0.963016 -0.269443 0 0
378.233 742.526 2.6475 4.9765 6.04147 600 0 2008 7 15 -1.45828e-06 -2.50944e-05 0 0 0.997904 -0.0647151 0 0
387.524 740.922 2.6475 4.9765 6.04147 600 0 2498 7 13 2.19985e-05 -2.85449e-05 0 0 0.845351 -0.534212 0 0
396.694 738.725 2.6475 4.9765 6.04147 600 0 2536 7 13 -7.83773e-06 -1.94727e-05 0 0 0.795474 -0.605988 0 0
405.73 736.026 2.6475 4.9765 6.04147 600 0 2574 7 13 3.08938e-05 -2.85716e-05 0 0 0.799587 -0.60055 0 0
414.637 732.927 2.6475 4.9765 6.04147 600 0 2612 7 13 -1.23242e-05 -1.08735e-05 0 0 0.749258 -0.662279 0 0
423.43 729.517 2.6475 4.9765 6.04147 600 0 2650 7 13 4.30283e-05 -2.97474e-05 0 0 0.806233 -0.591599 0 0
432.129 725.875 2.6475 4.9765 6.04147 600 0 2688 7 13 -1.54101e-05 -3.77021e-06 0 0 0.781306 -0.624148 0 0
440.751 722.05 2.6475 4.9765 6.04147 600 0 2726 7 13 5.33337e-05 -3.40202e-05 0 0 0.749616 -0.661873 0 0
449.3 718.065 2.6475 4.9765 6.04147 600 0 2764 7 13 -2.10455e-05 -1.41319e-06 0 0 0.72191 -0.691987 0 0
457.765 713.903 2.6475 4.9765 6.04147 600 0 2802 7 13 5.24635e-05 -4.29215e-05 0 0 0.800086 -0.599885 0 0
466.112 709.508 2.6475 4.9765 6.04147 600 0 2840 7 13 -3.56676e-05 -5.31338e-06 0 0 0.732216 -0.681072 0 0
474.276 704.78 2.6475 4.9765 6.04147 600 0 2878 7 13 3.85442e-05 -5.39194e-05 0 0 0.77439 -0.632709 0 0
482.211 699.678 2.6475 4.9765 6.04147 600 0 2916 7 13 -6.64768e-05 -1.98753e-05 0 0 0.704621 -0.709584 0 0
489.62 693.836 2.6475 4.9765 6.04147 600 0 2954 7 15 7.96765e-05 -1.2248e-05 0 0 0.762475 -0.647017 0 0
497.385 688.479 2.6475 4.9765 6.04147 600 0 3412 7 13 -0.000204505 -0.000176479 0 0 0.565712 -0.824603 0 0
502.107 680.307 2.6475 4.9765 6.04147 600 0 3450 7 13 0.000344241 -0.000128897 0 0 0.502004 -0.864865 0 0
508.745 673.597 2.6475 4.9765 6.04147 600 0 3488 9 13 0.000294066 0.000378705 0 0 0.53949 -0.841992 0 0
517.811 670.913 2.6475 4.9765 6.04147 600 0 88 8 10 0.000810216 -0.0011035 0 0 0.53949 -0.841992 0 0
517.43 680.392 2.6475 4.9765 6.04147 600 0 3488 9 14 0.000852118 0.00299061 0 0 0.562018 -0.827125 0 0
517.449 689.806 2.6475 4.9765 6.04147 600 0 3450 7 14 0.000771709 -0.00478349 0 0 0.596926 -0.802297 0 0
525.573 685.068 2.6475 4.9765 6.04147 600 0 3106 7 15 -0.0029111 0.00040865 0 0 0.686384 -0.727239 0 0
531.607 677.785 2.6475 4.9765 6.04147 600 0 3144 7 13 0.000942715 -0.000647055 0 0 0.727867 -0.685719 0 0
539.502 672.642 2.6475 4.9765 6.04147 600 0 3182 7 13 -0.000709438 0.000462523 0 0 0.74844 -0.663202 0 0
547.421 667.501 2.6475 4.9765 6.04147 600 0 3220 7 13 0.000422569 -0.0002945 0 0 0.720475 -0.693481 0 0
555.204 662.184 2.6475 4.9765 6.04147 600 0 3258 7 13 -0.000457464 0.000300301 0 0 0.684103 -0.729386 0 0
562.681 656.429 2.6475 4.9765 6.04147 600 0 3296 7 13 0.000202186 -0.000230289 0 0 0.670045 -0.74232 0 0
569.385 649.805 2.6475 4.9765 6.04147 600 0 3334 7 13 -0.000257187 0.000273735 0 0 0.600758 -0.799431 0 0
576.902 644.113 2.6475 4.9765 6.04147 600 0 3372 7 13 2.93861e-05 -0.000189752 0 0 0.60244 -0.798164 0 0
580.768 635.519 2.6475 4.9765 6.04147 600 0 3410 7 13 -6.28204e-05 0.000137027 0 0 0.529022 -0.848608 0 0
584.564 626.891 2.6475 4.9765 6.04147 600 0 3448 7 13 0.000346932 8.9654e-05 0 0 0.509416 -0.860521 0 0
593.971 626.239 2.6475 4.9765 6.04147 600 0 3486 9 13 0.000203651 -0.000614774 0 0 0.48512 -0.874448 0 0
602.929 623.237 2.6475 4.9765 6.04147 600 0 1002 8 10 0.000365031 -0.000382226 0 0 0.442023 -0.897004 0 0
602.718 632.693 2.6475 4.9765 6.04147 600 0 3486 9 14 3.72129e-05 -0.000273158 0 0 0.442023 -0.897004 0 0
598.833 641.299 2.6475 4.9765 6.04147 600 0 3448 7 14 -0.000103287 -0.000513795 0 0 0.661796 -0.749684 0 0
591.308 646.998 2.6475 4.9765 6.04147 600 0 3410 7 14 4.64471e-05 0.000192728 0 0 0.704593 -0.709612 0 0
585.41 654.361 2.6475 4.9765 6.04147 600 0 3372 7 14 0.000107301 -0.000255069 0 0 0.752562 -0.658521 0 0
578.423 660.707 2.6475 4.9765 6.04147 600 0 3334 7 14 -0.000251112 0.000186787 0 0 0.794547 -0.607202 0 0
571.2 666.774 2.6475 4.9765 6.04147 600 0 3296 7 14 0.000205386 -0.000201226 0 0 0.752569 -0.658514 0 0
563.713 672.526 2.6475 4.9765 6.04147 600 0 3258 7 14 -0.00035214 0.000228313 0 0 0.844989 -0.534784 0 0
556.029 677.999 2.6475 4.9765 6.04147 600 0 3220 7 14 0.000233065 -0.000193038 0 0 0.839061 -0.544038 0 0
548.146 683.202 2.6475 4.9765 6.04147 600 0 3182 7 14 -0.000450622 0.000231569 0 0 0.82344 -0.567403 0 0
540.026 688.01 2.6475 4.9765 6.04147 600 0 3144 7 14 0.000368956 -0.000267373 0 0 0.812112 -0.583501 0 0
531.611 692.315 2.6475 4.9765 6.04147 600 0 3106 7 14 -0.000572286 0.000768818 0 0 0.87341 -0.486985 0 0
523.474 697.081 2.6475 4.9765 6.04147 600 0 3068 7 14 0.00203581 0.000224523 0 0 0.846912 -0.531733 0 0
514.139 698.733 2.6475 4.9765 6.04147 600 0 3030 7 14 -0.00234157 0.00191337 0 0 0.900828 -0.434176 0 0
507.146 705.114 2.6475 4.9765 6.04147 600 0 2992 7 14 0.000667967 -0.00121991 0 0 0.902894 -0.429864 0 0
499.07 710.116 2.6475 4.9765 6.04147 600 0 2954 7 14 -0.000341102 -3.8143e-05 0 0 0.856898 -0.515486 0 0
490.643 714.459 2.6475 4.9765 6.04147 600 0 2916 7 14 0.000391193 -0.000258109 0 0 0.877954 -0.478745 0 0
482.12 718.611 2.6475 4.9765 6.04147 600 0 2878 7 14 0.000128935 -7.5722e-05 0 0 0.901554 -0.432667 0 0
473.585 722.711 2.6475 4.9765 6.04147 600 0 2840 7 14 0.000448855 -0.00021325 0 0 0.880735 -0.47361 0 0
465.06 726.82 2.6475 4.9765 6.04147 600 0 2802 7 14 0.000127334 -5.14078e-05 0 0 0.863929 -0.503614 0 0
456.571 730.975 2.6475 4.9765 6.04147 600 0 2764 7 14 0.000517284 -0.000242384 0 0 0.880845 -0.473405 0 0
448.131 735.221 2.6475 4.9765 6.04147 600 0 2726 7 14 6.30024e-05 -1.62862e-05 0 0 0.858463 -0.512875 0 0
439.772 739.602 2.6475 4.9765 6.04147 600 0 2688 7 14 0.000345086 -0.000169902 0 0 0.842745 -0.538313 0 0
431.515 744.161 2.6475 4.9765 6.04147 600 0 2650 7 14 0.000260925 -0.000131124 0 0 0.859326 -0.511428 0 0
423.617 749.317 2.6475 4.9765 6.04147 600 0 2612 7 14 -0.000312984 0.000176538 0 0 0.811248 -0.584702 0 0
415.506 754.099 2.6475 4.9765 6.04147 600 0 2574 7 14 0.00085708 -0.00072403 0 0 0.788385 -0.615182 0 0
406.453 756.744 2.6475 4.9765 6.04147 600 0 2536 7 14 -0.000596602 -0.000164167 0 0 0.889669 -0.456606 0 0
413.269 763.264 2.6475 4.9765 6.04147 600 0 2160 7 15 0.000559095 0.00108871 0 0 0.98807 -0.154003 0 0
419.24 770.541 2.6475 4.9765 6.04147 600 0 2198 7 13 -0.00044762 -0.000494958 0 0 0.971909 -0.235356 0 0
427.717 774.679 2.6475 4.9765 6.04147 600 0 2236 7 13 0.000537393 0.000205402 0 0 0.977394 -0.211425 0 0
436.566 777.922 2.6475 4.9765 6.04147 600 0 2274 7 13 -0.000110037 -7.12683e-05 0 0 0.963845 -0.266464 0 0
445.65 780.466 2.6475 4.9765 6.04147 600 0 2312 7 13 0.000248069 3.37812e-05 0 0 0.973018 -0.230731 0 0
454.863 782.503 2.6475 4.9765 6.04147 600 0 2350 7 13 0.000249712 1.57555e-05 0 0 0.961438 -0.275021 0 0
464.161 784.13 2.6475 4.9765 6.04147 600 0 2388 7 13 -4.19726e-06 -3.54272e-05 0 0 0.937771 -0.347255 0 0
473.525 785.387 2.6475 4.9765 6.04147 600 0 2426 7 13 0.000588542 1.79009e-05 0 0 0.920133 -0.391606 0 0
482.928 786.25 2.6475 4.9765 6.04147 600 0 2464 7 13 -0.0005521 -8.93472e-05 0 0 0.964522 -0.264002 0 0
492.383 786.703 2.6475 4.9765 6.04147 600 0 2502 7 13 0.00148178 -0.000213256 0 0 0.944002 -0.329941 0 0
501.789 786 2.6475 4.9765 6.04147 600 0 2540 7 13 -0.00279043 -0.00222752 0 0 0.860213 -0.509935 0 0
511.004 788.32 2.6475 4.9765 6.04147 600 0 2578 7 13 0.00337357 -0.000517226 0 0 0.927266 -0.374404 0 0
519.716 784.701 2.6475 4.9765 6.04147 600 0 2616 7 13 -0.00150048 0.000651321 0 0 0.880227 -0.474552 0 0
528.585 781.36 2.6475 4.9765 6.04147 600 0 2654 7 13 0.000725946 -0.00017549 0 0 0.81482 -0.579714 0 0
537.581 778.454 2.6475 4.9765 6.04147 600 0 2692 7 13 -0.00045274 0.000140396 0 0 0.783643 -0.621211 0 0
546.574 775.509 2.6475 4.9765 6.04147 600 0 2730 7 13 0.000148642 -7.76125e-05 0 0 0.739687 -0.672951 0 0
555.51 772.414 2.6475 4.9765 6.04147 600 0 2768 7 13 -0.000185937 1.04946e-05 0 0 0.738859 -0.67386 0 0
564.331 769.003 2.6475 4.9765 6.04147 600 0 2806 7 13 3.88974e-05 -0.000114393 0 0 0.877431 -0.479704 0 0
572.926 765.058 2.6475 4.9765 6.04147 600 0 2844 7 13 -8.75721e-05 -0.000112494 0 0 0.775869 -0.630895 0 0
581.116 760.327 2.6475 4.9765 6.04147 600 0 2882 7 13 1.60715e-05 -0.000239879 0 0 0.732544 -0.68072 0 0
588.668 754.629 2.6475 4.9765 6.04147 600 0 2920 7 15 -5.18364e-05 -0.000252031 0 0 0.680079 -0.733139 0 0
595.405 747.98 2.6475 4.9765 6.04147 600 0 3436 7 13 1.43253e-05 -0.000348506 0 0 0.44634 -0.894864 0 0
601.32 740.585 2.6475 4.9765 6.04147 600 0 3474 9 13 0.000187747 -0.000137705 0 0 0.318322 -0.947983 0 0
607.435 733.342 2.6475 4.9765 6.04147 600 0 64 8 10 0.000179982 -0.000341072 0 0 0.318322 -0.947983 0 0
612.503 741.302 2.6475 4.9765 6.04147 600 0 3474 9 14 0.000600627 -9.28393e-05 0 0 0.531588 -0.847003 0 0
621.453 744.267 2.6475 4.9765 6.04147 600 0 3110 7 15 -0.000478436 -0.000595714 0 0 0.688194 -0.725527 0 0
626.936 751.933 2.6475 4.9765 6.04147 600 0 3110 7 13 0.000244089 0.000145859 0 0 0.647848 -0.76177 0 0
630.858 743.351 2.6475 4.9765 6.04147 600 0 3148 7 13 0.000878242 -0.000623617 0 0 0.624106 -0.78134 0 0
639.178 738.876 2.6475 4.9765 6.04147 600 0 3186 7 13 -0.000236058 3.2379e-05 0 0 0.594135 -0.804365 0 0
647.241 733.925 2.6475 4.9765 6.04147 600 0 3224 7 13 0.000230178 -0.000170578 0 0 0.547289 -0.836943 0 0
655.229 728.861 2.6475 4.9765 6.04147 600 0 3262 7 13 -0.000182974 4.59075e-05 0 0 0.47227 -0.881454 0 0
663.022 723.498 2.6475 4.9765 6.04147 600 0 3300 7 13 -0.000129982 1.14879e-05 0 0 0.492946 -0.87006 0 0
670.565 717.8 2.6475 4.9765 6.04147 600 0 3338 7 13 -0.000332452 0.000107184 0 0 0.403274 -0.915079 0 0
677.489 711.371 2.6475 4.9765 6.04147 600 0 3376 7 13 -0.000205749 0.000256663 0 0 0.424238 -0.905551 0 0
684.771 705.366 2.6475 4.9765 6.04147 600 0 3414 7 13 -0.000497921 5.15805e-05 0 0 0.322897 -0.946434 0 0
687.249 696.265 2.6475 4.9765 6.04147 600 0 3452 7 13 0.000503014 0.000321822 0 0 0.290709 -0.956811 0 0
696.457 694.205 2.6475 4.9765 6.04147 600 0 3490 9 13 0.000309803 -0.000477954 0 0 0.265604 -0.964082 0 0
705.573 691.702 2.6475 4.9765 6.04147 0.1 0 2556 8 10 0.000341402 -0.000374194 0 0 0.546827 -0.837246 0 0
704.848 701.126 2.6475 4.9765 6.04147 600 0 3490 9 14 0.000236157 -0.000383192 0 0 0.712507 -0.701665 0 0
702.092 710.151 2.6475 4.9765 6.04147 600 0 3452 7 14 -0.000115982 -0.000478128 0 0 0.641867 -0.766816 0 0
693.551 714.145 2.6475 4.9765 6.04147 600 0 3414 7 14 0.000162828 4.3355e-05 0 0 0.791766 -0.610825 0 0
687.815 721.626 2.6475 4.9765 6.04147 600 0 3376 7 14 -4.29131e-05 -2.4978e-05 0 0 0.714298 -0.699841 0 0
680.698 727.805 2.6475 4.9765 6.04147 600 0 3338 7 14 7.00592e-05 -6.42447e-05 0 0 0.779196 -0.626781 0 0
673.473 733.86 2.6475 4.9765 6.04147 600 0 3300 7 14 -5.23431e-05 3.13405e-05 0 0 0.724691 -0.689074 0 0
665.983 739.578 2.6475 4.9765 6.04147 600 0 3262 7 14 0.000101429 -8.07218e-05 0 0 0.813251 -0.581912 0 0
658.311 745.053 2.6475 4.9765 6.04147 600 0 3224 7 14 -7.28962e-05 5.64404e-05 0 0 0.769175 -0.639038 0 0
650.756 750.684 2.6475 4.9765 6.04147 600 0 3186 7 14 0.000116938 -8.63537e-05 0 0 0.755114 -0.655594 0 0
643.332 756.49 2.6475 4.9765 6.04147 600 0 3148 7 14 -8.89528e-05 4.53596e-05 0 0 0.954715 -0.297523 0 0
635.127 761.119 2.6475 4.9765 6.04147 600 0 3110 7 14 0.000115959 -6.60338e-05 0 0 0.959408 -0.282021 0 0
627.374 766.475 2.6475 4.9765 6.04147 600 0 3072 7 14 -8.99609e-05 9.79385e-06 0 0 0.932114 -0.362165 0 0
617.98 767.182 2.6475 4.9765 6.04147 600 0 3034 7 14 0.000111792 -2.02988e-05 0 0 0.941927 -0.335817 0 0
609.618 771.527 2.6475 4.9765 6.04147 600 0 2996 7 14 -0.000115844 3.23429e-05 0 0 0.915338 -0.402686 0 0
600.394 773.436 2.6475 4.9765 6.04147 600 0 2958 7 14 0.000132395 -3.39166e-05 0 0 0.996393 -0.0848532 0 0
591.52 776.607 2.6475 4.9765 6.04147 600 0 2920 7 14 -0.000131809 4.62913e-05 0 0 0.98426 -0.176725 0 0
582.624 779.705 2.6475 4.9765 6.04147 600 0 2882 7 14 0.000128217 -4.5026e-05 0 0 0.997909 -0.0646405 0 0
573.752 782.878 2.6475 4.9765 6.04147 600 0 2844 7 14 -0.000105061 3.55155e-05 0 0 0.948332 -0.31728 0 0
564.796 785.799 2.6475 4.9765 6.04147 600 0 2806 7 14 8.26279e-05 -2.69254e-05 0 0 0.937986 -0.346672 0 0
555.835 788.711 2.6475 4.9765 6.04147 600 0 2768 7 14 -2.78608e-05 7.34101e-06 0 0 0.999091 0.0426297 0 0
546.538 790.23 2.6475 4.9765 6.04147 600 0 2730 7 14 -1.10942e-05 1.84589e-05 0 0 0.999902 0.0140254 0 0
539.644 796.65 2.6475 4.9765 6.04147 600 0 2692 7 14 0.000313321 0.000148763 0 0 0.999471 -0.0325117 0 0
531.484 791.931 2.6475 4.9765 6.04147 600 0 2654 7 14 -0.00102566 0.000105346 0 0 0.999473 -0.0324491 0 0
522.688 795.224 2.6475 4.9765 6.04147 600 0 2616 7 14 0.00293185 -0.00079118 0 0 0.997044 0.0768388 0 0
513.483 797.425 2.6475 4.9765 6.04147 600 0 2578 7 15 -0.00496193 0.00024881 0 0 0.96189 0.273438 0 0
504.41 795.104 2.6475 4.9765 6.04147 600 0 3001 7 13 0.00245612 0.00593416 0 0 0.998973 0.0453071 0 0
506.93 804.131 2.6475 4.9765 6.04147 600 0 3039 7 13 0.000420582 -0.00304252 0 0 0.891014 0.453977 0 0
516.069 806.528 2.6475 4.9765 6.04147 600 0 3077 7 13 0.00123875 0.000699797 0 0 0.924983 0.380008 0 0
523.219 812.717 2.6475 4.9765 6.04147 600 0 3115 7 13 -8.18855e-05 -0.000411831 0 0 0.932987 0.359911 0 0
531.145 817.911 2.6475 4.9765 6.04147 600 0 3153 7 13 0.000434902 1.87194e-05 0 0 0.973093 0.230414 0 0
539.53 822.319 2.6475 4.9765 6.04147 600 0 3191 7 13 2.24334e-05 -0.00015599 0 0 0.974481 0.224471 0 0
548.19 826.173 2.6475 4.9765 6.04147 600 0 3229 7 13 0.000106002 -0.000121397 0 0 0.991336 0.131351 0 0
557.082 829.447 2.6475 4.9765 6.04147 600 0 3267 7 13 -0.000250315 4.3897e-05 0 0 0.992771 0.120024 0 0
565.762 833.243 2.6475 4.9765 6.04147 600 0 3305 7 13 3.53506e-05 -0.000427143 0 0 0.999983 -0.0058885 0 0
575.017 835.229 2.6475 4.9765 6.04147 600 0 3343 7 13 -0.000570377 0.000399198 0 0 0.993163 0.11674 0 0
583.191 840.001 2.6475 4.9765 6.04147 600 0 3381 7 13 0.000357372 -0.000427382 0 0 0.997945 0.0640794 0 0
588.266 832.078 2.6475 4.9765 6.04147 600 0 3457 7 13 0.000382868 5.14858e-05 0 0 0.990878 -0.134761 0 0
592.64 840.425 2.6475 4.9765 6.04147 600 0 3457 7 13 -0.000579711 -0.00011834 0 0 0.999996 0.00280494 0 0
601.908 842.362 2.6475 4.9765 6.04147 600 0 3495 9 13 2.12982e-05 0.000373801 0 0 0.999287 -0.0377679 0 0
609.07 848.55 2.6475 4.9765 6.04147 600 0 537 8 10 6.75696e-05 -0.000329328 0 0 0.999251 0.0386918 0 0
600.832 853.168 2.6475 4.9765 6.04147 600 0 3495 9 14 0.000622895 0.000249342 0 0 0.999287 -0.0377679 0 0
592.836 858.166 2.6475 4.9765 6.04147 600 0 3457 7 14 0.000155435 -0.000226098 0 0 0.965801 0.259283 0 0
585.315 852.489 2.6475 4.9765 6.04147 600 0 3419 7 14 2.19683e-05 5.54909e-05 0 0 0.973567 0.228402 0 0
576.092 850.558 2.6475 4.9765 6.04147 600 0 3381 7 14 -2.31098e-05 -1.43133e-05 0 0 0.907714 0.41959 0 0
567.092 847.77 2.6475 4.9765 6.04147 600 0 3343 7 14 3.34997e-05 8.64698e-06 0 0 0.919877 0.392206 0 0
558.165 844.75 2.6475 4.9765 6.04147 600 0 3305 7 14 -1.0189e-05 -5.1226e-06 0 0 0.965286 0.261195 0 0
549.305 841.544 2.6475 4.9765 6.04147 600 0 3267 7 14 2.26533e-05 6.29037e-06 0 0 0.904667 0.426119 0 0
540.561 838.036 2.6475 4.9765 6.04147 600 0 3229 7 14 2.20074e-08 -2.10924e-06 0 0 0.931072 0.364834 0 0
531.953 834.204 2.6475 4.9765 6.04147 600 0 3191 7 14 1.20246e-05 3.95449e-06 0 0 0.853877 0.520476 0 0
523.47 830.103 2.6475 4.9765 6.04147 600 0 3153 7 14 1.14051e-06 -4.08125e-07 0 0 0.88815 0.459553 0 0
515.08 825.817 2.6475 4.9765 6.04147 600 0 3115 7 14 7.57094e-06 3.50225e-06 0 0 0.776381 0.630263 0 0
506.735 821.443 2.6475 4.9765 6.04147 600 0 3077 7 14 -1.44752e-06 -7.30238e-07 0 0 0.802103 0.597186 0 0
498.386 817.076 2.6475 4.9765 6.04147 600 0 3039 7 14 7.06691e-06 4.03836e-06 0 0 0.878162 0.478363 0 0
489.985 812.812 2.6475 4.9765 6.04147 600 0 3039 7 14 -4.07795e-06 -1.33685e-06 0 0 0.888305 0.459255 0 0
481.489 808.739 2.6475 4.9765 6.04147 600 0 2963 7 14 7.29319e-06 4.19164e-06 0 0 0.885779 0.464108 0 0
472.873 804.928 2.6475 4.9765 6.04147 600 0 2426 7 15 -5.54176e-06 -1.46047e-06 0 0 0.959538 0.281579 0 0
464.131 801.416 2.6475 4.9765 6.04147 600 0 2388 7 14 7.02635e-06 3.49891e-06 0 0 0.974165 0.225839 0 0
455.273 798.205 2.6475 4.9765 6.04147 600 0 2350 7 14 -5.68442e-06 -1.29689e-06 0 0 0.984864 0.173327 0 0
446.325 795.259 2.6475 4.9765 6.04147 600 0 2312 7 14 6.14087e-06 2.43385e-06 0 0 0.965975 0.258636 0 0
437.312 792.512 2.6475 4.9765 6.04147 600 0 2274 7 14 -4.83199e-06 -1.15406e-06 0 0 0.982455 0.186502 0 0
428.264 789.888 2.6475 4.9765 6.04147 600 0 2236 7 14 4.94567e-06 1.52511e-06 0 0 0.94295 0.332935 0 0
419.203 787.308 2.6475 4.9765 6.04147 600 0 2198 7 14 -3.51603e-06 -1.04744e-06 0 0 0.96748 0.252946 0 0
410.147 784.71 2.6475 4.9765 6.04147 600 0 2160 7 14 3.8734e-06 9.85829e-07 0 0 0.901777 0.432201 0 0
401.11 782.047 2.6475 4.9765 6.04147 600 0 2122 7 14 -2.23879e-06 -8.60294e-07 0 0 0.935303 0.353849 0 0
392.099 779.295 2.6475 4.9765 6.04147 600 0 2084 7 14 3.26914e-06 8.20366e-07 0 0 0.947151 0.320788 0 0
383.118 776.448 2.6475 4.9765 6.04147 600 0 2046 7 14 -1.36799e-06 -6.0847e-07 0 0 0.909718 0.415227 0 0
374.165 773.516 2.6475 4.9765 6.04147 600 0 2008 7 14 3.3596e-06 9.98556e-07 0 0 0.944804 0.327636 0 0
365.232 770.522 2.6475 4.9765 6.04147 600 0 1970 7 14 -1.1965e-06 -4.4622e-07 0 0 0.944773 0.327725 0 0
356.308 767.503 2.6475 4.9765 6.04147 600 0 1932 7 14 4.38339e-06 1.51136e-06 0 0 0.965697 0.259672 0 0
347.375 764.507 2.6475 4.9765 6.04147 600 0 1894 7 14 -2.12648e-06 -5.70847e-07 0 0 0.973555 0.228453 0 0
338.413 761.605 2.6475 4.9765 6.04147 600 0 1856 7 14 6.83105e-06 2.33759e-06 0 0 0.981309 0.192437 0 0
329.391 758.891 2.6475 4.9765 6.04147 600 0 1818 7 14 -4.97936e-06 -1.07927e-06 0 0 0.842891 0.538085 0 0
320.274 756.515 2.6475 4.9765 6.04147 600 0 1780 7 14 1.19073e-05 2.976e-06 0 0 0.890046 0.45587 0 0
310.993 754.897 2.6475 4.9765 6.04147 600 0 1742 7 14 -1.1516e-05 -1.7962e-06 0 0 0.911362 0.411605 0 0
301.681 753.469 2.6475 4.9765 6.04147 600 0 1704 7 15 2.2025e-05 2.07756e-06 0 0 0.95173 0.306936 0 0
292.807 750.305 2.6475 4.9765 6.04147 600 0 2075 7 13 -8.11888e-06 1.05852e-06 0 0 0.63336 0.773857 0 0
294.504 759.573 2.6475 4.9765 6.04147 600 0 2113 7 13 4.51326e-06 2.58742e-05 0 0 0.726094 0.687596 0 0
297.254 768.584 2.6475 4.9765 6.04147 600 0 2151 7 13 1.59905e-07 -1.99225e-06 0 0 0.601801 0.798646 0 0
300.249 777.517 2.6475 4.9765 6.04147 600 0 2189 7 13 1.47815e-05 1.51145e-05 0 0 0.615572 0.788081 0 0
304.943 785.686 2.6475 4.9765 6.04147 600 0 2227 7 13 3.46873e-06 2.01532e-06 0 0 0.684127 0.729362 0 0
309.958 793.662 2.6475 4.9765 6.04147 600 0 2265 7 13 1.12497e-05 1.47466e-05 0 0 0.741925 0.670483 0 0
315.166 801.514 2.6475 4.9765 6.04147 600 0 2303 7 13 2.46107e-06 2.22248e-06 0 0 0.771678 0.636013 0 0
320.464 809.307 2.6475 4.9765 6.04147 600 0 2341 7 13 1.15893e-05 1.59978e-05 0 0 0.661289 0.750131 0 0
325.812 817.065 2.6475 4.9765 6.04147 600 0 2379 7 13 1.35755e-07 -1.10107e-06 0 0 0.734317 0.678807 0 0
331.222 824.781 2.6475 4.9765 6.04147 600 0 2417 7 13 1.55648e-05 1.96266e-05 0 0 0.77788 0.628413 0 0
336.73 832.426 2.6475 4.9765 6.04147 600 0 2455 7 13 -4.4121e-06 -9.20483e-06 0 0 0.797262 0.603634 0 0
342.368 839.978 2.6475 4.9765 6.04147 600 0 2493 7 13 2.45768e-05 2.78222e-05 0 0 0.851807 0.523855 0 0
348.165 847.407 2.6475 4.9765 6.04147 600 0 2531 7 13 -1.51503e-05 -2.39956e-05 0 0 0.817047 0.576571 0 0
354.144 854.693 2.6475 4.9765 6.04147 600 0 2569 7 13 4.28968e-05 4.43142e-05 0 0 0.860793 0.508956 0 0
360.328 861.803 2.6475 4.9765 6.04147 600 0 2607 7 13 -3.86784e-05 -5.01697e-05 0 0 0.867581 0.497297 0 0
366.745 868.707 2.6475 4.9765 6.04147 600 0 2645 7 13 8.15171e-05 7.38846e-05 0 0 0.923049 0.384682 0 0
373.446 875.332 2.6475 4.9765 6.04147 600 0 2683 7 13 -8.98137e-05 -9.45385e-05 0 0 0.896769 0.442498 0 0
380.435 881.658 2.6475 4.9765 6.04147 600 0 2721 7 13 0.000170931 0.000114086 0 0 0.947077 0.321005 0 0
388.025 887.242 2.6475 4.9765 6.04147 600 0 2759 7 13 -0.000210043 -0.000153059 0 0 0.899258 0.437419 0 0
397.391 888.303 2.6475 4.9765 6.04147 600 0 2835 7 13 0.000135331 0.000101762 0 0 0.942933 0.332981 0 0
391.797 895.88 2.6475 4.9765 6.04147 600 0 2835 7 13 0.000146911 9.84818e-05 0 0 0.956379 0.29213 0 0
401.159 896.939 2.6475 4.9765 6.04147 600 0 2873 7 13 -0.000221173 -0.000163328 0 0 0.903589 0.428399 0 0
409.013 902.156 2.6475 4.9765 6.04147 600 0 2911 7 13 0.000196164 0.000103145 0 0 0.96683 0.25542 0 0
417.202 906.821 2.6475 4.9765 6.04147 600 0 2949 7 13 -0.000117107 -7.71327e-05 0 0 0.983295 0.18202 0 0
425.608 911.092 2.6475 4.9765 6.04147 600 0 2987 7 13 0.000119453 4.7004e-05 0 0 0.991167 0.132619 0 0
434.169 915.037 2.6475 4.9765 6.04147 600 0 3025 7 13 -6.04168e-05 -3.62319e-05 0 0 0.98356 0.18058 0 0
442.849 918.718 2.6475 4.9765 6.04147 600 0 3063 7 13 7.79674e-05 2.35562e-05 0 0 0.992453 0.122623 0 0
451.623 922.167 2.6475 4.9765 6.04147 600 0 3101 7 13 -2.74049e-05 -2.03145e-05 0 0 0.995085 0.0990254 0 0
460.497 925.352 2.6475 4.9765 6.04147 600 0 3139 7 13 5.83008e-05 8.54982e-06 0 0 0.999944 -0.0105769 0 0
469.471 928.244 2.6475 4.9765 6.04147 600 0 3177 7 13 -8.08174e-06 -1.14893e-05 0 0 0.995457 0.0952077 0 0
478.515 930.914 2.6475 4.9765 6.04147 600 0 3215 7 13 4.72378e-05 3.7853e-06 0 0 0.998889 0.047131 0 0
487.622 933.358 2.6475 4.9765 6.04147 600 0 3253 7 13 9.26397e-06 -2.14191e-05 0 0 0.997735 -0.0672605 0 0
496.858 935.265 2.6475 4.9765 6.04147 600 0 3291 7 13 4.25e-05 7.21228e-07 0 0 0.999551 0.0299703 0 0
506.127 937.004 2.6475 4.9765 6.04147 600 0 3329 7 13 1.61434e-05 1.59383e-06 0 0 0.999769 -0.0215061 0 0
515.403 938.714 2.6475 4.9765 6.04147 600 0 3367 7 13 3.48269e-05 2.48707e-05 0 0 0.995126 -0.0986145 0 0
524.609 940.765 2.6475 4.9765 6.04147 600 0 3405 7 13 4.92289e-05 -9.63909e-05 0 0 0.997416 -0.0718428 0 0
534.041 940.957 2.6475 4.9765 6.04147 600 0 3443 7 13 5.02205e-05 0.000400637 0 0 0.984747 -0.173993 0 0
541.739 946.417 2.6475 4.9765 6.04147 600 0 3481 9 13 0.000320249 1.40718e-05 0 0 0.996261 0.0863936 0 0
547.718 953.735 2.6475 4.9765 6.04147 600 0 1463 8 10 0.000231141 9.01799e-05 0 0 0.996927 0.0783414 0 0
538.796 956.88 2.6475 4.9765 6.04147 600 0 3481 9 14 0.000188389 -2.37486e-05 0 0 0.996261 0.0863936 0 0
529.347 956.971 2.6475 4.9765 6.04147 600 0 3443 7 14 0.000183417 -0.000315255 0 0 0.994091 0.108548 0 0
520.297 954.264 2.6475 4.9765 6.04147 600 0 3405 7 14 4.85445e-05 0.000121983 0 0 0.988642 0.150289 0 0
511.016 952.516 2.6475 4.9765 6.04147 600 0 3367 7 14 7.03856e-05 -1.44353e-05 0 0 0.942487 0.334242 0 0
501.792 950.494 2.6475 4.9765 6.04147 600 0 3329 7 14 6.29848e-05 3.28935e-06 0 0 0.947708 0.31914 0 0
492.595 948.361 2.6475 4.9765 6.04147 600 0 3291 7 14 5.95732e-05 -1.82102e-07 0 0 0.970487 0.241154 0 0
483.437 946.071 2.6475 4.9765 6.04147 600 0 3253 7 14 5.74732e-05 -2.97483e-06 0 0 0.91153 0.411234 0 0
474.335 943.573 2.6475 4.9765 6.04147 600 0 3215 7 14 5.31807e-05 -3.56611e-06 0 0 0.922969 0.384874 0 0
465.301 940.846 2.6475 4.9765 6.04147 600 0 3177 7 14 5.06422e-05 -1.44966e-06 0 0 0.944281 0.329142 0 0
456.338 937.894 2.6475 4.9765 6.04147 600 0 3139 7 14 4.55097e-05 -4.66418e-08 0 0 0.865318 0.501223 0 0
447.45 934.729 2.6475 4.9765 6.04147 600 0 3101 7 14 4.39642e-05 1.71951e-06 0 0 0.877427 0.479709 0 0
438.639 931.356 2.6475 4.9765 6.04147 600 0 3063 7 14 3.92202e-05 1.4216e-06 0 0 0.890987 0.454028 0 0
429.915 927.768 2.6475 4.9765 6.04147 600 0 3025 7 14 3.88153e-05 2.3888e-06 0 0 0.923013 0.384768 0 0
421.288 923.956 2.6475 4.9765 6.04147 600 0 2987 7 14 3.42955e-05 1.38124e-06 0 0 0.798594 0.60187 0 0
412.771 919.904 2.6475 4.9765 6.04147 600 0 2949 7 14 3.43679e-05 2.66088e-06 0 0 0.850383 0.526163 0 0
404.378 915.603 2.6475 4.9765 6.04147 600 0 2911 7 14 3.00114e-05 1.58438e-06 0 0 0.866957 0.498382 0 0
396.124 911.042 2.6475 4.9765 6.04147 600 0 2873 7 14 3.12654e-05 1.24628e-06 0 0 0.708276 0.705936 0 0
388.053 906.166 2.6475 4.9765 6.04147 600 0 2835 7 14 4.14842e-05 -2.33687e-05 0 0 0.716069 0.69803 0 0
380.631 900.351 2.6475 4.9765 6.04147 600 0 2797 7 14 2.36208e-05 9.71145e-07 0 0 0.681316 0.73199 0 0
373.464 894.225 2.6475 4.9765 6.04147 600 0 2759 7 14 1.8651e-05 1.49613e-06 0 0 0.729092 0.684416 0 0
366.519 887.849 2.6475 4.9765 6.04147 600 0 2721 7 14 1.81798e-05 3.14429e-06 0 0 0.679001 0.734137 0 0
359.794 881.241 2.6475 4.9765 6.04147 600 0 2683 7 14 1.51681e-05 2.23871e-06 0 0 0.705336 0.708873 0 0
353.285 874.421 2.6475 4.9765 6.04147 600 0 2645 7 14 1.43618e-05 3.67403e-06 0 0 0.607028 0.794681 0 0
346.978 867.414 2.6475 4.9765 6.04147 600 0 2607 7 14 1.18148e-05 3.10974e-06 0 0 0.643554 0.7654 0 0
340.854 860.247 2.6475 4.9765 6.04147 600 0 2569 7 14 1.09098e-05 4.13537e-06 0 0 0.508782 0.860895 0 0
334.893 852.944 2.6475 4.9765 6.04147 600 0 2531 7 14 8.99882e-06 3.71621e-06 0 0 0.54937 0.835579 0 0
329.074 845.529 2.6475 4.9765 6.04147 600 0 2493 7 14 8.11639e-06 4.36635e-06 0 0 0.566454 0.824093 0 0
323.373 838.021 2.6475 4.9765 6.04147 600 0 2455 7 14 6.65185e-06 4.14991e-06 0 0 0.562753 0.826625 0 0
317.766 830.444 2.6475 4.9765 6.04147 600 0 2417 7 14 5.75535e-06 4.6047e-06 0 0 0.439701 0.898144 0 0
312.225 822.819 2.6475 4.9765 6.04147 600 0 2379 7 14 4.54548e-06 4.61183e-06 0 0 0.505054 0.863088 0 0
306.719 815.168 2.6475 4.9765 6.04147 600 0 2341 7 14 3.62132e-06 5.00859e-06 0 0 0.468757 0.883327 0 0
301.214 807.517 2.6475 4.9765 6.04147 600 0 2303 7 14 2.53657e-06 5.22614e-06 0 0 0.466365 0.884592 0 0
295.671 799.894 2.6475 4.9765 6.04147 600 0 2265 7 14 1.57152e-06 5.67241e-06 0 0 0.351028 0.936365 0 0
290.047 792.33 2.6475 4.9765 6.04147 600 0 2227 7 14 5.21097e-07 6.09807e-06 0 0 0.372928 0.92786 0 0
284.294 784.864 2.6475 4.9765 6.04147 600 0 2189 7 14 -4.81489e-07 6.66854e-06 0 0 0.340754 0.940152 0 0
278.363 777.539 2.6475 4.9765 6.04147 600 0 2151 7 14 -1.49384e-06 7.27664e-06 0 0 0.434505 0.90067 0 0
272.2 770.408 2.6475 4.9765 6.04147 600 0 2113 7 14 -2.42141e-06 7.94791e-06 0 0 0.348438 0.937332 0 0
265.756 763.53 2.6475 4.9765 6.04147 600 0 2075 7 14 -3.22897e-06 8.60034e-06 0 0 0.704945 0.709262 0 0
258.988 756.971 2.6475 4.9765 6.04147 600 0 2037 7 14 -3.8407e-06 9.17976e-06 0 0 0.751654 0.659558 0 0
251.868 750.796 2.6475 4.9765 6.04147 600 0 1552 7 15 -4.21266e-06 9.59631e-06 0 0 0.951159 0.308701 0 0
244.386 745.065 2.6475 4.9765 6.04147 600 0 1514 7 14 -4.31909e-06 9.76996e-06 0 0 0.867573 0.497309 0 0
236.553 739.823 2.6475 4.9765 6.04147 600 0 1476 7 14 -4.21077e-06 9.69181e-06 0 0 0.901232 0.433336 0 0
228.399 735.098 2.6475 4.9765 6.04147 600 0 1438 7 14 -3.91257e-06 9.31848e-06 0 0 0.930463 0.366387 0 0
219.965 730.892 2.6475 4.9765 6.04147 600 0 1400 7 14 -3.5445e-06 8.78626e-06 0 0 0.851466 0.52441 0 0
211.297 727.192 2.6475 4.9765 6.04147 600 0 1362 7 14 -3.1363e-06 8.11835e-06 0 0 0.891697 0.452633 0 0
202.44 723.97 2.6475 4.9765 6.04147 600 0 1324 7 14 -2.75216e-06 7.44231e-06 0 0 0.81824 0.574877 0 0
193.434 721.192 2.6475 4.9765 6.04147 600 0 1286 7 14 -2.41904e-06 6.86794e-06 0 0 0.864942 0.501871 0 0
184.311 718.826 2.6475 4.9765 6.04147 600 0 1248 7 14 -2.14249e-06 6.44432e-06 0 0 0.908435 0.418025 0 0
175.097 716.845 2.6475 4.9765 6.04147 600 0 1210 7 14 -1.88786e-06 6.10943e-06 0 0 0.942986 0.332832 0 0
165.812 715.23 2.6475 4.9765 6.04147 600 0 1172 7 14 -1.65485e-06 5.85701e-06 0 0 0.899418 0.43709 0 0
156.473 713.962 2.6475 4.9765 6.04147 600 0 1134 7 14 -1.41742e-06 5.6125e-06 0 0 0.925093 0.379741 0 0
147.095 713.024 2.6475 4.9765 6.04147 600 0 1096 7 14 -1.17631e-06 5.26005e-06 0 0 0.941388 0.337327 0 0
137.691 712.393 2.6475 4.9765 6.04147 600 0 1058 7 14 -9.11845e-07 4.61717e-06 0 0 0.943738 0.330695 0 0
128.274 712.029 2.6475 4.9765 6.04147 600 0 1020 7 14 -7.17714e-07 5.20696e-06 0 0 0.97557 0.219688 0 0
118.849 711.964 2.6475 4.9765 6.04147 600 0 982 7 14 -4.51745e-07 6.38506e-07 0 0 0.975328 0.220762 0 0
114.173 703.785 2.6475 4.9765 6.04147 600 0 944 7 14 -7.3994e-07 7.9547e-07 0 0 0.999846 0.0175505 0 0
109.424 711.922 2.6475 4.9765 6.04147 0.1 0 0 7 15 -2.28662e-07 1.09436e-06 0 0 4.98239e-310 4.98239e-310 0 0
100 712 2.6475 4.9765 6.04147 0.1 0 0 7 7 0.00016649 -0.0266749 0 0 4.98239e-310 4.98239e-310 0 0
100 721 2.6475 4.9765 6.04147 0.1 0 0 7 7 -0 -0 0 0 1.16896e-320 0 0 0
100 730 2.6475 4.9765 6.04147 0.1 0 0 7 7 -0 -0 0 0 3.81959e-312 3.22543e-311 0 0
100 739 2.6475 4.9765 6.04147 0.1 0 0 7 7 -0 -0 0 0 6.88233e-321 4.98239e-310 0 0
100 748 2.6475 4.9765 6.04147 0.1 0 0 7 7 -0 -0 0 0 0 4.98239e-310 0 0
100 757 2.6475 4.9765 6.04147 0.1 0 0 7 7 -0 -0 0 0 1.17094e-320 0 0 0
100 766 2.6475 4.9765 6.04147 0.1 0 0 7 7 -0 -0 0 0 4.98239e-310 5.03125e-311 0 0
100 775 2.6475 4.9765 6.04147 0.1 0 0 7 7 -0 -0 0 0 3.21143e-322 4.98239e-310 0 0
100 784 2.6475 4.9765 6.04147 0.1 0 0 7 7 -0 -0 0 0 2.53456e-321 3.16202e-322 0 0
100 793 2.6475 4.9765 6.04147 0.1 0 0 7 7 -0 -0 0 0 5.32833e-311 0 0 0
100 802 2.6475 4.9765 6.04147 0.1 0 0 7 7 -0 0.0266735 0 0 4.98239e-310 5.05459e-311 0 0
