591.799 455.989 5.295 9.953 12.0829 0.1 0 75 3 1 -4.35735e-09 -3.12341e-09 0 0 1.17884e-320 0 0 0
597.212 416.766 5.295 9.953 12.0829 0.1 0 161 3 1 1.78931e-10 -5.41728e-09 0 0 6.95255e-310 4.98239e-310 0 0
596.555 436.661 5.295 9.953 12.0829 0.1 0 94 3 1 -9.16851e-11 -4.06603e-09 0 0 6.95255e-310 4.98239e-310 0 0
614.609 428.277 5.295 9.953 12.0829 0.1 0 90 3 1 1.31197e-09 -3.36065e-09 0 0 6.95255e-310 4.98239e-310 0 0
624.345 445.639 5.295 9.953 12.0829 0.1 0 67 3 1 9.39228e-10 -2.09932e-09 0 0 6.95255e-310 4.98239e-310 0 0
611.172 460.562 5.295 9.953 12.0829 0.1 0 52 3 1 -3.00224e-09 -3.51041e-09 0 0 3.21143e-322 4.98239e-310 0 0
639.122 432.302 5.295 9.953 12.0829 0.1 0 75 3 1 2.31785e-09 -2.09195e-09 0 0 6.95255e-310 4.98239e-310 0 0
643.081 452.361 5.295 9.953 12.0829 0.1 0 49 3 1 1.67676e-09 -1.22387e-09 0 0 1.58101e-322 4.98118e-310 0 0
661.112 428.823 5.295 9.953 12.0829 0.1 0 90 3 1 -9.46447e-10 -6.63611e-10 0 0 6.95255e-310 6.53427e-310 0 0
677.41 440.251 5.295 9.953 12.0829 0.1 0 77 3 1 3.0392e-09 -5.26927e-09 0 0 6.95255e-310 4.98239e-310 0 0
662.94 453.919 5.295 9.953 12.0829 0.1 0 51 3 1 1.14409e-09 -4.8225e-09 0 0 1.58101e-322 4.98118e-310 0 0
697.312 440.64 5.295 9.953 12.0829 0.1 0 110 3 1 4.10296e-09 8.02331e-11 0 0 6.95255e-310 4.98239e-310 0 0
685.204 458.968 5.295 9.953 12.0829 0.1 0 64 3 1 6.02584e-11 -6.22252e-11 0 0 0 0 0 0
587.934 475.516 5.295 9.953 12.0829 0.1 0 65 3 1 -7.55682e-09 -1.60874e-09 0 0 0 0 0 0
607.307 480.088 5.295 9.953 12.0829 0.1 0 44 3 1 -5.68827e-09 -2.3301e-09 0 0 0 0 0 0
651.663 470.322 5.295 9.953 12.0829 0.1 0 36 3 1 3.15431e-09 -9.19185e-10 0 0 6.95255e-310 4.98239e-310 0 0
629.643 467.982 5.295 9.953 12.0829 0.1 0 38 3 1 -3.20384e-10 -6.81509e-09 0 0 0 0 0 0
671.356 473.267 5.295 9.953 12.0829 0.1 0 41 3 1 -6.02584e-11 6.22252e-11 0 0 0 0 0 0
704.067 465.383 5.295 9.953 12.0829 0.1 0 82 3 1 2.16778e-09 -4.76335e-09 0 0 6.95255e-310 6.53427e-310 0 0
695.822 483.5 5.295 9.953 12.0829 0.1 0 65 3 1 4.95108e-09 -2.02499e-09 0 0 1.58101e-322 4.98118e-310 0 0
583.537 494.929 5.295 9.953 12.0829 0.1 0 66 3 2 -3.8409e-09 1.37866e-09 0 0 9.34278e-321 4.60074e-320 0 0
602.392 501.308 5.295 9.953 12.0829 0.1 0 43 3 1 -4.57019e-09 9.94291e-09 0 0 6.95255e-310 4.98239e-310 0 0
621.081 494.458 5.295 9.953 12.0829 0.1 0 34 3 1 -5.36695e-09 7.04352e-10 0 0 4.98239e-310 3.30395e-311 0 0
638.905 485.601 5.295 9.953 12.0829 0.1 0 32 3 1 -3.19628e-09 -3.23899e-09 0 0 6.95255e-310 4.98239e-310 0 0
645.306 504.557 5.295 9.953 12.0829 0.1 1 648 0 0 1.29094e-09 -3.272e-09 0 0 2.06025e-321 4.98239e-310 0 0
658.516 489.01 5.295 9.953 12.0829 0.1 1 941 0 0 -5.05932e-10 1.26838e-09 0 0 6.95255e-310 4.98239e-310 0 0
664.932 507.882 5.295 9.953 12.0829 0.1 0 36 3 1 1.46596e-09 -2.7652e-09 0 0 1.58101e-322 4.98118e-310 0 0
678.1 492.564 5.295 9.953 12.0829 0.1 0 43 3 1 3.3087e-09 -2.48534e-10 0 0 6.95255e-310 4.98239e-310 0 0
715.726 483.301 5.295 9.953 12.0829 0.1 0 91 3 1 6.42134e-09 -1.69056e-09 0 0 6.95255e-310 4.98239e-310 0 0
713.954 503.128 5.295 9.953 12.0829 0.1 0 98 3 1 7.21801e-09 -8.67622e-10 0 0 6.95255e-310 6.53427e-310 0 0
720.416 521.955 5.295 9.953 12.0829 0.1 0 105 3 1 1.74956e-09 1.90383e-09 0 0 9.40207e-321 4.94856e-320 0 0
550.274 516.8 5.295 9.953 12.0829 0.1 0 157 3 1 -6.5077e-09 4.20159e-09 0 0 6.95255e-310 4.98239e-310 0 0
566.997 506.003 5.295 9.953 12.0829 0.1 0 91 3 1 -7.21892e-09 1.04099e-10 0 0 6.95255e-310 4.98239e-310 0 0
581.361 519.784 5.295 9.953 12.0829 0.1 0 79 3 1 -6.12177e-09 6.79331e-10 0 0 6.95255e-310 4.98239e-310 0 0
601.032 522.825 5.295 9.953 12.0829 0.1 0 51 3 1 -5.51753e-09 8.32775e-09 0 0 6.95255e-310 4.98239e-310 0 0
583.94 539.522 5.295 9.953 12.0829 0.1 0 73 3 1 -1.03847e-09 5.35927e-10 0 0 0 0 0 0
618.997 514.253 5.295 9.953 12.0829 0.1 0 40 3 1 -5.18378e-09 3.58033e-09 0 0 6.95255e-310 4.98239e-310 0 0
620.55 534.098 5.295 9.953 12.0829 0.1 0 46 3 1 2.13754e-09 4.3439e-09 0 0 0 0 0 0
637.038 522.664 5.295 9.953 12.0829 0.1 0 35 3 1 4.11905e-10 -2.45459e-09 0 0 6.95255e-310 4.98239e-310 0 0
643.955 541.329 5.295 9.953 12.0829 0.1 0 42 3 1 1.32517e-09 -5.78501e-10 0 0 0 0 0 0
656.663 525.988 5.295 9.953 12.0829 0.1 0 37 3 1 2.16239e-09 -1.31789e-09 0 0 0 0 0 0
694.09 504.418 5.295 9.953 12.0829 0.1 0 54 3 1 5.68712e-09 1.2105e-09 0 0 6.95255e-310 4.98239e-310 0 0
680.643 520.736 5.295 9.953 12.0829 0.1 0 52 3 1 -0 -0 0 0 6.95255e-310 4.98239e-310 0 0
700.552 523.245 5.295 9.953 12.0829 0.1 0 68 3 1 1.33999e-09 4.97408e-09 0 0 0 0 0 0
603.32 544.065 5.295 9.953 12.0829 0.1 0 64 3 1 -5.76213e-10 1.26294e-09 0 0 6.95255e-310 4.98239e-310 0 0
591.335 561.678 5.295 9.953 12.0829 0.1 0 91 3 1 -2.16375e-09 3.45211e-10 0 0 6.95255e-310 4.98239e-310 0 0
572.343 555.719 5.295 9.953 12.0829 0.1 0 121 3 1 -2.83917e-09 -8.90828e-10 0 0 0 0 0 0
611.123 563.836 5.295 9.953 12.0829 0.1 0 76 3 1 -9.98524e-10 1.82729e-09 0 0 6.95255e-310 4.98239e-310 0 0
608.826 583.609 5.295 9.953 12.0829 0.1 0 122 3 1 -3.39173e-10 2.91838e-09 0 0 4.98239e-310 4.74303e-322 0 0
627.718 552.844 5.295 9.953 12.0829 0.1 0 56 3 1 -4.62902e-11 3.29548e-10 0 0 6.95255e-310 4.98239e-310 0 0
671.989 538.691 5.295 9.953 12.0829 0.1 0 48 3 1 1.98589e-09 1.68751e-09 0 0 6.95255e-310 4.98239e-310 0 0
659.29 554.02 5.295 9.953 12.0829 0.1 0 57 3 1 1.99071e-09 1.83662e-09 0 0 6.95255e-310 4.98239e-310 0 0
656.002 576.79 5.295 9.953 12.0829 0.1 0 89 3 1 -0 -0 0 0 6.95255e-310 4.98239e-310 0 0
692.635 580.356 5.295 9.953 12.0829 0.1 0 126 3 1 3.07689e-10 -9.84306e-11 0 0 6.95255e-310 4.98239e-310 0 0
673.676 586.421 5.295 9.953 12.0829 0.1 0 110 3 1 1.44325e-09 4.55118e-09 0 0 6.95255e-310 4.98239e-310 0 0
663.93 603.778 5.295 9.953 12.0829 0.1 0 171 3 1 -2.20813e-09 3.93266e-09 0 0 0 0 0 0
705.38 542.555 5.295 9.953 12.0829 0.1 0 90 3 1 7.46883e-09 5.15654e-09 0 0 6.95255e-310 4.98239e-310 0 0
687.458 551.217 5.295 9.953 12.0829 0.1 0 74 3 1 4.08598e-09 1.49574e-09 0 0 6.95255e-310 4.98239e-310 0 0
674.759 566.545 5.295 9.953 12.0829 0.1 0 78 3 1 3.41775e-09 2.95341e-09 0 0 0 0 0 0
80 235 2.6475 4.9765 6.04147 0.1 0 0 7 7 -0 -0.0266735 0 0 0 0 0 0
80 244 2.6475 4.9765 6.04147 0.1 0 0 7 7 -0 -0 0 0 0 0 0 0
80 253 2.6475 4.9765 6.04147 0.1 0 0 7 7 -0 -0 0 0 0 0 0 0
80 262 2.6475 4.9765 6.04147 0.1 0 0 7 7 -0 -0 0 0 1.0228e-311 2.23022e-311 0 0
80 271 2.6475 4.9765 6.04147 0.1 0 0 7 7 -0 -0 0 0 3.21143e-322 4.98239e-310 0 0
80 280 2.6475 4.9765 6.04147 0.1 0 0 7 7 -0 -0 0 0 6.53427e-310 0 0 0
80 289 2.6475 4.9765 6.04147 0.1 0 0 7 7 -0 -0 0 0 1.58101e-322 4.98118e-310 0 0
80 298 2.6475 4.9765 6.04147 0.1 0 0 7 7 -0 -0 0 0 5.6148e-311 1.30829e-320 0 0
80 307 2.6475 4.9765 6.04147 0.1 0 0 7 7 -0 -0 0 0 1.58101e-322 4.98118e-310 0 0
80 316 2.6475 4.9765 6.04147 0.1 0 0 7 7 -0 -0 0 0 4.98239e-310 1.58101e-322 0 0
80 325 2.6475 4.9765 6.04147 0.1 0 0 7 7 -0 -0 0 0 1.58101e-322 4.98118e-310 0 0
80 334 2.6475 4.9765 6.04147 0.1 0 0 7 7 -0 -0 0 0 1.82067e-311 1.89721e-321 0 0
80 343 2.6475 4.9765 6.04147 0.1 0 0 7 7 -0 -0 0 0 1.63042e-322 4.98239e-310 0 0
80 352 2.6475 4.9765 6.04147 0.1 0 0 7 7 -0 -0 0 0 4.98239e-310 3.63632e-321 0 0
80 361 2.6475 4.9765 6.04147 0.1 0 0 7 7 -0 -0 0 0 0 3.10236e-311 0 0
80 370 2.6475 4.9765 6.04147 0.1 0 0 7 7 -0 -0 0 0 3.16202e-322 4.98118e-310 0 0
80 379 2.6475 4.9765 6.04147 0.1 0 0 7 7 -0 -0 0 0 4.98239e-310 1.58101e-322 0 0
80 388 2.6475 4.9765 6.04147 0.1 0 0 7 7 -0 -0 0 0 3.21143e-322 4.98239e-310 0 0
80 397 2.6475 4.9765 6.04147 0.1 0 0 7 7 -0 -0 0 0 4.98239e-310 1.58101e-322 0 0
80 406 2.6475 4.9765 6.04147 0.1 0 0 7 7 -0 -0 0 0 1.26975e-321 4.98239e-310 0 0
80 415 2.6475 4.9765 6.04147 0.1 0 0 7 7 -0 -0 0 0 6.53427e-310 0 0 0
80 424 2.6475 4.9765 6.04147 0.1 0 0 7 7 -0 -0 0 0 1.58101e-322 4.98118e-310 0 0
80 433 2.6475 4.9765 6.04147 0.1 0 0 7 7 -0 -0 0 0 4.98239e-310 1.58101e-322 0 0
80 442 2.6475 4.9765 6.04147 0.1 0 0 7 7 -0 -0 0 0 4.98239e-310 0 0 0
80 451 2.6475 4.9765 6.04147 0.1 0 0 7 7 -0 -0 0 0 0 4.98239e-310 0 0
80 460 2.6475 4.9765 6.04147 0.1 0 0 7 7 -0 -0 0 0 1.35078e-320 4.98239e-310 0 0
80 469 2.6475 4.9765 6.04147 0.1 0 0 7 7 -0 -0 0 0 5.23072e-311 5.7591e-311 0 0
80 478 2.6475 4.9765 6.04147 0.1 0 0 7 7 -0 -0 0 0 3.16202e-322 4.98118e-310 0 0
80 487 2.6475 4.9765 6.04147 0.1 0 0 7 7 -0 -0 0 0 0 6.32404e-321 0 0
80 496 2.6475 4.9765 6.04147 0.1 0 0 7 7 -0 -0 0 0 1.35325e-320 0 0 0
80 505 2.6475 4.9765 6.04147 0.1 0 0 7 7 -0 -0 0 0 0 4.98239e-310 0 0
80 514 2.6475 4.9765 6.04147 0.1 0 0 7 7 -0 -0 0 0 -nan 1.26481e-321 0 0
80 523 2.6475 4.9765 6.04147 0.1 0 0 7 7 -0 -0 0 0 4.98239e-310 0 0 0
80 532 2.6475 4.9765 6.04147 0.1 0 0 7 7 -0 -0 0 0 1.58101e-322 4.98239e-310 0 0
80 541 2.6475 4.9765 6.04147 0.1 0 0 7 7 -0 -0 0 0 4.98239e-310 4.98239e-310 0 0
80 550 2.6475 4.9765 6.04147 0.1 0 0 7 7 -0 -0 0 0 1.58101e-322 4.98118e-310 0 0
80 559 2.6475 4.9765 6.04147 0.1 0 0 7 7 -0 -0 0 0 4.98239e-310 3.19364e-320 0 0
80 568 2.6475 4.9765 6.04147 0.1 0 0 7 7 -0 -0 0 0 1.58101e-322 4.98118e-310 0 0
80 577 2.6475 4.9765 6.04147 0.1 0 0 7 7 -0 -0 0 0 4.98239e-310 3.36755e-320 0 0
80 586 2.6475 4.9765 6.04147 0.1 0 0 7 7 -0 -0 0 0 0 4.98239e-310 0 0
80 595 2.6475 4.9765 6.04147 0.1 0 0 7 7 -0 -0 0 0 -nan 1.26481e-321 0 0
80 604 2.6475 4.9765 6.04147 0.1 0 0 7 7 -0 -0 0 0 4.98239e-310 4.98239e-310 0 0
80 613 2.6475 4.9765 6.04147 0.1 0 0 7 7 -0 -0 0 0 4.98239e-310 4.98239e-310 0 0
80 622 2.6475 4.9765 6.04147 0.1 0 0 7 7 -0 -0 0 0 4.98239e-310 4.98239e-310 0 0
80 631 2.6475 4.9765 6.04147 0.1 0 0 7 7 -0 -0 0 0 4.98239e-310 4.98239e-310 0 0
80 640 2.6475 4.9765 6.04147 0.1 0 0 7 7 -0 -0 0 0 4.98239e-310 4.98239e-310 0 0
80 649 2.6475 4.9765 6.04147 0.1 0 0 7 7 -0 -0 0 0 4.98239e-310 4.98239e-310 0 0
80 658 2.6475 4.9765 6.04147 0.1 0 0 7 7 -0 -0 0 0 4.98239e-310 4.98239e-310 0 0
80 667 2.6475 4.9765 6.04147 0.1 0 0 7 7 -0 -0 0 0 4.98239e-310 4.98239e-310 0 0
80 676 2.6475 4.9765 6.04147 0.1 0 0 7 7 -0 -0 0 0 4.98239e-310 4.98239e-310 0 0
80 685 2.6475 4.9765 6.04147 0.1 0 0 7 7 -0 -0 0 0 4.98239e-310 4.98239e-310 0 0
80 694 2.6475 4.9765 6.04147 0.1 0 0 7 7 -0 -0 0 0 4.98239e-310 4.98239e-310 0 0
80 703 2.6475 4.9765 6.04147 0.1 0 0 7 7 -0 -0 0 0 4.98239e-310 4.98239e-310 0 0
80 712 2.6475 4.9765 6.04147 0.1 0 0 7 7 -0 -0 0 0 4.98239e-310 1.58101e-322 0 0
80 721 2.6475 4.9765 6.04147 0.1 0 0 7 7 -0 -0 0 0 1.63042e-322 4.98239e-310 0 0
80 730 2.6475 4.9765 6.04147 0.1 0 0 7 7 -0 -0 0 0 4.98239e-310 1.42291e-321 0 0
80 739 2.6475 4.9765 6.04147 0.1 0 0 7 7 -0 -0 0 0 4.98239e-310 6.32404e-322 0 0
80 748 2.6475 4.9765 6.04147 0.1 0 0 7 7 -0 -0 0 0 1.58101e-322 4.98118e-310 0 0
80 757 2.6475 4.9765 6.04147 0.1 0 0 7 7 -0 -0 0 0 9.48532e-312 1.15437e-311 0 0
80 766 2.6475 4.9765 6.04147 0.1 0 0 7 7 -0 -0 0 0 1.26975e-321 4.98239e-310 0 0
80 775 2.6475 4.9765 6.04147 0.1 0 0 7 7 -0 0.0266735 0 0 4.98239e-310 1.58101e-322 0 0
100 208 2.6475 4.9765 6.04147 0.1 0 0 7 7 -0 -0.0266735 0 0 0 4.98239e-310 0 0
100 217 2.6475 4.9765 6.04147 0.1 0 0 7 7 -0 -0 0 0 4.98239e-310 3.16202e-322 0 0
100 226 2.6475 4.9765 6.04147 0.1 0 0 7 7 -0 -0 0 0 1.63042e-322 4.98239e-310 0 0
100 235 2.6475 4.9765 6.04147 0.1 0 0 7 7 -0 -0 0 0 3.73471e-312 1.3411e-311 0 0
100 244 2.6475 4.9765 6.04147 0.1 0 0 7 7 -0 -0 0 0 1.58101e-322 4.98118e-310 0 0
100 253 2.6475 4.9765 6.04147 0.1 0 0 7 7 -0 -0 0 0 4.98239e-310 4.98239e-310 0 0
100 262 2.6475 4.9765 6.04147 0.1 0 0 7 7 -0 -0 0 0 3.21143e-322 4.98239e-310 0 0
100 271 2.6475 4.9765 6.04147 0.1 0 0 7 7 -0 -0 0 0 4.98239e-310 0 0 0
100 280 2.6475 4.9765 6.04147 0.1 0 0 7 7 -0 -0 0 0 1.63042e-322 4.98239e-310 0 0
100 289 2.6475 4.9765 6.04147 0.1 0 0 7 7 -0 -0 0 0 1.08858e-311 1.31139e-311 0 0
100 298 2.6475 4.9765 6.04147 0.1 0 0 7 7 0.000224505 0.0350631 0 0 3.16202e-322 4.98118e-310 0 0
100.259 307.636 2.6475 4.9765 6.04147 0.1 0 0 7 15 -4.11829e-05 -0.00253598 0 0 9.84606e-312 2.29741e-321 0 0
100.637 317.24 2.6475 4.9765 6.04147 0.1 0 996 9 13 0.0027089 -0.0018412 0 0 0.98483 -0.173523 0 0
106.071 325.003 2.6475 4.9765 6.04147 0.1 0 4 8 10 -0.0027112 -0.00146268 0 0 0.98483 -0.173523 0 0
100.667 332.902 2.6475 4.9765 6.04147 0.1 0 996 9 14 0.00140992 0.00462876 0 0 0.993765 -0.111493 0 0
100.21 342.376 2.6475 4.9765 6.04147 0.1 0 0 7 15 0.000175202 -0.000818225 0 0 4.98239e-310 1.58101e-322 0 0
100 352 2.6475 4.9765 6.04147 0.1 0 0 7 7 0.000132992 -0.0328885 0 0 4.79244e-322 4.98239e-310 0 0
100 361 2.6475 4.9765 6.04147 0.1 0 0 7 7 -0 -0 0 0 4.98239e-310 4.9973e-311 0 0
100 370 2.6475 4.9765 6.04147 0.1 0 0 7 7 -0 -0 0 0 1.58101e-322 4.98118e-310 0 0
100 379 2.6475 4.9765 6.04147 0.1 0 0 7 7 -0 -0 0 0 4.98239e-310 1.58101e-322 0 0
100 388 2.6475 4.9765 6.04147 0.1 0 0 7 7 -0 -0 0 0 3.21143e-322 4.98239e-310 0 0
100 397 2.6475 4.9765 6.04147 0.1 0 0 7 7 -0 -0 0 0 3.16177e-311 5.38563e-311 0 0
100 406 2.6475 4.9765 6.04147 0.1 0 0 7 7 -0 -0 0 0 1.58101e-322 4.98118e-310 0 0
100 415 2.6475 4.9765 6.04147 0.1 0 0 7 7 -0 -0 0 0 1.061e-311 2.71828e-311 0 0
100 424 2.6475 4.9765 6.04147 0.1 0 0 7 7 -0 -0 0 0 1.58101e-322 4.98118e-310 0 0
100 433 2.6475 4.9765 6.04147 0.1 0 0 7 7 -0 -0 0 0 1.12449e-320 0 0 0
100 442 2.6475 4.9765 6.04147 0.1 0 0 7 7 -0 -0 0 0 1.58101e-322 4.98118e-310 0 0
100 451 2.6475 4.9765 6.04147 0.1 0 0 7 7 -0 -0 0 0 1.12466e-311 4.24399e-311 0 0
100 460 2.6475 4.9765 6.04147 0.1 0 0 7 7 -0 -0 0 0 4.79244e-322 4.98239e-310 0 0
100 469 2.6475 4.9765 6.04147 0.1 0 0 7 7 -0 -0 0 0 4.98239e-310 0 0 0
100 478 2.6475 4.9765 6.04147 0.1 0 0 7 7 -0 -0 0 0 3.16202e-322 4.98118e-310 0 0
100 487 2.6475 4.9765 6.04147 0.1 0 0 7 7 -0 -0 0 0 6.53427e-310 3.15965e-311 0 0
100 496 2.6475 4.9765 6.04147 0.1 0 0 7 7 -0 -0 0 0 1.63042e-322 4.98239e-310 0 0
100 505 2.6475 4.9765 6.04147 0.1 0 0 7 7 -0 -0 0 0 4.98239e-310 6.48214e-321 0 0
100 514 2.6475 4.9765 6.04147 0.1 0 0 7 7 -0 -0 0 0 4.98239e-310 4.98239e-310 0 0
100 523 2.6475 4.9765 6.04147 0.1 0 0 7 7 -0 -0 0 0 4.98239e-310 4.98239e-310 0 0
100 532 2.6475 4.9765 6.04147 0.1 0 0 7 7 -0 -0 0 0 4.98239e-310 4.98239e-310 0 0
100 541 2.6475 4.9765 6.04147 0.1 0 0 7 7 -0 -0 0 0 4.98239e-310 4.98239e-310 0 0
100 550 2.6475 4.9765 6.04147 0.1 0 0 7 7 -0 -0 0 0 4.98239e-310 4.98239e-310 0 0
100 559 2.6475 4.9765 6.04147 0.1 0 0 7 7 -0 -0 0 0 4.98239e-310 4.98239e-310 0 0
100 568 2.6475 4.9765 6.04147 0.1 0 0 7 7 -0 -0 0 0 4.98239e-310 4.98239e-310 0 0
100 577 2.6475 4.9765 6.04147 0.1 0 0 7 7 -0 -0 0 0 4.98239e-310 4.98239e-310 0 0
100 586 2.6475 4.9765 6.04147 0.1 0 0 7 7 -0 -0 0 0 4.98239e-310 4.98239e-310 0 0
100 595 2.6475 4.9765 6.04147 0.1 0 0 7 7 -0 -0 0 0 4.98239e-310 4.98239e-310 0 0
100 604 2.6475 4.9765 6.04147 0.1 0 0 7 7 -0 -0 0 0 4.98239e-310 4.98239e-310 0 0
100 613 2.6475 4.9765 6.04147 0.1 0 0 7 7 -0 -0 0 0 4.98239e-310 4.98239e-310 0 0
100 622 2.6475 4.9765 6.04147 0.1 0 0 7 7 -0 -0 0 0 4.98239e-310 4.98239e-310 0 0
100 631 2.6475 4.9765 6.04147 0.1 0 0 7 7 -0 -0 0 0 4.98239e-310 4.98239e-310 0 0
100 640 2.6475 4.9765 6.04147 0.1 0 0 7 7 -0 -0 0 0 4.98239e-310 4.98239e-310 0 0
100 649 2.6475 4.9765 6.04147 0.1 0 0 7 7 -0 -0 0 0 4.98239e-310 4.98239e-310 0 0
100 658 2.6475 4.9765 6.04147 0.1 0 0 7 7 0.00306034 0.0334045 0 0 4.98239e-310 4.98239e-310 0 0
103.965 666.771 2.6475 4.9765 6.04147 0.1 0 0 7 15 -0.00107939 -0.000608879 0 0 4.98239e-310 4.98239e-310 0 0
107.036 675.956 2.6475 4.9765 6.04147 600 0 944 7 13 0.0028687 0.000799962 0 0 0.987461 0.157864 0 0
112.436 683.743 2.6475 4.9765 6.04147 600 0 982 9 13 -0.00329871 -0.00518612 0 0 0.996335 0.0855419 0 0
118.621 691.064 2.6475 4.9765 6.04147 0.1 0 56 8 10 -0.00790094 0.00370976 0 0 0.991037 0.133588 0 0
111.637 696.034 2.6475 4.9765 6.04147 600 0 982 9 14 0.0339954 -0.00919109 0 0 0.976787 0.214212 0 0
100.909 694.796 2.6475 4.9765 6.04147 600 0 944 7 14 -0.0267816 -0.0156225 0 0 0.999846 0.0175505 0 0
105.022 704.499 2.6475 4.9765 6.04147 0.1 0 0 7 15 -0.00435866 0.027435 0 0 4.98239e-310 4.98239e-310 0 0
100 712 2.6475 4.9765 6.04147 0.1 0 0 7 7 0.00469015 -0.0342209 0 0 4.98239e-310 4.98239e-310 0 0
100 721 2.6475 4.9765 6.04147 0.1 0 0 7 7 -0 -0 0 0 1.16896e-320 0 0 0
100 730 2.6475 4.9765 6.04147 0.1 0 0 7 7 -0 -0 0 0 3.81959e-312 3.22543e-311 0 0
100 739 2.6475 4.9765 6.04147 0.1 0 0 7 7 -0 -0 0 0 6.88233e-321 4.98239e-310 0 0
100 748 2.6475 4.9765 6.04147 0.1 0 0 7 7 -0 -0 0 0 0 4.98239e-310 0 0
100 757 2.6475 4.9765 6.04147 0.1 0 0 7 7 -0 -0 0 0 1.17094e-320 0 0 0
100 766 2.6475 4.9765 6.04147 0.1 0 0 7 7 -0 -0 0 0 4.98239e-310 5.03125e-311 0 0
100 775 2.6475 4.9765 6.04147 0.1 0 0 7 7 -0 -0 0 0 3.21143e-322 4.98239e-310 0 0
100 784 2.6475 4.9765 6.04147 0.1 0 0 7 7 -0 -0 0 0 2.53456e-321 3.16202e-322 0 0
100 793 2.6475 4.9765 6.04147 0.1 0 0 7 7 -0 -0 0 0 5.32833e-311 0 0 0
100 802 2.6475 4.9765 6.04147 0.1 0 0 7 7 -0 0.0266735 0 0 4.98239e-310 5.05459e-311 0 0
