591.798 455.989 5.295 9.953 12.0829 0.1 0 75 3 1 -1.02124e-09 -7.35582e-10 0 0 1.17884e-320 0 0 0
597.212 416.765 5.295 9.953 12.0829 0.1 0 161 3 1 4.22254e-11 -1.2783e-09 0 0 6.95255e-310 4.98239e-310 0 0
596.555 436.66 5.295 9.953 12.0829 0.1 0 94 3 1 -2.16924e-11 -9.59576e-10 0 0 6.95255e-310 4.98239e-310 0 0
614.609 428.276 5.295 9.953 12.0829 0.1 0 90 3 1 3.08228e-10 -7.95962e-10 0 0 6.95255e-310 4.98239e-310 0 0
624.345 445.639 5.295 9.953 12.0829 0.1 0 67 3 1 2.2441e-10 -4.98965e-10 0 0 6.95255e-310 4.98239e-310 0 0
611.171 460.561 5.295 9.953 12.0829 0.1 0 52 3 1 -7.03964e-10 -8.2509e-10 0 0 3.21143e-322 4.98239e-310 0 0
639.122 432.302 5.295 9.953 12.0829 0.1 0 75 3 1 5.52804e-10 -4.98917e-10 0 0 6.95255e-310 4.98239e-310 0 0
643.082 452.361 5.295 9.953 12.0829 0.1 0 49 3 1 3.98089e-10 -2.88173e-10 0 0 1.58101e-322 4.98118e-310 0 0
661.112 428.823 5.295 9.953 12.0829 0.1 0 90 3 1 -2.26111e-10 -1.58514e-10 0 0 6.95255e-310 6.53427e-310 0 0
677.411 440.249 5.295 9.953 12.0829 0.1 0 77 3 1 7.2467e-10 -1.25645e-09 0 0 6.95255e-310 4.98239e-310 0 0
662.941 453.918 5.295 9.953 12.0829 0.1 0 51 3 1 2.72099e-10 -1.14931e-09 0 0 1.58101e-322 4.98118e-310 0 0
697.313 440.64 5.295 9.953 12.0829 0.1 0 110 3 1 9.79045e-10 1.92105e-11 0 0 6.95255e-310 4.98239e-310 0 0
685.204 458.968 5.295 9.953 12.0829 0.1 0 64 3 1 1.40981e-11 -1.45582e-11 0 0 0 0 0 0
587.932 475.515 5.295 9.953 12.0829 0.1 0 65 3 1 -1.78957e-09 -3.80912e-10 0 0 0 0 0 0
607.306 480.088 5.295 9.953 12.0829 0.1 0 44 3 1 -1.34824e-09 -5.45033e-10 0 0 0 0 0 0
651.664 470.321 5.295 9.953 12.0829 0.1 0 36 3 1 7.50601e-10 -2.18072e-10 0 0 6.95255e-310 4.98239e-310 0 0
629.643 467.98 5.295 9.953 12.0829 0.1 0 38 3 1 -8.22928e-11 -1.59364e-09 0 0 0 0 0 0
671.356 473.268 5.295 9.953 12.0829 0.1 0 41 3 1 -1.40981e-11 1.45582e-11 0 0 0 0 0 0
704.067 465.382 5.295 9.953 12.0829 0.1 0 82 3 1 5.09871e-10 -1.12049e-09 0 0 6.95255e-310 6.53427e-310 0 0
695.823 483.5 5.295 9.953 12.0829 0.1 0 65 3 1 1.16463e-09 -4.76356e-10 0 0 1.58101e-322 4.98118e-310 0 0
583.536 494.929 5.295 9.953 12.0829 0.1 0 66 3 2 -9.0654e-10 3.25286e-10 0 0 9.34278e-321 4.60074e-320 0 0
602.391 501.31 5.295 9.953 12.0829 0.1 0 43 3 1 -1.07919e-09 2.34755e-09 0 0 6.95255e-310 4.98239e-310 0 0
621.079 494.458 5.295 9.953 12.0829 0.1 0 34 3 1 -1.26653e-09 1.69055e-10 0 0 4.98239e-310 3.30395e-311 0 0
638.905 485.6 5.295 9.953 12.0829 0.1 1 1622 0 0 -7.51782e-10 -7.60454e-10 0 0 6.95255e-310 4.98239e-310 0 0
645.306 504.557 5.295 9.953 12.0829 0.1 1 648 0 0 3.03046e-10 -7.67251e-10 0 0 2.06025e-321 4.98239e-310 0 0
658.515 489.011 5.295 9.953 12.0829 0.1 1 941 0 0 -1.19034e-10 2.99847e-10 0 0 6.95255e-310 4.98239e-310 0 0
664.933 507.881 5.295 9.953 12.0829 0.1 1 1140 0 0 3.44647e-10 -6.51114e-10 0 0 1.58101e-322 4.98118e-310 0 0
678.101 492.564 5.295 9.953 12.0829 0.1 0 43 3 1 7.7843e-10 -5.81784e-11 0 0 6.95255e-310 4.98239e-310 0 0
715.727 483.301 5.295 9.953 12.0829 0.1 0 91 3 1 1.51051e-09 -3.97598e-10 0 0 6.95255e-310 4.98239e-310 0 0
713.956 503.128 5.295 9.953 12.0829 0.1 0 98 3 1 1.69776e-09 -2.04081e-10 0 0 6.95255e-310 6.53427e-310 0 0
720.417 521.956 5.295 9.953 12.0829 0.1 0 105 3 1 4.11204e-10 4.4774e-10 0 0 9.40207e-321 4.94856e-320 0 0
550.272 516.801 5.295 9.953 12.0829 0.1 0 157 3 1 -1.5355e-09 9.91477e-10 0 0 6.95255e-310 4.98239e-310 0 0
566.995 506.003 5.295 9.953 12.0829 0.1 0 91 3 1 -1.70355e-09 2.44798e-11 0 0 6.95255e-310 4.98239e-310 0 0
581.359 519.784 5.295 9.953 12.0829 0.1 0 79 3 1 -1.4425e-09 1.5806e-10 0 0 6.95255e-310 4.98239e-310 0 0
601.031 522.827 5.295 9.953 12.0829 0.1 0 51 3 1 -1.30083e-09 1.96344e-09 0 0 6.95255e-310 4.98239e-310 0 0
583.94 539.522 5.295 9.953 12.0829 0.1 0 73 3 1 -2.49826e-10 1.27624e-10 0 0 0 0 0 0
618.996 514.254 5.295 9.953 12.0829 0.1 0 40 3 1 -1.21962e-09 8.5027e-10 0 0 6.95255e-310 4.98239e-310 0 0
620.551 534.099 5.295 9.953 12.0829 0.1 0 46 3 1 5.11609e-10 1.03497e-09 0 0 0 0 0 0
637.038 522.664 5.295 9.953 12.0829 0.1 1 1395 0 0 9.88341e-11 -5.74805e-10 0 0 6.95255e-310 4.98239e-310 0 0
643.955 541.329 5.295 9.953 12.0829 0.1 0 42 3 1 3.10799e-10 -1.33745e-10 0 0 0 0 0 0
656.664 525.988 5.295 9.953 12.0829 0.1 1 1829 0 0 5.11022e-10 -3.09761e-10 0 0 0 0 0 0
694.092 504.418 5.295 9.953 12.0829 0.1 0 54 3 1 1.33772e-09 2.85065e-10 0 0 6.95255e-310 4.98239e-310 0 0
680.643 520.736 5.295 9.953 12.0829 0.1 0 52 3 1 -0 -0 0 0 6.95255e-310 4.98239e-310 0 0
700.552 523.246 5.295 9.953 12.0829 0.1 0 68 3 1 3.15041e-10 1.17011e-09 0 0 0 0 0 0
603.32 544.066 5.295 9.953 12.0829 0.1 0 64 3 1 -1.36918e-10 3.02686e-10 0 0 6.95255e-310 4.98239e-310 0 0
591.335 561.678 5.295 9.953 12.0829 0.1 0 91 3 1 -5.07297e-10 8.08558e-11 0 0 6.95255e-310 4.98239e-310 0 0
572.342 555.719 5.295 9.953 12.0829 0.1 0 121 3 1 -6.65315e-10 -2.0876e-10 0 0 0 0 0 0
611.123 563.837 5.295 9.953 12.0829 0.1 0 76 3 1 -2.34552e-10 4.28557e-10 0 0 6.95255e-310 4.98239e-310 0 0
608.825 583.609 5.295 9.953 12.0829 0.1 0 122 3 1 -7.95037e-11 6.84139e-10 0 0 4.98239e-310 4.74303e-322 0 0
627.718 552.844 5.295 9.953 12.0829 0.1 0 56 3 1 -1.15285e-11 7.77259e-11 0 0 6.95255e-310 4.98239e-310 0 0
671.989 538.691 5.295 9.953 12.0829 0.1 0 48 3 1 4.69027e-10 3.97094e-10 0 0 6.95255e-310 4.98239e-310 0 0
659.29 554.02 5.295 9.953 12.0829 0.1 0 57 3 1 4.66925e-10 4.32442e-10 0 0 6.95255e-310 4.98239e-310 0 0
656.002 576.79 5.295 9.953 12.0829 0.1 0 89 3 1 -0 -0 0 0 6.95255e-310 4.98239e-310 0 0
692.635 580.356 5.295 9.953 12.0829 0.1 0 126 3 1 7.18427e-11 -2.29874e-11 0 0 6.95255e-310 4.98239e-310 0 0
673.676 586.422 5.295 9.953 12.0829 0.1 0 110 3 1 3.38678e-10 1.06777e-09 0 0 6.95255e-310 4.98239e-310 0 0
663.93 603.779 5.295 9.953 12.0829 0.1 0 171 3 1 -5.17806e-10 9.22115e-10 0 0 0 0 0 0
705.382 542.557 5.295 9.953 12.0829 0.1 0 90 3 1 1.75443e-09 1.21322e-09 0 0 6.95255e-310 4.98239e-310 0 0
687.459 551.217 5.295 9.953 12.0829 0.1 0 74 3 1 9.60768e-10 3.53785e-10 0 0 6.95255e-310 4.98239e-310 0 0
674.76 566.546 5.295 9.953 12.0829 0.1 0 78 3 1 8.01961e-10 6.93501e-10 0 0 0 0 0 0
80 235 2.6475 4.9765 6.04147 0.1 0 0 7 7 -0 -0.0266735 0 0 0 0 0 0
80 244 2.6475 4.9765 6.04147 0.1 0 0 7 7 -0 -0 0 0 0 0 0 0
80 253 2.6475 4.9765 6.04147 0.1 0 0 7 7 -0 -0 0 0 0 0 0 0
80 262 2.6475 4.9765 6.04147 0.1 0 0 7 7 -0 -0 0 0 1.0228e-311 2.23022e-311 0 0
80 271 2.6475 4.9765 6.04147 0.1 0 0 7 7 -0 -0 0 0 3.21143e-322 4.98239e-310 0 0
80 280 2.6475 4.9765 6.04147 0.1 0 0 7 7 -0 -0 0 0 6.53427e-310 0 0 0
80 289 2.6475 4.9765 6.04147 0.1 0 0 7 7 -0 -0 0 0 1.58101e-322 4.98118e-310 0 0
80 298 2.6475 4.9765 6.04147 0.1 0 0 7 7 -0 -0 0 0 5.6148e-311 1.30829e-320 0 0
80 307 2.6475 4.9765 6.04147 0.1 0 0 7 7 -0 -0 0 0 1.58101e-322 4.98118e-310 0 0
80 316 2.6475 4.9765 6.04147 0.1 0 0 7 7 -0 -0 0 0 4.98239e-310 1.58101e-322 0 0
80 325 2.6475 4.9765 6.04147 0.1 0 0 7 7 -0 -0 0 0 1.58101e-322 4.98118e-310 0 0
80 334 2.6475 4.9765 6.04147 0.1 0 0 7 7 -0 -0 0 0 1.82067e-311 1.89721e-321 0 0
80 343 2.6475 4.9765 6.04147 0.1 0 0 7 7 -0 -0 0 0 1.63042e-322 4.98239e-310 0 0
80 352 2.6475 4.9765 6.04147 0.1 0 0 7 7 -0 -0 0 0 4.98239e-310 3.63632e-321 0 0
80 361 2.6475 4.9765 6.04147 0.1 0 0 7 7 -0 -0 0 0 0 3.10236e-311 0 0
80 370 2.6475 4.9765 6.04147 0.1 0 0 7 7 -0 -0 0 0 3.16202e-322 4.98118e-310 0 0
80 379 2.6475 4.9765 6.04147 0.1 0 0 7 7 -0 -0 0 0 4.98239e-310 1.58101e-322 0 0
80 388 2.6475 4.9765 6.04147 0.1 0 0 7 7 -0 -0 0 0 3.21143e-322 4.98239e-310 0 0
80 397 2.6475 4.9765 6.04147 0.1 0 0 7 7 -0 -0 0 0 4.98239e-310 1.58101e-322 0 0
80 406 2.6475 4.9765 6.04147 0.1 0 0 7 7 -0 -0 0 0 1.26975e-321 4.98239e-310 0 0
80 415 2.6475 4.9765 6.04147 0.1 0 0 7 7 -0 -0 0 0 6.53427e-310 0 0 0
80 424 2.6475 4.9765 6.04147 0.1 0 0 7 7 -0 -0 0 0 1.58101e-322 4.98118e-310 0 0
80 433 2.6475 4.9765 6.04147 0.1 0 0 7 7 -0 -0 0 0 4.98239e-310 1.58101e-322 0 0
80 442 2.6475 4.9765 6.04147 0.1 0 0 7 7 -0 -0 0 0 4.98239e-310 0 0 0
80 451 2.6475 4.9765 6.04147 0.1 0 0 7 7 -0 -0 0 0 0 4.98239e-310 0 0
80 460 2.6475 4.9765 6.04147 0.1 0 0 7 7 -0 -0 0 0 1.35078e-320 4.98239e-310 0 0
80 469 2.6475 4.9765 6.04147 0.1 0 0 7 7 -0 -0 0 0 5.23072e-311 5.7591e-311 0 0
80 478 2.6475 4.9765 6.04147 0.1 0 0 7 7 -0 -0 0 0 3.16202e-322 4.98118e-310 0 0
80 487 2.6475 4.9765 6.04147 0.1 0 0 7 7 -0 -0 0 0 0 6.32404e-321 0 0
80 496 2.6475 4.9765 6.04147 0.1 0 0 7 7 -0 -0 0 0 1.35325e-320 0 0 0
80 505 2.6475 4.9765 6.04147 0.1 0 0 7 7 -0 -0 0 0 0 4.98239e-310 0 0
80 514 2.6475 4.9765 6.04147 0.1 0 0 7 7 -0 -0 0 0 -nan 1.26481e-321 0 0
80 523 2.6475 4.9765 6.04147 0.1 0 0 7 7 -0 -0 0 0 4.98239e-310 0 0 0
80 532 2.6475 4.9765 6.04147 0.1 0 0 7 7 -0 -0 0 0 1.58101e-322 4.98239e-310 0 0
80 541 2.6475 4.9765 6.04147 0.1 0 0 7 7 -0 -0 0 0 4.98239e-310 4.98239e-310 0 0
80 550 2.6475 4.9765 6.04147 0.1 0 0 7 7 -0 -0 0 0 1.58101e-322 4.98118e-310 0 0
80 559 2.6475 4.9765 6.04147 0.1 0 0 7 7 -0 -0 0 0 4.98239e-310 3.19364e-320 0 0
80 568 2.6475 4.9765 6.04147 0.1 0 0 7 7 -0 -0 0 0 1.58101e-322 4.98118e-310 0 0
80 577 2.6475 4.9765 6.04147 0.1 0 0 7 7 -0 -0 0 0 4.98239e-310 3.36755e-320 0 0
80 586 2.6475 4.9765 6.04147 0.1 0 0 7 7 -0 -0 0 0 0 4.98239e-310 0 0
80 595 2.6475 4.9765 6.04147 0.1 0 0 7 7 -0 -0 0 0 -nan 1.26481e-321 0 0
80 604 2.6475 4.9765 6.04147 0.1 0 0 7 7 -0 -0 0 0 4.98239e-310 4.98239e-310 0 0
80 613 2.6475 4.9765 6.04147 0.1 0 0 7 7 -0 -0 0 0 4.98239e-310 4.98239e-310 0 0
80 622 2.6475 4.9765 6.04147 0.1 0 0 7 7 -0 -0 0 0 4.98239e-310 4.98239e-310 0 0
80 631 2.6475 4.9765 6.04147 0.1 0 0 7 7 -0 -0 0 0 4.98239e-310 4.98239e-310 0 0
80 640 2.6475 4.9765 6.04147 0.1 0 0 7 7 -0 -0 0 0 4.98239e-310 4.98239e-310 0 0
80 649 2.6475 4.9765 6.04147 0.1 0 0 7 7 -0 -0 0 0 4.98239e-310 4.98239e-310 0 0
80 658 2.6475 4.9765 6.04147 0.1 0 0 7 7 -0 -0 0 0 4.98239e-310 4.98239e-310 0 0
80 667 2.6475 4.9765 6.04147 0.1 0 0 7 7 -0 -0 0 0 4.98239e-310 4.98239e-310 0 0
80 676 2.6475 4.9765 6.04147 0.1 0 0 7 7 -0 -0 0 0 4.98239e-310 4.98239e-310 0 0
80 685 2.6475 4.9765 6.04147 0.1 0 0 7 7 -0 -0 0 0 4.98239e-310 4.98239e-310 0 0
80 694 2.6475 4.9765 6.04147 0.1 0 0 7 7 -0 -0 0 0 4.98239e-310 4.98239e-310 0 0
80 703 2.6475 4.9765 6.04147 0.1 0 0 7 7 -0 -0 0 0 4.98239e-310 4.98239e-310 0 0
80 712 2.6475 4.9765 6.04147 0.1 0 0 7 7 -0 -0 0 0 4.98239e-310 1.58101e-322 0 0
80 721 2.6475 4.9765 6.04147 0.1 0 0 7 7 -0 -0 0 0 1.63042e-322 4.98239e-310 0 0
80 730 2.6475 4.9765 6.04147 0.1 0 0 7 7 -0 -0 0 0 4.98239e-310 1.42291e-321 0 0
80 739 2.6475 4.9765 6.04147 0.1 0 0 7 7 -0 -0 0 0 4.98239e-310 6.32404e-322 0 0
80 748 2.6475 4.9765 6.04147 0.1 0 0 7 7 -0 -0 0 0 1.58101e-322 4.98118e-310 0 0
80 757 2.6475 4.9765 6.04147 0.1 0 0 7 7 -0 -0 0 0 9.48532e-312 1.15437e-311 0 0
80 766 2.6475 4.9765 6.04147 0.1 0 0 7 7 -0 -0 0 0 1.26975e-321 4.98239e-310 0 0
80 775 2.6475 4.9765 6.04147 0.1 0 0 7 7 -0 0.0266735 0 0 4.98239e-310 1.58101e-322 0 0
100 208 2.6475 4.9765 6.04147 0.1 0 0 7 7 -0 -0.0266735 0 0 0 4.98239e-310 0 0
100 217 2.6475 4.9765 6.04147 0.1 0 0 7 7 -0 -0 0 0 4.98239e-310 3.16202e-322 0 0
100 226 2.6475 4.9765 6.04147 0.1 0 0 7 7 -0 -0 0 0 1.63042e-322 4.98239e-310 0 0
100 235 2.6475 4.9765 6.04147 0.1 0 0 7 7 -0 -0 0 0 3.73471e-312 1.3411e-311 0 0
100 244 2.6475 4.9765 6.04147 0.1 0 0 7 7 -0 -0 0 0 1.58101e-322 4.98118e-310 0 0
100 253 2.6475 4.9765 6.04147 0.1 0 0 7 7 -0 -0 0 0 4.98239e-310 4.98239e-310 0 0
100 262 2.6475 4.9765 6.04147 0.1 0 0 7 7 -0 -0 0 0 3.21143e-322 4.98239e-310 0 0
100 271 2.6475 4.9765 6.04147 0.1 0 0 7 7 -0 -0 0 0 4.98239e-310 0 0 0
100 280 2.6475 4.9765 6.04147 0.1 0 0 7 7 -0 -0 0 0 1.63042e-322 4.98239e-310 0 0
100 289 2.6475 4.9765 6.04147 0.1 0 0 7 7 -0 -0 0 0 1.08858e-311 1.31139e-311 0 0
100 298 2.6475 4.9765 6.04147 0.1 0 0 7 7 8.91941e-06 0.0266779 0 0 3.16202e-322 4.98118e-310 0 0
108.471 302.123 2.6475 4.9765 6.04147 0.1 0 0 7 15 -8.86913e-07 1.2069e-07 0 0 9.84606e-312 2.29741e-321 0 0
113.396 310.154 2.6475 4.9765 6.04147 600 0 996 7 13 8.71418e-09 -4.53603e-07 0 0 0.999087 -0.0427138 0 0
117.889 301.874 2.6475 4.9765 6.04147 600 0 1034 7 13 -9.5404e-07 -9.90202e-07 0 0 0.995156 -0.0983043 0 0
122.813 309.905 2.6475 4.9765 6.04147 600 0 1072 7 13 -1.22668e-06 -1.95163e-06 0 0 0.991308 -0.131565 0 0
132.082 311.592 2.6475 4.9765 6.04147 600 0 1110 7 13 -8.1392e-07 1.50557e-07 0 0 0.989949 -0.141428 0 0
141.241 313.801 2.6475 4.9765 6.04147 600 0 1148 7 13 -1.78171e-06 -8.1744e-07 0 0 0.952577 -0.304298 0 0
150.592 314.945 2.6475 4.9765 6.04147 600 0 1186 7 13 -1.36803e-06 -1.01319e-06 0 0 0.962289 -0.272029 0 0
159.556 312.046 2.6475 4.9765 6.04147 600 0 1224 7 15 -1.20446e-06 8.96012e-07 0 0 0.938205 -0.346081 0 0
168.279 315.605 2.6475 4.9765 6.04147 600 0 1681 7 13 -5.90081e-07 -3.9156e-07 0 0 0.761297 -0.648403 0 0
174.722 308.731 2.6475 4.9765 6.04147 600 0 1719 7 13 -1.02285e-07 1.09109e-07 0 0 0.78079 -0.624794 0 0
236.91 258.055 2.6475 4.9765 6.04147 600 0 319 8 10 0.000150507 -0.000191724 0 0 0.659966 -0.751296 0 0
230.615 265.088 2.6475 4.9765 6.04147 600 0 1985 9 14 0.000128529 -0.000207577 0 0 0.651334 -0.758791 0 0
223.762 271.57 2.6475 4.9765 6.04147 600 0 1947 7 14 0.000242477 -9.42822e-05 0 0 0.629341 -0.777129 0 0
219.529 279.994 2.6475 4.9765 6.04147 600 0 1909 7 14 7.67903e-06 -0.000201356 0 0 0.667873 -0.744275 0 0
210.954 283.901 2.6475 4.9765 6.04147 600 0 1871 7 14 0.000110032 -1.8358e-05 0 0 0.632182 -0.77482 0 0
208.274 292.935 2.6475 4.9765 6.04147 600 0 1833 7 14 -2.7202e-05 -1.27214e-05 0 0 0.702425 -0.711758 0 0
200.298 297.945 2.6475 4.9765 6.04147 600 0 1795 7 14 6.355e-05 -6.14163e-05 0 0 0.629701 -0.776838 0 0
195.001 305.74 2.6475 4.9765 6.04147 600 0 1757 7 14 -1.34379e-05 0.000116369 0 0 0.640617 -0.76786 0 0
189.576 313.437 2.6475 4.9765 6.04147 600 0 1719 7 14 0.000136619 -9.85611e-06 0 0 0.824839 -0.565368 0 0
198.956 314.286 2.6475 4.9765 6.04147 600 0 1376 7 15 -5.69939e-05 -7.01235e-05 0 0 0.969235 -0.246138 0 0
208.384 314.173 2.6475 4.9765 6.04147 600 0 1414 7 13 0.000152499 2.42996e-05 0 0 0.940749 -0.339105 0 0
217.764 315.061 2.6475 4.9765 6.04147 600 0 1452 7 13 -3.97099e-06 -3.72379e-05 0 0 0.963403 -0.268057 0 0
227.178 314.511 2.6475 4.9765 6.04147 600 0 1490 7 13 0.000109419 -9.68443e-06 0 0 0.940745 -0.339114 0 0
236.583 313.872 2.6475 4.9765 6.04147 600 0 1528 7 13 1.99263e-05 -2.34023e-06 0 0 0.961899 -0.273404 0 0
245.99 313.208 2.6475 4.9765 6.04147 600 0 1566 7 13 7.40299e-05 7.35662e-08 0 0 0.927089 -0.374842 0 0
255.404 312.656 2.6475 4.9765 6.04147 600 0 1604 7 13 2.63318e-05 4.88328e-06 0 0 0.961773 -0.273848 0 0
264.827 312.232 2.6475 4.9765 6.04147 600 0 1642 7 13 4.79858e-05 6.24612e-06 0 0 0.96678 -0.255611 0 0
274.256 311.961 2.6475 4.9765 6.04147 600 0 1680 7 13 2.32563e-05 1.16727e-05 0 0 0.911229 -0.411901 0 0
283.69 311.905 2.6475 4.9765 6.04147 600 0 1718 7 13 2.93056e-05 1.96259e-05 0 0 0.891926 -0.45218 0 0
293.12 312.177 2.6475 4.9765 6.04147 600 0 1756 7 13 1.66118e-05 2.58969e-05 0 0 0.97141 -0.237406 0 0
302.53 312.855 2.6475 4.9765 6.04147 600 0 1794 7 13 1.71017e-05 2.12416e-05 0 0 0.940582 -0.339568 0 0
311.914 313.841 2.6475 4.9765 6.04147 600 0 1832 7 13 1.32941e-05 5.62786e-06 0 0 0.925207 -0.379463 0 0
321.29 314.892 2.6475 4.9765 6.04147 600 0 1870 7 13 1.12257e-05 2.3612e-05 0 0 0.986588 -0.163229 0 0
330.626 316.265 2.6475 4.9765 6.04147 600 0 1908 7 13 3.6118e-05 -0.000155378 0 0 0.947764 -0.318972 0 0
340.023 315.397 2.6475 4.9765 6.04147 600 0 1946 7 13 9.39625e-05 0.000443326 0 0 0.942519 -0.334152 0 0
348.467 319.619 2.6475 4.9765 6.04147 600 0 1984 9 13 0.000322696 -1.1335e-05 0 0 0.997216 -0.0745613 0 0
355.817 325.564 2.6475 4.9765 6.04147 0.1 0 1004 8 10 0.000293534 2.44033e-05 0 0 0.997216 -0.0745613 0 0
347.732 330.466 2.6475 4.9765 6.04147 600 0 1984 9 14 0.000266225 -1.81507e-05 0 0 0.970472 0.241214 0 0
338.609 332.908 2.6475 4.9765 6.04147 600 0 1946 7 14 0.000138388 -0.000488144 0 0 0.922008 0.387171 0 0
329.55 330.247 2.6475 4.9765 6.04147 600 0 1908 7 14 -6.19429e-05 0.000173593 0 0 0.968515 0.248956 0 0
320.134 329.556 2.6475 4.9765 6.04147 600 0 1870 7 14 -4.52279e-05 -5.52102e-05 0 0 0.89653 0.442984 0 0
310.77 328.339 2.6475 4.9765 6.04147 600 0 1832 7 14 -5.44673e-05 -5.17412e-06 0 0 0.951739 0.306909 0 0
301.403 327.14 2.6475 4.9765 6.04147 600 0 1794 7 14 -5.63313e-05 2.52985e-05 0 0 0.97131 0.237816 0 0
292.001 326.238 2.6475 4.9765 6.04147 600 0 1756 7 14 -6.05298e-05 7.16599e-05 0 0 0.989596 0.143872 0 0
282.557 326.009 2.6475 4.9765 6.04147 600 0 1718 7 14 -5.55255e-05 5.06604e-05 0 0 0.951647 0.307194 0 0
273.111 326.214 2.6475 4.9765 6.04147 600 0 1680 7 14 -5.32047e-05 2.056e-05 0 0 0.990066 0.140603 0 0
263.669 326.575 2.6475 4.9765 6.04147 600 0 1642 7 14 -4.68734e-05 1.79594e-05 0 0 0.99819 0.0601328 0 0
254.231 327.06 2.6475 4.9765 6.04147 600 0 1604 7 14 -4.05159e-05 3.52828e-05 0 0 0.980293 0.19755 0 0
244.807 327.789 2.6475 4.9765 6.04147 600 0 1566 7 14 -3.28288e-05 3.2535e-05 0 0 0.969094 0.246691 0 0
235.402 328.732 2.6475 4.9765 6.04147 600 0 1528 7 14 -2.68987e-05 1.75594e-05 0 0 0.990409 0.138164 0 0
226.007 329.78 2.6475 4.9765 6.04147 600 0 1490 7 14 -1.99238e-05 7.46531e-08 0 0 0.977708 0.209968 0 0
216.611 330.812 2.6475 4.9765 6.04147 600 0 1452 7 14 -1.23449e-05 -9.97283e-06 0 0 0.993034 0.117825 0 0
207.205 331.768 2.6475 4.9765 6.04147 600 0 1414 7 14 -3.84264e-06 -1.88619e-05 0 0 0.985317 0.170732 0 0
197.787 332.593 2.6475 4.9765 6.04147 600 0 1376 7 14 5.05179e-06 -2.20617e-05 0 0 0.995242 0.0974327 0 0
188.358 333.269 2.6475 4.9765 6.04147 600 0 1338 7 14 1.44515e-05 -2.13053e-05 0 0 0.987849 0.15542 0 0
178.92 333.804 2.6475 4.9765 6.04147 600 0 1300 7 14 2.37023e-05 -1.70071e-05 0 0 0.999554 0.0298762 0 0
169.477 334.228 2.6475 4.9765 6.04147 600 0 1262 7 14 3.31396e-05 -2.78455e-06 0 0 0.975066 0.221915 0 0
160.034 334.643 2.6475 4.9765 6.04147 600 0 1224 7 14 4.20768e-05 1.16883e-05 0 0 0.991056 0.133444 0 0
150.597 335.159 2.6475 4.9765 6.04147 600 0 1186 7 14 5.15668e-05 4.18083e-05 0 0 0.997553 0.0699124 0 0
141.187 336.025 2.6475 4.9765 6.04147 600 0 1148 7 14 6.17232e-05 7.42659e-05 0 0 0.99495 0.100372 0 0
131.861 337.538 2.6475 4.9765 6.04147 600 0 1110 7 14 6.71968e-05 6.70669e-05 0 0 0.99919 0.0402474 0 0
122.665 339.704 2.6475 4.9765 6.04147 600 0 1072 7 14 0.000101013 0.000184907 0 0 0.999843 -0.017709 0 0
117.955 347.877 2.6475 4.9765 6.04147 600 0 1034 7 14 -4.69215e-05 9.7365e-05 0 0 0.998356 -0.0573169 0 0
113.227 339.744 2.6475 4.9765 6.04147 600 0 996 7 14 0.000103835 6.22341e-06 0 0 0.985995 -0.166777 0 0
108.52 347.922 2.6475 4.9765 6.04147 0.1 0 0 7 15 -4.50885e-05 -8.23536e-05 0 0 4.98239e-310 1.58101e-322 0 0
100 352 2.6475 4.9765 6.04147 0.1 0 0 7 7 0.000956719 -0.0271312 0 0 4.79244e-322 4.98239e-310 0 0
100 361 2.6475 4.9765 6.04147 0.1 0 0 7 7 -0 -0 0 0 4.98239e-310 4.9973e-311 0 0
100 370 2.6475 4.9765 6.04147 0.1 0 0 7 7 -0 -0 0 0 1.58101e-322 4.98118e-310 0 0
100 379 2.6475 4.9765 6.04147 0.1 0 0 7 7 -0 -0 0 0 4.98239e-310 1.58101e-322 0 0
100 388 2.6475 4.9765 6.04147 0.1 0 0 7 7 -0 -0 0 0 3.21143e-322 4.98239e-310 0 0
100 397 2.6475 4.9765 6.04147 0.1 0 0 7 7 -0 -0 0 0 3.16177e-311 5.38563e-311 0 0
100 406 2.6475 4.9765 6.04147 0.1 0 0 7 7 -0 -0 0 0 1.58101e-322 4.98118e-310 0 0
100 415 2.6475 4.9765 6.04147 0.1 0 0 7 7 -0 -0 0 0 1.061e-311 2.71828e-311 0 0
100 424 2.6475 4.9765 6.04147 0.1 0 0 7 7 -0 -0 0 0 1.58101e-322 4.98118e-310 0 0
100 433 2.6475 4.9765 6.04147 0.1 0 0 7 7 -0 -0 0 0 1.12449e-320 0 0 0
100 442 2.6475 4.9765 6.04147 0.1 0 0 7 7 -0 -0 0 0 1.58101e-322 4.98118e-310 0 0
100 451 2.6475 4.9765 6.04147 0.1 0 0 7 7 -0 -0 0 0 1.12466e-311 4.24399e-311 0 0
100 460 2.6475 4.9765 6.04147 0.1 0 0 7 7 -0 -0 0 0 4.79244e-322 4.98239e-310 0 0
100 469 2.6475 4.9765 6.04147 0.1 0 0 7 7 -0 -0 0 0 4.98239e-310 0 0 0
100 478 2.6475 4.9765 6.04147 0.1 0 0 7 7 -0 -0 0 0 3.16202e-322 4.98118e-310 0 0
100 487 2.6475 4.9765 6.04147 0.1 0 0 7 7 -0 -0 0 0 6.53427e-310 3.15965e-311 0 0
100 496 2.6475 4.9765 6.04147 0.1 0 0 7 7 -0 -0 0 0 1.63042e-322 4.98239e-310 0 0
100 505 2.6475 4.9765 6.04147 0.1 0 0 7 7 -0 -0 0 0 4.98239e-310 6.48214e-321 0 0
100 514 2.6475 4.9765 6.04147 0.1 0 0 7 7 -0 -0 0 0 4.98239e-310 4.98239e-310 0 0
100 523 2.6475 4.9765 6.04147 0.1 0 0 7 7 -0 -0 0 0 4.98239e-310 4.98239e-310 0 0
100 532 2.6475 4.9765 6.04147 0.1 0 0 7 7 -0 -0 0 0 4.98239e-310 4.98239e-310 0 0
100 541 2.6475 4.9765 6.04147 0.1 0 0 7 7 -0 -0 0 0 4.98239e-310 4.98239e-310 0 0
100 550 2.6475 4.9765 6.04147 0.1 0 0 7 7 -0 -0 0 0 4.98239e-310 4.98239e-310 0 0
100 559 2.6475 4.9765 6.04147 0.1 0 0 7 7 -0 -0 0 0 4.98239e-310 4.98239e-310 0 0
100 568 2.6475 4.9765 6.04147 0.1 0 0 7 7 -0 -0 0 0 4.98239e-310 4.98239e-310 0 0
100 577 2.6475 4.9765 6.04147 0.1 0 0 7 7 -0 -0 0 0 4.98239e-310 4.98239e-310 0 0
100 586 2.6475 4.9765 6.04147 0.1 0 0 7 7 -0 -0 0 0 4.98239e-310 4.98239e-310 0 0
100 595 2.6475 4.9765 6.04147 0.1 0 0 7 7 -0 -0 0 0 4.98239e-310 4.98239e-310 0 0
100 604 2.6475 4.9765 6.04147 0.1 0 0 7 7 -0 -0 0 0 4.98239e-310 4.98239e-310 0 0
100 613 2.6475 4.9765 6.04147 0.1 0 0 7 7 -0 -0 0 0 4.98239e-310 4.98239e-310 0 0
100 622 2.6475 4.9765 6.04147 0.1 0 0 7 7 -0 -0 0 0 4.98239e-310 4.98239e-310 0 0
100 631 2.6475 4.9765 6.04147 0.1 0 0 7 7 -0 -0 0 0 4.98239e-310 4.98239e-310 0 0
100 640 2.6475 4.9765 6.04147 0.1 0 0 7 7 -0 -0 0 0 4.98239e-310 4.98239e-310 0 0
100 649 2.6475 4.9765 6.04147 0.1 0 0 7 7 -0 -0 0 0 4.98239e-310 4.98239e-310 0 0
100 658 2.6475 4.9765 6.04147 0.1 0 0 7 7 0.00144154 0.0274125 0 0 4.98239e-310 4.98239e-310 0 0
108.419 662.315 2.6475 4.9765 6.04147 0.1 0 0 7 15 3.19983e-06 -3.97487e-05 0 0 4.98239e-310 4.98239e-310 0 0
116.934 666.435 2.6475 4.9765 6.04147 600 0 944 7 13 6.79988e-06 -8.36026e-05 0 0 0.987461 0.157864 0 0
125.642 670.127 2.6475 4.9765 6.04147 600 0 982 7 13 8.3676e-06 -0.000128333 0 0 0.996872 0.0790389 0 0
134.614 673.121 2.6475 4.9765 6.04147 600 0 1020 7 13 -2.04975e-06 -0.000153385 0 0 0.999935 0.0113821 0 0
143.832 675.232 2.6475 4.9765 6.04147 600 0 1058 7 13 -1.61284e-05 -0.000170206 0 0 0.998389 0.0567323 0 0
153.227 676.299 2.6475 4.9765 6.04147 600 0 1096 7 15 -3.81618e-05 -0.000160689 0 0 0.99984 -0.0178795 0 0
162.681 676.32 2.6475 4.9765 6.04147 600 0 1550 7 13 -5.67898e-05 -0.000140795 0 0 0.99368 -0.11225 0 0
172.085 675.359 2.6475 4.9765 6.04147 600 0 1588 7 13 -7.78368e-05 -0.000108274 0 0 0.923339 -0.383987 0 0
181.364 673.561 2.6475 4.9765 6.04147 600 0 1626 7 13 -8.86478e-05 -7.09142e-05 0 0 0.903888 -0.427769 0 0
190.491 671.11 2.6475 4.9765 6.04147 600 0 1664 7 13 -0.000107134 -3.54256e-05 0 0 0.8392 -0.543822 0 0
199.467 668.164 2.6475 4.9765 6.04147 600 0 1702 7 13 -0.000110838 -3.31562e-06 0 0 0.778529 -0.627609 0 0
208.326 664.89 2.6475 4.9765 6.04147 600 0 1740 7 13 -0.000130087 2.57218e-05 0 0 0.829954 -0.557832 0 0
217.103 661.41 2.6475 4.9765 6.04147 600 0 1778 7 13 -0.000130406 4.26193e-05 0 0 0.781929 -0.623367 0 0
225.838 657.834 2.6475 4.9765 6.04147 600 0 1816 7 13 -0.00014966 6.41005e-05 0 0 0.840329 -0.542076 0 0
234.585 654.297 2.6475 4.9765 6.04147 600 0 1854 7 13 -0.000153665 5.36193e-05 0 0 0.798002 -0.602654 0 0
243.263 650.605 2.6475 4.9765 6.04147 600 0 1892 7 13 -0.000148101 0.000114095 0 0 0.855108 -0.51845 0 0
252.465 648.559 2.6475 4.9765 6.04147 600 0 1930 7 13 -0.000175275 -2.28295e-05 0 0 0.818662 -0.574276 0 0
258.254 642.525 2.01445 3.78655 4.27197 600 0 1968 11 13 -8.66459e-05 7.40466e-05 0 0 0.829581 -0.558387 0 0
265.095 645.093 2.01445 3.78655 4.27197 600 0 1968 11 13 -3.93599e-05 1.32774e-06 0 0 0.829581 -0.558387 0 0
273.438 645.592 2.6475 4.9765 6.04147 600 0 450 8 10 -0.000105063 0.000241433 0 0 0.933726 -0.357989 0 0
268.921 652.612 2.01445 3.78655 4.27197 600 0 1968 11 14 -0.000126155 6.10043e-05 0 0 0.93504 -0.354542 0 0
266.799 659.605 2.01445 3.78655 4.27197 600 0 1968 11 14 -0.000510354 0.000260513 0 0 0.93504 -0.354542 0 0
258.481 659.687 2.6475 4.9765 6.04147 600 0 1930 7 14 0.00145512 -0.000474942 0 0 0.975222 -0.221229 0 0
249.834 663.652 2.6475 4.9765 6.04147 600 0 1892 7 14 -0.00267659 0.00107451 0 0 0.95563 -0.294571 0 0
241.128 666.828 2.6475 4.9765 6.04147 600 0 1854 7 14 0.00417595 -0.00165854 0 0 0.967309 -0.253599 0 0
232.234 670.546 2.6475 4.9765 6.04147 600 0 1816 7 14 -0.00542923 0.00240089 0 0 0.936787 -0.349901 0 0
223.949 674.386 2.6475 4.9765 6.04147 600 0 1778 7 14 0.00722895 -0.00341524 0 0 0.954582 -0.29795 0 0
215.121 678.601 2.6475 4.9765 6.04147 600 0 1740 7 14 -0.0085139 0.00374753 0 0 0.917446 -0.397861 0 0
206.758 681.903 2.6475 4.9765 6.04147 600 0 1702 7 14 0.0100075 -0.00547753 0 0 0.934151 -0.356879 0 0
198.419 687.264 2.6475 4.9765 6.04147 600 0 1664 7 14 -0.0112448 0.00522811 0 0 0.879989 -0.474994 0 0
189.783 689.368 2.6475 4.9765 6.04147 600 0 1626 7 14 0.0122512 -0.00735277 0 0 0.923553 -0.383471 0 0
180.367 692.312 2.6475 4.9765 6.04147 600 0 1588 7 14 -0.0077884 9.32084e-05 0 0 0.93818 -0.346149 0 0
187.535 698.849 2.6475 4.9765 6.04147 600 0 1248 7 15 0.00345742 0.00643894 0 0 0.996933 -0.0782652 0 0
196.597 700.92 2.6475 4.9765 6.04147 600 0 1286 7 13 -0.00219254 -0.000465948 0 0 0.999926 -0.0121307 0 0
205.202 705.041 2.6475 4.9765 6.04147 600 0 1324 7 13 0.00202122 0.000503527 0 0 0.998111 -0.0614381 0 0
214.258 707.569 2.6475 4.9765 6.04147 600 0 1362 7 13 -0.000824133 -0.000244287 0 0 0.994248 0.107101 0 0
223.446 710.045 2.6475 4.9765 6.04147 600 0 1400 7 13 0.00122545 0.000317649 0 0 0.999142 0.0414105 0 0
232.548 712.456 2.6475 4.9765 6.04147 600 0 1438 7 13 -0.00152482 -0.00041105 0 0 0.999788 0.0205936 0 0
241.8 714.85 2.6475 4.9765 6.04147 600 0 1476 7 13 0.00231229 0.000585553 0 0 0.994028 -0.109128 0 0
250.839 717.157 2.6475 4.9765 6.04147 600 0 1514 7 13 -0.00444788 -0.00113854 0 0 0.988158 -0.153438 0 0
260.219 719.589 2.6475 4.9765 6.04147 600 0 1552 7 13 0.00610052 0.00166137 0 0 0.988906 0.148546 0 0
268.991 721.996 2.6475 4.9765 6.04147 600 0 1590 7 13 -0.0109982 -0.00316194 0 0 0.99698 -0.0776565 0 0
278.546 724.852 2.6475 4.9765 6.04147 600 0 1628 7 13 0.0132242 0.00415805 0 0 0.993629 -0.112699 0 0
286.814 727.55 2.6475 4.9765 6.04147 600 0 1666 7 13 -0.0214895 -0.00734021 0 0 0.976894 -0.213722 0 0
296.643 730.981 2.6475 4.9765 6.04147 600 0 1704 7 13 0.0229698 0.00809047 0 0 0.991848 -0.127425 0 0
304.33 733.735 2.6475 4.9765 6.04147 600 0 1742 7 13 -0.0353458 -0.012322 0 0 0.981371 -0.192123 0 0
314.698 737.319 2.6475 4.9765 6.04147 600 0 1780 7 13 0.0349141 0.0119094 0 0 0.999164 -0.0408911 0 0
322.49 739.846 2.6475 4.9765 6.04147 600 0 1818 7 13 -0.02873 -0.00941163 0 0 0.99485 -0.101359 0 0
332.654 743.176 2.6475 4.9765 6.04147 600 0 1856 7 13 0.0292908 0.00941625 0 0 0.989391 -0.14528 0 0
340.828 745.625 2.6475 4.9765 6.04147 600 0 1894 7 13 -0.0160071 -0.00651063 0 0 0.995896 -0.090507 0 0
349.748 750.248 2.6475 4.9765 6.04147 600 0 1932 7 13 0.0121735 0.00284944 0 0 0.984576 -0.174955 0 0
358.142 748.837 1.9207 3.61033 4.27197 600 0 1970 7 13 -0.0031116 0.00780661 0 0 0.963016 -0.269443 0 0
360.264 755.397 1.9207 3.61033 4.27197 600 0 1970 11 13 -0.000498693 -0.00522098 0 0 0.999986 -0.00529901 0 0
366.39 762.423 2.6475 4.9765 6.04147 0.1 0 1056 8 10 -0.0100079 -0.00085808 0 0 0.958115 0.286385 0 0
358.188 763.65 1.9207 3.61033 4.27197 600 0 1970 11 14 0.00688222 -0.00100323 0 0 0.958115 0.286385 0 0
351.616 766.239 1.9207 3.61033 4.27197 600 0 1970 7 14 -0.000262509 -9.33123e-05 0 0 0.944773 0.327725 0 0
345.19 761.241 2.6475 4.9765 6.04147 600 0 1932 7 14 0.000183284 0.000133898 0 0 0.965697 0.259672 0 0
335.92 759.432 2.6475 4.9765 6.04147 600 0 1894 7 14 -0.000652187 -0.000222443 0 0 0.973555 0.228453 0 0
327.032 756.37 2.6475 4.9765 6.04147 600 0 1856 7 14 0.000645264 0.000222103 0 0 0.981309 0.192437 0 0
318.027 753.446 2.6475 4.9765 6.04147 600 0 1818 7 14 -0.00104788 -0.000342707 0 0 0.842891 0.538085 0 0
309.107 750.529 2.6475 4.9765 6.04147 600 0 1780 7 14 0.00115377 0.000378543 0 0 0.890046 0.45587 0 0
300.113 747.493 2.6475 4.9765 6.04147 600 0 1742 7 14 -0.00147351 -0.000508013 0 0 0.911362 0.411605 0 0
291.26 744.436 2.6475 4.9765 6.04147 600 0 1704 7 14 0.0016892 0.000581653 0 0 0.95173 0.306936 0 0
282.251 741.373 2.6475 4.9765 6.04147 600 0 1666 7 14 -0.00195329 -0.000634759 0 0 0.853113 0.521727 0 0
273.353 738.508 2.6475 4.9765 6.04147 600 0 1628 7 14 0.00216644 0.000684342 0 0 0.899154 0.437633 0 0
264.217 735.787 2.6475 4.9765 6.04147 600 0 1590 7 14 -0.0023272 -0.000653779 0 0 0.9046 0.426261 0 0
255.216 733.305 2.6475 4.9765 6.04147 600 0 1552 7 14 0.00234651 0.000638838 0 0 0.951159 0.308701 0 0
245.988 730.896 2.6475 4.9765 6.04147 600 0 1514 7 14 -0.00233537 -0.000597559 0 0 0.867573 0.497309 0 0
236.932 728.593 2.6475 4.9765 6.04147 600 0 1476 7 14 0.00205727 0.000522629 0 0 0.901232 0.433336 0 0
227.699 726.26 2.6475 4.9765 6.04147 600 0 1438 7 14 -0.00191449 -0.000484634 0 0 0.930463 0.366387 0 0
218.616 723.96 2.6475 4.9765 6.04147 600 0 1400 7 14 0.00143866 0.000363996 0 0 0.851466 0.52441 0 0
209.409 721.615 2.6475 4.9765 6.04147 600 0 1362 7 14 -0.00128276 -0.000331285 0 0 0.891697 0.452633 0 0
200.307 719.268 2.6475 4.9765 6.04147 600 0 1324 7 14 0.0008115 0.000206244 0 0 0.81824 0.574877 0 0
191.137 716.864 2.6475 4.9765 6.04147 600 0 1286 7 14 -0.000711454 -0.00018979 0 0 0.864942 0.501871 0 0
182.026 714.453 2.6475 4.9765 6.04147 600 0 1248 7 14 0.000398071 0.000111792 0 0 0.908435 0.418025 0 0
172.861 712.089 2.6475 4.9765 6.04147 600 0 1210 7 14 -0.000321613 -5.62714e-05 0 0 0.942986 0.332832 0 0
163.679 709.91 2.6475 4.9765 6.04147 600 0 1172 7 14 0.000225306 9.36128e-05 0 0 0.899418 0.43709 0 0
154.407 708.056 2.6475 4.9765 6.04147 600 0 1134 7 14 -8.01492e-05 6.50897e-05 0 0 0.925093 0.379741 0 0
145.044 706.842 2.6475 4.9765 6.04147 600 0 1096 7 14 0.000218419 7.4609e-05 0 0 0.941388 0.337327 0 0
135.627 706.089 2.6475 4.9765 6.04147 600 0 1058 7 14 7.63254e-05 0.00016094 0 0 0.943738 0.330695 0 0
126.237 707.021 2.6475 4.9765 6.04147 600 0 1020 7 14 0.000237771 -0.000207096 0 0 0.97557 0.219688 0 0
116.97 705.225 2.6475 4.9765 6.04147 600 0 982 7 14 3.18278e-05 0.000211056 0 0 0.975328 0.220762 0 0
108.354 701.407 2.6475 4.9765 6.04147 600 0 944 7 14 0.00027429 -1.52973e-05 0 0 0.999846 0.0175505 0 0
109.348 710.77 2.6475 4.9765 6.04147 0.1 0 0 7 15 8.80508e-06 -3.44717e-05 0 0 4.98239e-310 4.98239e-310 0 0
100 712 2.6475 4.9765 6.04147 0.1 0 0 7 7 0.000305803 -0.0267137 0 0 4.98239e-310 4.98239e-310 0 0
100 721 2.6475 4.9765 6.04147 0.1 0 0 7 7 -0 -0 0 0 1.16896e-320 0 0 0
100 730 2.6475 4.9765 6.04147 0.1 0 0 7 7 -0 -0 0 0 3.81959e-312 3.22543e-311 0 0
100 739 2.6475 4.9765 6.04147 0.1 0 0 7 7 -0 -0 0 0 6.88233e-321 4.98239e-310 0 0
100 748 2.6475 4.9765 6.04147 0.1 0 0 7 7 -0 -0 0 0 0 4.98239e-310 0 0
100 757 2.6475 4.9765 6.04147 0.1 0 0 7 7 -0 -0 0 0 1.17094e-320 0 0 0
100 766 2.6475 4.9765 6.04147 0.1 0 0 7 7 -0 -0 0 0 4.98239e-310 5.03125e-311 0 0
100 775 2.6475 4.9765 6.04147 0.1 0 0 7 7 -0 -0 0 0 3.21143e-322 4.98239e-310 0 0
100 784 2.6475 4.9765 6.04147 0.1 0 0 7 7 -0 -0 0 0 2.53456e-321 3.16202e-322 0 0
100 793 2.6475 4.9765 6.04147 0.1 0 0 7 7 -0 -0 0 0 5.32833e-311 0 0 0
100 802 2.6475 4.9765 6.04147 0.1 0 0 7 7 -0 0.0266735 0 0 4.98239e-310 5.05459e-311 0 0
